,Date,DXY_close,IDCOTCTR_close,SKEW_close,WGREIT_close,VVIX_close,US10Y_close,US3M_close,USIG_close,USHY_close,VIX_close,CL_close,BCOMGC_close,SP_close,FESX_close,US_close,SI_close,N225_close,NQ_close,MOVE_close,TY_close,FGBL_close,JPY_close,CHF_close
0,2000-01-03,100.22,,,,,6.594,5.405,,,24.21,,52.38,1466.75,,89.88,,,,,95.08,,101.69,1.5648
1,2000-01-04,100.41,,,,,6.499,5.379,,,27.01,,51.31,1411.75,,90.62,5.335,19002.86,,,95.56,,103.14,1.5555
2,2000-01-05,100.38,,,,,6.599,5.43,,,26.41,,51.02,1413.5,,89.69,5.17,18542.55,,,94.88,,104.09,1.555
3,2000-01-06,100.65,,,,,6.54,5.393,,,25.73,,51.08,1404.0,,90.41,5.127,18168.27,,,95.2,,105.23,1.5536
4,2000-01-07,100.8,,,,,6.513,5.375,,,21.72,,51.17,1460.5,,90.94,5.15,18193.41,,,95.58,,105.33,1.5648
5,2000-01-10,100.99,,,,,6.554,5.384,,,21.71,,51.13,1475.0,,90.56,5.145,,,,95.34,,105.16,1.5685
6,2000-01-11,100.56,,,,,6.659,5.421,,,22.5,,51.44,1454.25,,89.59,5.15,18850.92,,,95.0,,106.02,1.5585
7,2000-01-12,100.62,,,,,6.701,5.42,,,22.84,,51.33,1442.0,,89.41,5.1,18677.42,,,94.39,,105.71,1.5629
8,2000-01-13,101.0,,,,,6.632,5.377,,,21.71,,51.59,1458.5,,90.28,5.115,18833.29,,,95.02,,106.02,1.5723
9,2000-01-14,101.72,,,,,6.688,5.4,,,19.66,,51.58,1478.0,,89.75,5.112,18956.55,,,94.61,,105.88,1.5925
10,2000-01-17,102.05,,,,,6.679,,,,,,,,,,,19437.23,,,,,104.89,1.5963
11,2000-01-18,101.86,,,,,6.753,5.373,,,21.5,,52.44,1469.5,,89.22,5.127,19196.57,,,94.12,,105.66,1.5921
12,2000-01-19,101.76,,,,,6.73,5.482,,,21.72,,52.58,1472.5,,89.53,5.135,18897.75,,,94.34,,105.26,1.5942
13,2000-01-20,101.36,,,,,6.79,5.429,,,21.75,,52.42,1457.0,,89.41,5.219,19008.01,,,94.06,,105.31,1.5835
14,2000-01-21,101.76,,,,,6.772,5.427,,,20.82,,52.48,1453.75,,89.72,5.222,18878.09,,,93.98,,104.72,1.5962
15,2000-01-24,102.2,,,,,6.689,5.447,,,24.07,,52.17,1411.75,,90.34,5.255,19056.71,,,94.56,,105.65,1.6002
16,2000-01-25,102.41,,,,,6.694,5.567,,,23.02,,51.88,1417.5,,90.59,5.277,18895.53,,,94.48,,105.87,1.6115
17,2000-01-26,102.44,,,,,6.666,5.561,,,23.03,,51.9,1415.0,,91.25,5.25,19111.19,,,94.61,,105.58,1.6103
18,2000-01-27,103.17,,,,,6.699,5.565,,,23.54,,52.04,1409.75,,91.94,5.382,19209.72,,,94.58,,104.99,1.6323
19,2000-01-28,104.48,,,,,6.575,5.625,,,26.14,,51.34,1366.5,,92.94,5.307,19434.78,,,94.89,,107.06,1.6498
20,2000-01-31,105.13,,,,,6.662,5.692,,,24.95,,51.38,1401.0,,92.22,5.287,19539.7,,,94.78,,107.2,1.6566
21,2000-02-01,104.92,,,,,6.626,5.692,,,23.45,,51.24,1416.75,,92.88,5.223,19423.38,,,95.09,,107.74,1.6562
22,2000-02-02,104.79,,,,,6.575,5.597,,,23.12,,51.65,1415.5,,93.47,5.212,19578.91,,,95.22,,108.1,1.6506
23,2000-02-03,103.8,,,,,6.448,5.612,,,22.01,,52.04,1436.5,,94.44,5.26,19786.42,,,95.86,,107.45,1.6224
24,2000-02-04,104.29,,,,,6.558,5.625,,,21.54,,56.19,1431.5,,94.12,5.547,19763.13,,,95.47,,107.18,1.6345
25,2000-02-07,104.64,,,,,6.645,5.614,,,22.79,,54.66,1427.25,,93.38,5.26,19945.43,,,94.78,,108.91,1.6381
26,2000-02-08,104.22,,,,,6.618,5.682,,,21.25,,54.16,1446.25,,94.53,5.318,19868.88,,,95.11,,109.4,1.6313
27,2000-02-09,103.68,,,,,6.581,5.629,,,22.9,,55.4,1418.25,,93.59,5.408,20007.77,,,94.59,,108.76,1.6179
28,2000-02-10,104.13,,,,,6.673,5.654,,,23.07,,57.21,1419.25,,92.81,5.405,19710.02,,,94.2,,109.11,1.6302
29,2000-02-11,104.19,,,,,6.595,5.633,,,24.42,,56.3,1396.75,,93.31,5.332,,,,94.41,,108.8,1.6263
30,2000-02-14,104.72,,,,,6.56,5.593,,,24.38,,55.83,1398.75,,94.12,5.255,19556.46,,,95.0,,108.83,1.6429
31,2000-02-15,104.69,,,,,6.552,5.63,,,22.92,,54.59,1410.0,,93.75,5.245,19367.83,,,94.8,,109.07,1.6367
32,2000-02-16,104.28,,,,,6.543,5.712,,,23.51,,54.76,1392.75,,93.69,5.292,19599.18,,,94.78,,109.35,1.6258
33,2000-02-17,104.27,,,,,6.56,5.732,,,23.17,,54.54,1385.5,,94.16,5.255,19791.4,,,94.56,,110.41,1.6238
34,2000-02-18,104.63,,,,,6.483,5.729,,,26.0,,55.17,1353.25,,94.88,5.273,19789.03,,,95.08,,110.85,1.627
35,2000-02-21,104.58,,,,,,,,,,,,,,,,19543.75,,,,,111.25,1.6233
36,2000-02-22,103.28,,,,,6.363,5.767,,,25.86,,55.24,1349.0,,95.84,5.283,19390.58,,,96.11,,110.68,1.6022
37,2000-02-23,103.53,,,,,6.422,5.807,,,23.89,,54.29,1365.25,,95.19,5.256,19519.55,,,95.56,,111.25,1.6065
38,2000-02-24,104.01,,,,,6.367,5.806,,,24.38,,54.02,1353.25,,95.5,5.166,19571.44,,,96.2,,111.3,1.6203
39,2000-02-25,105.26,,,,,6.337,5.782,,,25.2,,52.89,1338.0,,94.91,5.036,19817.88,,,96.2,,110.15,1.6503
40,2000-02-28,105.27,,,,,6.418,5.802,,,24.68,,52.82,1347.75,,94.41,5.048,19720.1,,,95.64,,109.7,1.6533
41,2000-02-29,105.92,,,,,6.409,5.792,,,23.37,,52.82,1372.0,,95.06,5.048,19959.52,,,95.77,,110.19,1.6645
42,2000-03-01,104.89,,,,,6.384,5.749,,,21.64,,52.65,1385.0,,94.88,5.073,20081.67,,,95.92,,106.94,1.6507
43,2000-03-02,105.65,,,,,6.388,5.738,,,21.06,,52.01,1385.0,,95.19,5.008,20065.11,,,95.81,,107.8,1.6633
44,2000-03-03,106.0,,,,,6.379,5.787,,,19.21,,52.12,1410.75,,95.59,5.099,19927.54,,,96.02,,107.68,1.6738
45,2000-03-06,106.16,,,,,6.413,5.802,,,21.5,,51.95,1395.0,,95.22,5.053,19796.35,,,95.78,,107.42,1.6766
46,2000-03-07,106.09,,,,,6.371,5.812,,,24.31,,52.73,1351.75,,95.12,5.069,19944.24,,,95.94,,106.18,1.6748
47,2000-03-08,105.93,,,,,6.392,5.812,,,23.82,,52.14,1366.25,,94.91,5.077,19766.8,,,95.92,,107.17,1.672
48,2000-03-09,105.37,,,,,6.349,5.811,,,22.21,,52.56,1404.25,,95.03,5.097,19662.33,,,96.16,,106.51,1.6633
49,2000-03-10,105.71,,,,,6.387,5.787,,,21.24,,52.09,1417.75,,94.59,5.064,19750.4,,,95.89,,106.22,1.6714
50,2000-03-13,105.5,,,,,6.37,5.856,,,22.85,,52.35,1401.5,,94.72,5.064,19189.93,,,96.09,,105.69,1.6705
51,2000-03-14,105.3,,,,,6.294,5.857,,,24.41,,52.02,1380.0,,95.41,5.092,19141.84,,,96.56,,105.11,1.6645
52,2000-03-15,105.38,,,,,6.285,5.832,,,22.34,,52.0,1413.25,,95.81,5.127,19078.6,,,96.73,,105.62,1.6665
53,2000-03-16,105.18,,,,,6.247,5.842,,,20.77,,51.52,1478.0,,96.09,5.087,19253.23,,,96.97,,105.64,1.6593
54,2000-03-17,105.2,,,,,6.204,5.865,,,22.37,,51.16,1489.0,,96.53,5.092,19566.32,,,97.3,,106.66,1.6585
55,2000-03-20,105.15,,,,,6.192,5.88,,,22.96,,51.45,1478.0,,96.66,5.03,,,,97.3,,106.36,1.6567
56,2000-03-21,105.81,,,,,6.141,5.891,,,21.7,,52.16,1507.5,,96.88,5.121,19602.36,,,97.52,,106.7,1.6725
57,2000-03-22,106.04,,,,,6.12,5.885,,,21.49,,51.78,1517.5,,96.72,5.13,19733.59,,,97.61,,107.07,1.6736
58,2000-03-23,105.23,,,,,6.087,5.852,,,22.26,,51.27,1544.0,,97.06,5.09,19704.6,,,97.36,,107.28,1.6455
59,2000-03-24,104.77,,,,,6.191,5.881,,,23.31,,51.21,1555.5,,96.03,5.119,19958.08,,,96.7,,106.99,1.6245
60,2000-03-27,105.45,,,,,6.187,5.838,,,24.53,,50.38,1538.5,,96.09,5.093,20281.03,,,96.8,,105.82,1.6435
61,2000-03-28,105.53,,,,,6.153,5.875,,,24.86,,50.2,1530.25,,96.12,5.076,20374.34,,,96.91,,105.71,1.6558
62,2000-03-29,106.25,,,,,6.149,5.885,,,24.1,,49.58,1530.5,,96.09,4.956,20706.65,,,97.08,,105.64,1.6759
63,2000-03-30,105.47,,,,,6.048,5.868,,,25.47,,49.65,1504.25,,97.19,4.963,20441.5,,,97.81,,102.96,1.6575
64,2000-03-31,105.44,,,,,6.002,5.86,,,24.11,,50.06,1515.25,,97.69,5.02,20337.32,,,98.08,,102.8,1.6647
65,2000-04-03,105.54,,,,,5.965,5.815,,,24.03,,49.88,1528.25,,97.81,5.032,20726.99,,,98.27,,105.21,1.6525
66,2000-04-04,105.17,,,,,5.887,5.802,,,27.12,,50.98,1519.5,,98.69,5.14,20594.93,,,99.02,,104.82,1.6394
67,2000-04-05,105.29,,,,,5.87,5.853,,,28.41,,50.48,1505.5,,98.41,5.114,20462.77,,,98.77,,104.69,1.6365
68,2000-04-06,105.52,,,,,5.923,5.873,,,27.15,,50.29,1516.5,,98.53,5.112,20223.61,,,98.55,,105.45,1.6398
69,2000-04-07,105.97,,,,,5.845,5.87,,,24.39,,50.25,1529.0,,99.34,5.104,20252.81,,,98.88,,105.4,1.6435
70,2000-04-10,105.68,,,,,5.7695,5.841,,,25.99,,50.52,1521.5,,99.34,5.15,20619.06,,,99.2,,106.8,1.6336
71,2000-04-11,105.94,,,,,5.8828,5.823,,,27.25,,50.47,1519.0,,98.38,5.128,20522.52,,,98.55,,105.75,1.6418
72,2000-04-12,105.96,,,,,5.9473,5.827,,,28.98,,50.43,1476.75,,97.75,5.133,20833.21,,,97.89,,105.79,1.6428
73,2000-04-13,106.14,,,,,5.9297,5.758,,,29.4,,50.38,1456.0,,98.25,5.16,20526.42,,,98.28,,104.76,1.6478
74,2000-04-14,105.75,,,,,5.8602,5.764,,,33.49,,50.63,1367.5,,98.47,5.162,20434.68,,,98.53,,104.8,1.6314
75,2000-04-17,106.13,,,,,6.0391,5.755,,,28.95,,50.56,1412.75,,97.16,5.13,19008.64,,,97.84,,104.66,1.6493
76,2000-04-18,106.63,,,,,6.0469,5.781,,,26.12,,50.34,1452.75,,97.09,5.127,18969.52,,,97.77,,104.85,1.6663
77,2000-04-19,107.13,,,,,5.9961,5.796,,,27.02,,50.25,1440.25,,98.0,5.122,19086.62,,,98.3,,105.71,1.6694
78,2000-04-20,107.45,,,,,6.0,5.779,,,25.85,,50.08,1447.25,,98.06,4.989,18959.32,,,98.23,,105.8,1.6765
79,2000-04-21,,,,,,,,,,,,,,,,,18252.68,,,,,105.77,1.6753
80,2000-04-24,107.28,,,,,6.0195,5.744,,,27.37,,50.02,1437.0,,97.66,4.944,18480.15,,,98.23,,106.13,1.6759
81,2000-04-25,108.69,,,,,5.977,5.781,,,25.24,,49.77,1489.25,,97.06,5.008,18272.33,,,97.53,,106.14,1.7081
82,2000-04-26,108.55,,,,,5.977,5.738,,,26.97,,49.29,1475.5,,96.94,4.942,18134.31,,,97.55,,106.38,1.7024
83,2000-04-27,109.57,,,,,5.977,5.727,,,26.19,,49.52,1467.25,,96.25,4.958,18019.17,,,96.83,,108.15,1.7276
84,2000-04-28,110.14,,,,,6.2182,5.813,,,26.2,,48.87,1460.0,,96.56,4.96,17973.7,,,96.95,,108.2,1.7172
85,2000-05-01,109.63,,,,,5.977,5.796,,,25.88,,48.88,1477.0,,96.47,5.025,18403.08,,,96.72,,108.45,1.7075
86,2000-05-02,110.26,,,,,5.977,5.883,,,28.5,,49.27,1450.5,,95.84,5.025,18439.36,,,96.44,,108.97,1.7139
87,2000-05-03,111.26,,,,,5.977,5.843,,,31.63,,49.65,1422.5,,94.78,5.025,,,,95.95,,108.0,1.7246
88,2000-05-04,111.8,,,,,5.977,5.899,,,30.77,,50.02,1423.25,,93.81,5.123,,,,95.56,,108.58,1.7399
89,2000-05-05,111.31,,,,,6.5113,5.943,,,27.53,,49.83,1439.0,,93.56,5.006,,,,95.27,,108.56,1.7295
90,2000-05-08,111.45,,,,,5.977,5.984,,,28.2,,49.38,1430.5,,92.88,5.02,18199.96,,,94.98,,109.11,1.7248
91,2000-05-09,110.75,,,,,5.977,6.115,,,28.93,,49.49,1419.75,,93.44,5.04,17844.54,,,95.23,,109.35,1.7148
92,2000-05-10,110.8,,,,,5.977,6.083,,,29.87,,49.58,1387.75,,94.06,5.037,17701.47,,,95.73,,108.38,1.7191
93,2000-05-11,111.52,,,,,5.977,6.017,,,27.76,,49.19,1415.0,,94.25,5.021,16882.46,,,95.89,,108.32,1.7275
94,2000-05-12,109.9,,,,,6.5245,6.115,,,26.05,,49.26,1430.7,,93.5,5.019,17357.86,,,95.27,,108.38,1.6924
95,2000-05-15,110.56,,,,,5.977,6.078,,,24.86,,49.19,1457.7,,94.06,5.023,17313.69,,,95.55,,109.73,1.7075
96,2000-05-16,111.31,,,,,5.977,6.147,,,24.34,,49.16,1467.5,,94.53,5.108,17551.25,,,95.78,,108.91,1.7218
97,2000-05-17,112.1,,,,,5.977,6.041,,,23.98,,48.72,1456.7,,93.97,5.003,17404.03,,,95.44,,108.45,1.7342
98,2000-05-18,112.21,,,,,5.977,5.878,,,23.96,,48.7,1442.0,,93.06,5.02,17031.63,,,94.92,,106.91,1.7387
99,2000-05-19,111.47,,,,,6.4982,5.839,,,25.44,,48.84,1415.0,,93.28,4.995,16858.17,,,95.3,,107.02,1.7271
100,2000-05-22,111.06,,,,,5.977,5.828,,,26.0,,49.12,1403.75,,93.97,5.015,16386.01,,,95.89,,106.46,1.7218
101,2000-05-23,111.14,,,,,5.977,5.927,,,25.87,,48.84,1382.5,,93.94,5.016,16318.73,,,95.78,,107.66,1.7222
102,2000-05-24,111.22,,,,,5.977,5.89,,,24.32,,48.7,1401.75,,93.69,4.992,16044.44,,,95.69,,107.38,1.726
103,2000-05-25,110.75,,,,,5.977,5.842,,,24.58,,48.15,1389.0,,94.81,4.92,16247.82,,,96.28,,107.11,1.7135
104,2000-05-26,109.12,,,,,6.3273,5.786,,,24.47,,48.44,1381.25,,95.28,4.937,16008.14,,,96.73,,107.15,1.6815
105,2000-05-29,,,,,,,,,,,,,,,,,16245.44,,,,,106.48,1.6916
106,2000-05-30,108.93,,,,,5.977,5.725,,,23.62,,48.52,1427.25,,94.75,4.924,16228.9,,,96.41,,107.63,1.6867
107,2000-05-31,108.74,,,,,5.977,5.613,,,23.65,,48.4,1422.25,,95.69,4.941,16332.45,,,96.95,,108.5,1.681
108,2000-06-01,109.05,,,,,5.977,5.696,,,22.36,,48.51,1451.5,,96.5,4.941,16694.3,,,97.5,,107.95,1.6868
109,2000-06-02,108.12,,,,,6.1692,5.808,,,21.48,,50.06,1476.0,,96.72,5.026,16800.06,,,97.8,,108.05,1.6634
110,2000-06-05,107.46,,,,,6.1172,5.869,,,22.71,,50.76,1470.25,,97.06,5.051,17201.79,,,98.05,,105.85,1.66
111,2000-06-06,106.59,,,,,6.125,5.969,,,23.05,,51.39,1463.0,,97.03,5.086,17170.08,,,97.94,,105.58,1.646
112,2000-06-07,106.18,,,,,6.1484,5.895,,,22.48,,51.08,1472.0,,97.34,5.096,17144.96,,,98.0,,105.9,1.6301
113,2000-06-08,106.71,,,,,6.1289,5.894,,,22.77,,50.51,1466.5,,97.5,5.073,17004.34,,,98.08,,106.85,1.638
114,2000-06-09,106.99,,,,,6.1262,5.902,,,22.14,,50.44,1484.5,,97.41,5.04,16861.91,,,98.0,,106.9,1.642
115,2000-06-12,106.97,,,,,6.0781,5.838,,,22.32,,50.92,1469.0,,97.59,5.02,16980.61,,,98.27,,106.8,1.6379
116,2000-06-13,106.4,,,,,6.1094,5.742,,,21.67,,50.74,1494.5,,96.81,5.005,16914.95,,,98.06,,106.57,1.6289
117,2000-06-14,106.46,,,,,6.0469,5.801,,,21.48,,51.82,1498.0,,97.12,5.07,16654.42,,,98.55,,106.41,1.632
118,2000-06-15,106.88,,,,,6.0469,5.821,,,20.68,,51.45,1497.5,,97.22,5.057,16338.7,,,98.52,,106.35,1.6365
119,2000-06-16,105.96,,,,,5.9796,5.808,,,20.5,,51.29,1488.0,,97.81,5.068,16318.31,,,98.91,,106.41,1.6173
120,2000-06-19,106.33,,,,,6.0,5.776,,,20.63,,50.73,1504.5,,97.53,5.028,16591.35,,,98.73,,105.4,1.6307
121,2000-06-20,106.33,,,,,6.0195,5.784,,,20.88,,50.74,1499.0,,97.38,5.025,16907.55,,,98.61,,105.57,1.6287
122,2000-06-21,107.43,,,,,6.1094,5.78,,,20.61,,50.74,1498.5,,96.88,4.96,17210.08,,,98.27,,104.53,1.6403
123,2000-06-22,107.71,,,,,6.1055,5.779,,,22.0,,50.58,1476.25,,96.53,4.968,17106.01,,,97.75,,104.61,1.6547
124,2000-06-23,108.01,,,,,6.1852,5.839,,,22.34,,50.16,1463.5,,95.94,4.948,16963.21,,,97.39,,104.78,1.6576
125,2000-06-26,108.11,,,,,6.1016,5.799,,,22.45,,50.28,1479.0,,96.47,4.975,16925.4,,,97.98,,105.37,1.6517
126,2000-06-27,107.36,,,,,6.0898,5.828,,,21.8,,50.64,1471.0,,96.78,4.958,17279.06,,,97.98,,105.38,1.6351
127,2000-06-28,107.6,,,,,6.1055,5.798,,,20.29,,51.84,1471.25,,96.47,4.989,17370.17,,,97.88,,105.21,1.6464
128,2000-06-29,106.84,,,,,6.0352,5.831,,,19.7,,51.2,1458.0,,97.5,4.997,17475.9,,,98.38,,106.01,1.6357
129,2000-06-30,106.84,,,,,6.027,5.86,,,19.54,,51.34,1468.0,,97.34,5.033,17411.05,,,98.48,,106.0,1.6344
130,2000-07-03,107.06,,,,,5.9908,5.858,,,19.83,,,1490.5,,97.69,,17614.66,,,98.84,,106.1,1.6369
131,2000-07-04,107.29,,,,,,,,,,,,,,,,17470.15,,,,,106.93,1.6328
132,2000-07-05,107.12,,,,,5.9844,5.984,,,21.16,,50.25,1463.25,,97.72,4.993,17435.95,,,98.94,,107.33,1.6235
133,2000-07-06,107.37,,,,,6.0469,5.998,,,20.94,,50.13,1473.75,,97.19,5.004,17282.37,,,98.55,,107.88,1.6255
134,2000-07-07,107.65,,,,,6.0148,6.016,,,19.22,,50.13,1494.75,,97.62,4.986,17398.24,,,98.86,,107.88,1.6275
135,2000-07-10,107.01,,,,,6.043,6.041,,,20.33,,50.18,1491.5,,97.56,5.006,17572.68,,,98.7,,107.07,1.6232
136,2000-07-11,107.14,,,,,6.0547,5.917,,,20.11,,49.9,1494.75,,97.56,4.963,17504.36,,,98.58,,108.13,1.6279
137,2000-07-12,108.12,,,,,6.0781,6.164,,,20.03,,49.56,1505.75,,97.53,4.976,17342.13,,,98.38,,108.05,1.6521
138,2000-07-13,108.54,,,,,6.0078,6.166,,,20.03,,49.47,1509.5,,98.44,4.983,17036.9,,,98.89,,107.81,1.6541
139,2000-07-14,108.45,,,,,6.1005,6.162,,,19.32,,49.65,1524.0,,97.53,5.003,17142.9,,,98.17,,107.85,1.6512
140,2000-07-17,108.7,,,,,6.1484,6.146,,,19.45,,50.07,1522.0,,96.91,5.018,17286.83,,,97.83,,108.22,1.6535
141,2000-07-18,109.38,,,,,6.1445,6.131,,,19.75,,49.88,1511.5,,96.94,5.022,16945.07,,,97.86,,108.15,1.6752
142,2000-07-19,109.59,,,,,6.1641,6.146,,,19.65,,49.28,1500.25,,96.91,4.982,16983.57,,,97.86,,107.5,1.6762
143,2000-07-20,108.61,,,,,6.0117,6.181,,,18.94,,49.4,1516.25,,98.47,4.996,,,,98.88,,108.97,1.6618
144,2000-07-21,108.42,,,,,5.9977,6.1,,,18.94,,49.44,1489.5,,98.69,4.926,16811.49,,,98.97,,108.92,1.6605
145,2000-07-24,108.69,,,,,6.0273,6.141,,,19.92,,49.23,1481.5,,98.44,4.946,16547.12,,,98.67,,109.12,1.6648
146,2000-07-25,108.38,,,,,6.0312,6.134,,,19.39,,49.23,1484.5,,98.53,4.992,16573.59,,,98.77,,109.11,1.6534
147,2000-07-26,108.11,,,,,6.0273,6.177,,,19.67,,49.3,1469.0,,98.44,4.952,16502.61,,,98.78,,109.2,1.6479
148,2000-07-27,108.89,,,,,6.0,6.197,,,19.6,,49.11,1463.75,,98.94,4.967,16182.01,,,99.02,,109.63,1.6638
149,2000-07-28,109.74,,,,,6.0356,6.183,,,20.84,,49.0,1432.0,,98.72,4.968,15838.57,,,98.86,,109.52,1.6757
150,2000-07-31,109.57,,,,,6.0391,6.203,,,20.74,,48.83,1439.0,,98.59,5.006,15727.49,,,98.89,,109.23,1.6708
151,2000-08-01,110.05,,,,,5.9883,6.136,,,20.55,,48.83,1447.5,,98.97,4.996,16099.67,,,99.19,,108.68,1.6893
152,2000-08-02,110.67,,,,,5.9336,6.24,,,20.0,,48.76,1452.5,,99.03,4.991,16206.19,,,99.36,,108.33,1.6884
153,2000-08-03,110.98,,,,,5.9531,6.218,,,19.99,,48.19,1461.5,,99.38,4.974,15814.44,,,99.5,,108.58,1.7043
154,2000-08-04,110.85,,,,,5.9055,6.209,,,18.62,,48.04,1471.75,,99.69,4.912,15667.36,,,99.8,,108.62,1.7055
155,2000-08-07,110.8,,,,,5.9609,6.234,,,19.03,,48.12,1486.25,,99.31,4.939,16002.71,,,99.48,,108.57,1.706
156,2000-08-08,111.32,,,,,5.918,6.102,,,18.79,,48.06,1491.75,,99.66,4.904,15820.11,,,99.77,,107.92,1.7115
157,2000-08-09,111.44,,,,,5.918,6.219,,,19.18,,47.81,1481.0,,99.78,4.89,16034.6,,,99.83,,107.7,1.7155
158,2000-08-10,110.9,,,,,5.7617,6.239,,,19.19,,47.87,1474.25,,100.06,4.9,15975.65,,,99.98,,108.46,1.7045
159,2000-08-11,111.21,,,,,5.7906,6.236,,,18.55,,48.33,1478.5,,99.66,4.923,16117.5,,,99.59,,108.53,1.7218
160,2000-08-14,111.08,,,,,5.7695,6.268,,,17.88,,48.21,1498.0,,100.0,4.888,16153.91,,,99.73,,109.03,1.7188
161,2000-08-15,110.51,,,,,5.8008,6.251,,,17.98,,48.21,1494.75,,99.75,4.863,16298.29,,,99.56,,108.4,1.7108
162,2000-08-16,110.26,,,,,5.8359,6.255,,,18.02,,48.68,1491.5,,99.47,4.855,16356.03,,,99.44,,108.54,1.706
163,2000-08-17,110.11,,,,,5.8203,6.254,,,17.48,,48.73,1503.5,,99.78,4.868,16161.03,,,99.5,,108.27,1.707
164,2000-08-18,111.01,,,,,5.7769,6.256,,,17.05,,48.57,1500.75,,100.09,4.842,16280.49,,,99.73,,108.41,1.7213
165,2000-08-21,111.46,,,,,5.7852,6.255,,,17.35,,48.28,1506.75,,99.84,4.855,16040.18,,,99.66,,108.3,1.7312
166,2000-08-22,111.79,,,,,5.7773,6.263,,,17.47,,47.99,1507.5,,99.91,4.835,16454.74,,,99.72,,106.98,1.7392
167,2000-08-23,111.42,,,,,5.7266,6.283,,,17.38,,47.54,1510.25,,100.38,4.79,16436.65,,,100.11,,106.99,1.7196
168,2000-08-24,111.23,,,,,5.7188,6.282,,,17.04,,47.85,1515.25,,100.5,4.852,16670.82,,,100.12,,106.8,1.712
169,2000-08-25,111.35,,,,,5.733,6.289,,,16.53,,48.04,1513.5,,100.44,4.887,16911.33,,,100.12,,106.85,1.7091
170,2000-08-28,111.46,,,,,5.7695,6.298,,,16.54,,48.02,1518.75,,99.84,4.927,17181.12,,,99.8,,106.13,1.7143
171,2000-08-29,112.2,,,,,5.8125,6.306,,,16.89,,47.85,1518.25,,99.53,4.943,17141.75,,,99.56,,106.61,1.7333
172,2000-08-30,112.14,,,,,5.793,6.323,,,17.69,,47.97,1503.5,,99.69,4.93,16901.67,,,99.59,,106.67,1.729
173,2000-08-31,112.6,,,,,5.7266,6.307,,,16.84,,48.64,1521.25,,100.38,5.003,16861.26,,,100.16,,105.95,1.7412
174,2000-09-01,111.42,,,,,5.685,6.263,,,17.53,,48.44,1523.25,,100.56,5.004,16739.78,,,100.53,,106.0,1.7247
175,2000-09-04,,,,,,,,,,,,,,,,,16688.21,,,,,105.86,1.7306
176,2000-09-05,112.41,,,,,5.6875,6.233,,,19.82,,48.23,1512.25,,100.56,4.998,16452.27,,,100.53,,105.93,1.745
177,2000-09-06,114.12,,,,,5.7266,6.203,,,20.79,,47.92,1494.0,,100.06,4.983,16399.87,,,100.27,,105.14,1.7789
178,2000-09-07,113.65,,,,,5.75,6.186,,,19.42,,47.88,1506.5,,99.84,4.935,16300.46,,,100.03,,106.11,1.7767
179,2000-09-08,114.34,,,,,5.7368,6.142,,,18.46,,47.73,1519.0,,100.12,4.923,16501.55,,,100.25,,106.13,1.7828
180,2000-09-11,115.37,,,,,5.7734,6.104,,,18.4,,47.73,1514.0,,99.72,4.885,16130.9,,,100.03,,106.92,1.7738
181,2000-09-12,115.17,,,,,5.7773,6.084,,,18.59,,47.69,1504.0,,99.62,4.909,16040.23,,,100.03,,107.06,1.7655
182,2000-09-13,115.34,,,,,5.7305,6.073,,,18.32,,47.68,1507.5,,99.91,4.892,16190.52,,,100.34,,107.41,1.7714
183,2000-09-14,115.16,,,,,5.793,6.134,,,18.26,,47.59,1502.75,,99.09,4.888,16213.28,,,100.06,,107.26,1.7712
184,2000-09-15,115.94,,,,,5.8373,6.136,,,18.52,,47.56,1483.5,,98.31,4.868,,,,99.89,,107.12,1.7865
185,2000-09-18,116.0,,,,,5.8711,6.13,,,20.25,,47.4,1467.25,,97.91,4.876,16061.16,,,99.83,,106.95,1.7835
186,2000-09-19,116.11,,,,,5.8555,6.121,,,19.54,,47.49,1478.5,,98.12,4.883,16124.19,,,99.92,,106.6,1.7763
187,2000-09-20,116.41,,,,,5.9023,6.12,,,19.93,,46.99,1469.0,,98.06,4.83,16458.31,,,99.95,,106.64,1.7765
188,2000-09-21,115.27,,,,,5.8477,6.145,,,20.18,,47.16,1469.5,,98.09,4.872,16311.05,,,99.66,,108.0,1.7615
189,2000-09-22,113.56,,,,,5.8479,6.157,,,20.74,,47.44,1468.5,,98.16,4.91,15818.25,,,99.88,,107.95,1.7333
190,2000-09-25,114.06,,,,,5.8359,6.146,,,21.41,,47.81,1461.0,,98.34,4.915,15992.9,,,99.94,,107.47,1.7348
191,2000-09-26,113.16,,,,,5.8008,6.144,,,21.88,,47.81,1443.0,,98.78,4.931,15928.62,,,100.19,,107.23,1.7251
192,2000-09-27,113.11,,,,,5.8203,6.172,,,21.67,,48.56,1447.0,,98.34,4.968,15639.95,,,100.12,,107.65,1.7247
193,2000-09-28,113.31,,,,,5.8242,6.218,,,19.47,,48.09,1476.0,,98.5,4.953,15626.96,,,100.12,,108.13,1.7327
194,2000-09-29,113.25,,,,,5.8078,6.209,,,20.57,,47.74,1453.75,,98.66,4.899,15747.26,,,100.22,,108.1,1.7247
195,2000-10-02,113.79,,,,,5.8281,6.193,,,21.23,,47.64,1456.25,,98.09,4.906,15902.51,,,100.19,,108.89,1.7368
196,2000-10-03,114.22,,,,,5.8594,6.23,,,21.85,,47.38,1441.5,,97.88,4.913,15912.09,,,99.89,,109.19,1.7323
197,2000-10-04,114.17,,,,,5.8945,5.9,,,21.54,,47.11,1450.25,,97.81,4.874,16149.08,,,99.77,,109.08,1.7347
198,2000-10-05,114.74,,,,,5.8555,6.228,,,21.03,,47.14,1456.0,,98.28,4.889,16099.26,,,100.0,,108.73,1.7513
199,2000-10-06,114.85,,,,,5.8205,6.224,,,22.71,,46.92,1426.75,,98.88,4.883,15994.24,,,100.23,,108.84,1.7495
200,2000-10-09,114.81,,,,,5.8203,6.228,,,24.02,,47.06,1416.5,,,4.885,,,,,,107.72,1.7515
201,2000-10-10,114.36,,,,,5.7969,6.207,,,24.86,,47.44,1391.0,,99.16,4.918,15827.72,,,100.39,,107.74,1.7436
202,2000-10-11,114.49,,,,,5.7734,5.905,,,26.57,,47.07,1378.75,,99.19,4.87,15513.57,,,100.55,,107.75,1.7449
203,2000-10-12,114.89,,,,,5.7031,6.166,,,30.51,,48.07,1344.5,,99.5,4.923,15550.64,,,100.94,,107.7,1.7435
204,2000-10-13,115.86,,,,,5.732,6.142,,,27.6,,47.38,1385.5,,99.5,4.883,15330.31,,,100.94,,107.83,1.7703
205,2000-10-16,116.39,,,,,5.7305,6.214,,,26.79,,47.23,1391.5,,99.34,4.881,15512.32,,,100.83,,107.91,1.7748
206,2000-10-17,115.89,,,,,5.6758,6.204,,,27.84,,47.14,1359.75,,100.09,4.843,15340.22,,,101.28,,107.66,1.7682
207,2000-10-18,117.33,,,,,5.6914,6.203,,,28.72,,47.0,1352.75,,100.03,4.853,14872.48,,,101.28,,108.33,1.7873
208,2000-10-19,116.94,,,,,5.6562,6.317,,,25.09,,46.95,1401.0,,100.25,4.828,14811.08,,,101.33,,108.83,1.7843
209,2000-10-20,117.16,,,,,5.6377,6.298,,,24.24,,47.12,1411.0,,100.62,4.828,15198.73,,,101.55,,108.85,1.7817
210,2000-10-23,117.54,,,,,5.5938,6.334,,,24.69,,46.9,1417.25,,101.22,4.786,15097.96,,,101.86,,107.94,1.7958
211,2000-10-24,117.42,,,,,5.625,6.345,,,24.28,,46.92,1403.0,,100.81,4.799,15148.19,,,101.62,,108.21,1.7983
212,2000-10-25,118.49,,,,,5.6875,6.344,,,26.65,,46.19,1374.0,,100.34,4.764,14840.47,,,101.3,,108.24,1.8213
213,2000-10-26,118.5,,,,,5.6914,6.354,,,28.62,,45.97,1371.25,,100.5,4.731,14858.43,,,101.28,,108.53,1.8217
214,2000-10-27,117.39,,,,,5.7276,6.319,,,26.47,,45.85,1401.0,,100.41,4.746,14582.2,,,101.03,,108.66,1.8057
215,2000-10-30,117.25,,,,,5.7344,6.328,,,25.46,,45.83,1411.25,,100.34,4.748,14464.56,,,100.94,,108.96,1.8095
216,2000-10-31,116.65,,,,,5.7578,6.351,,,23.63,,45.94,1440.25,,99.84,4.754,14539.6,,,100.7,,108.79,1.7975
217,2000-11-01,115.56,,,,,5.7422,6.355,,,24.28,,45.76,1432.0,,100.03,4.774,14872.39,,,100.86,,108.25,1.7741
218,2000-11-02,115.61,,,,,5.7422,6.354,,,23.92,,45.85,1435.0,,99.94,4.711,14837.78,,,100.97,,108.15,1.776
219,2000-11-03,114.97,,,,,5.827,6.377,,,23.67,,45.88,1436.25,,99.03,4.741,,,,100.36,,106.95,1.7537
220,2000-11-06,115.69,,,,,5.8438,6.37,,,24.52,,45.87,1446.5,,98.78,4.761,15371.44,,,100.14,,107.36,1.7671
221,2000-11-07,115.52,,,,,5.8675,6.39,,,24.91,,45.76,1444.0,,98.78,4.721,15340.33,,,100.16,,107.06,1.7679
222,2000-11-08,116.23,,,,,5.8555,6.386,,,25.66,,45.88,1413.25,,99.03,4.739,15399.64,,,100.25,,107.23,1.7751
223,2000-11-09,115.34,,,,,5.8047,6.377,,,27.2,,46.02,1403.25,,99.38,4.749,15060.05,,,100.61,,107.58,1.7551
224,2000-11-10,115.79,,,,,5.7974,6.308,,,28.53,,45.78,1372.5,,99.19,4.707,14988.54,,,100.72,,107.83,1.7717
225,2000-11-13,115.7,,,,,5.7695,6.36,,,29.06,,45.76,1358.75,,99.66,4.672,14664.64,,,100.92,,107.54,1.7687
226,2000-11-14,116.22,,,,,5.7656,6.293,,,26.81,,45.78,1394.5,,99.97,4.679,14660.04,,,101.0,,108.16,1.7734
227,2000-11-15,116.35,,,,,5.7109,6.355,,,26.15,,45.81,1397.5,,100.47,4.672,14799.14,,,101.25,,108.76,1.7795
228,2000-11-16,116.93,,,,,5.6641,6.333,,,25.05,,45.93,1379.25,,100.72,4.66,14587.03,,,101.45,,108.84,1.7883
229,2000-11-17,117.31,,,,,5.7064,6.335,,,24.81,,45.91,1370.5,,100.38,4.645,14544.3,,,101.3,,108.78,1.7995
230,2000-11-20,117.35,,,,,5.6719,6.318,,,27.43,,46.02,1347.0,,100.53,4.642,14531.65,,,101.47,,109.69,1.7927
231,2000-11-21,117.95,,,,,5.6641,6.325,,,26.62,,45.88,1355.75,,100.75,4.627,14408.46,,,101.5,,109.92,1.8047
232,2000-11-22,117.85,,,,,5.6289,6.343,,,27.71,,45.98,1323.0,,101.81,4.625,14301.31,,,101.86,,110.16,1.8007
233,2000-11-23,118.09,,,,,,,,,,,,,,,,,,,,,110.35,1.8141
234,2000-11-24,118.48,,,,,5.6368,6.35,,,26.0,,,1346.5,,101.5,,14315.35,,,101.69,,111.23,1.8057
235,2000-11-27,117.1,,,,,5.625,6.318,,,26.93,,46.61,1358.75,,101.22,4.695,14720.39,,,101.67,,110.57,1.7761
236,2000-11-28,116.58,,,,,5.5859,6.272,,,27.64,,46.55,1338.5,,101.53,4.698,14658.87,,,102.03,,110.17,1.7621
237,2000-11-29,116.61,,,,,5.5195,6.219,,,27.49,,46.03,1335.25,,101.78,4.615,14507.64,,,102.27,,111.32,1.7611
238,2000-11-30,115.24,,,,,5.4766,6.207,,,29.65,,46.66,1321.5,,102.59,4.674,14648.51,,,102.88,,110.37,1.7293
239,2000-12-01,114.73,,,,,5.5175,6.209,,,27.48,,46.43,1320.5,,102.06,4.64,14835.33,,,102.45,,111.19,1.7223
240,2000-12-04,113.71,,,,,5.5547,6.156,,,27.78,,46.75,1341.5,,101.84,4.714,14954.73,,,102.44,,111.06,1.6975
241,2000-12-05,114.47,,,,,5.4258,6.084,,,24.99,,46.66,1330.5,,102.69,4.704,14695.05,,,102.98,,110.74,1.7151
242,2000-12-06,113.31,,,,,5.3203,6.083,,,25.07,,47.35,1374.25,,103.53,4.754,14889.37,,,103.53,,110.16,1.6997
243,2000-12-07,113.54,,,,,5.3086,6.092,,,25.34,,47.14,1354.0,,103.66,4.724,14720.36,,,103.55,,110.54,1.7001
244,2000-12-08,114.05,,,,,5.2986,6.074,,,22.41,,46.97,1356.5,,103.31,4.648,14696.51,,,103.27,,110.9,1.7143
245,2000-12-11,114.29,,,,,5.3594,6.068,,,23.51,,46.63,1403.0,,103.25,4.656,15015.7,,,103.16,,110.72,1.7141
246,2000-12-12,114.26,,,,,5.3516,6.063,,,24.88,,46.65,1399.25,,103.41,4.66,15114.64,,,103.27,,111.57,1.7137
247,2000-12-13,114.71,,,,,5.2578,6.041,,,23.63,,46.31,1377.75,,104.03,4.623,15168.68,,,103.72,,112.36,1.7153
248,2000-12-14,113.38,,,,,5.2148,6.03,,,24.86,,46.36,1358.0,,104.47,4.598,14927.19,,,104.08,,112.13,1.6905
249,2000-12-15,112.9,,,,,5.1801,6.006,,,26.55,,46.6,1326.0,,104.72,4.563,14552.29,,,104.3,,112.42,1.6823
250,2000-12-18,113.07,,,,,5.1719,5.937,,,27.7,,46.44,1346.5,,104.56,4.575,14483.9,,,104.44,,112.12,1.6817
251,2000-12-19,113.21,,,,,5.1914,5.917,,,27.17,,46.44,1318.0,,104.47,4.585,14132.37,,,104.12,,112.65,1.6825
252,2000-12-20,111.97,,,,,5.0391,5.749,,,31.74,,46.9,1318.0,,105.12,4.596,13914.43,,,105.06,,112.89,1.6683
253,2000-12-21,111.51,,,,,5.0391,5.435,,,29.66,,47.08,1279.5,,105.41,4.599,13423.21,,,105.34,,112.11,1.6605
254,2000-12-22,110.82,,,,,5.0142,5.235,,,27.55,,47.04,1326.75,,105.59,4.611,13427.08,,,105.52,,112.8,1.6445
255,2000-12-25,,,,,,,,,,,,,,,,,13931.61,,,,,113.02,1.6443
256,2000-12-26,110.31,,,,,5.0547,5.796,,,28.73,,47.11,1337.0,,105.38,4.623,14007.85,,,105.42,,113.73,1.6339
257,2000-12-27,110.32,,,,,5.1055,5.759,,,28.14,,47.28,1350.5,,104.81,4.583,13981.49,,,104.89,,114.26,1.6365
258,2000-12-28,110.38,,,,,5.1211,5.967,,,26.57,,46.73,1353.25,,104.78,4.587,13946.96,,,104.7,,114.59,1.6347
259,2000-12-29,109.56,,,,,5.1116,5.869,,,26.85,,46.72,1335.0,,104.62,4.585,13785.69,,,104.86,,114.38,1.6105
260,2001-01-01,,,,,,,,,,,,,,,,,,,,,,114.57,
261,2001-01-02,108.77,,,,,4.918,5.822,,,29.99,,46.1,1299.75,,106.28,4.545,,,,106.19,,114.4,1.6017
262,2001-01-03,110.17,,,,,5.1523,5.655,,,26.6,,45.98,1359.25,,104.44,4.49,,,,104.77,,113.84,1.6311
263,2001-01-04,108.81,,,,,5.0391,5.373,,,26.97,,45.83,1348.25,,105.12,4.532,13691.49,,,105.55,,116.09,1.6063
264,2001-01-05,108.42,,,,,4.9286,5.09,,,28.67,,45.93,1304.5,,105.59,4.555,13867.61,,,106.11,,116.45,1.5989
265,2001-01-08,108.86,,,,,4.9563,5.1,,,29.84,,45.93,1309.5,,105.59,4.545,,,,106.38,,116.1,1.6079
266,2001-01-09,109.52,,,,,4.9922,5.224,,,27.99,,45.84,1309.5,,105.28,4.55,13610.51,,,105.97,,117.07,1.6131
267,2001-01-10,109.86,,,,,5.0977,5.218,,,26.8,,45.35,1327.0,,104.5,4.535,13432.65,,,105.33,,116.45,1.6285
268,2001-01-11,109.01,,,,,5.1094,5.238,,,25.79,,45.22,1334.5,,103.72,4.557,13201.07,,,105.11,,117.91,1.6123
269,2001-01-12,109.36,,,,,5.2546,5.266,,,24.56,,45.2,1330.25,,102.91,4.622,13347.74,,,104.36,,118.47,1.6187
270,2001-01-15,109.97,,,,,,,,,,,,,,,,13506.23,,,,,119.11,1.6353
271,2001-01-16,110.11,,,,,5.2305,5.307,,,25.28,,45.08,1335.5,,103.19,4.677,13584.45,,,104.52,,117.71,1.6357
272,2001-01-17,110.81,,,,,5.1758,5.342,,,24.93,,45.04,1341.75,,104.06,4.71,13667.63,,,105.02,,119.17,1.6445
273,2001-01-18,109.94,,,,,5.1133,5.258,,,23.37,,45.23,1356.0,,104.75,4.794,13873.92,,,105.53,,117.9,1.6187
274,2001-01-19,110.66,,,,,5.1702,5.225,,,23.24,,45.25,1348.5,,103.72,4.749,13989.12,,,105.02,,117.13,1.6381
275,2001-01-22,110.24,,,,,5.2266,5.245,,,23.25,,45.62,1358.5,,103.19,4.774,14032.42,,,104.67,,116.46,1.6301
276,2001-01-23,110.24,,,,,5.2852,5.218,,,21.57,,45.57,1366.0,,102.59,4.776,13984.66,,,104.28,,116.61,1.6325
277,2001-01-24,111.68,,,,,5.3047,5.218,,,22.03,,45.2,1370.25,,102.44,4.768,13893.58,,,104.14,,117.9,1.6595
278,2001-01-25,111.61,,,,,5.2461,5.253,,,22.64,,45.23,1364.5,,102.94,4.785,13803.38,,,104.38,,116.62,1.6503
279,2001-01-26,111.46,,,,,5.2658,5.163,,,22.57,,44.89,1363.25,,102.78,4.805,13696.06,,,104.39,,117.32,1.6521
280,2001-01-29,111.77,,,,,5.3125,5.115,,,22.61,,44.89,1370.0,,102.44,4.803,13845.28,,,104.27,,116.74,1.6593
281,2001-01-30,110.98,,,,,5.2305,5.01,,,22.57,,45.37,1382.0,,103.47,4.796,13826.65,,,104.78,,115.65,1.6461
282,2001-01-31,110.52,,,,,5.0273,4.958,,,22.02,,45.37,1373.0,,104.06,4.791,13843.55,,,105.22,,116.68,1.6351
283,2001-02-01,109.66,,,,,5.0859,4.993,,,21.66,,45.82,1382.5,,105.12,4.79,13779.55,,,105.73,,115.42,1.6313
284,2001-02-02,110.32,,,,,5.1585,5.038,,,21.95,,45.59,1353.25,,104.41,4.768,13703.63,,,105.27,,115.63,1.6451
285,2001-02-05,109.89,,,,,5.168,5.058,,,22.19,,45.26,1362.0,,104.69,4.678,13385.52,,,105.27,,114.71,1.6391
286,2001-02-06,110.77,,,,,5.1836,5.031,,,21.98,,44.92,1356.25,,104.34,4.653,13269.85,,,104.95,,114.74,1.6559
287,2001-02-07,110.89,,,,,5.1133,5.051,,,21.67,,44.84,1349.5,,104.34,4.611,13366.01,,,105.12,,116.16,1.6547
288,2001-02-08,112.06,,,,,5.0859,5.071,,,21.46,,44.38,1335.0,,104.34,4.56,13138.23,,,105.09,,116.71,1.6705
289,2001-02-09,111.52,,,,,5.0321,5.048,,,22.03,,44.35,1321.5,,105.0,4.553,13422.83,,,105.55,,117.5,1.6599
290,2001-02-12,111.19,,,,,5.0508,5.048,,,21.92,,44.47,1333.5,,104.41,4.553,,,,105.33,,117.31,1.6529
291,2001-02-13,111.96,,,,,5.0625,5.031,,,21.37,,44.38,1326.0,,104.22,4.553,13274.7,,,105.17,,116.6,1.6684
292,2001-02-14,112.04,,,,,5.1562,5.051,,,21.52,,44.22,1319.75,,104.03,4.508,13284.06,,,104.83,,116.19,1.6705
293,2001-02-15,113.2,,,,,5.168,5.066,,,20.27,,43.49,1333.0,,103.22,4.513,13327.39,,,104.41,,115.62,1.6919
294,2001-02-16,112.26,,,,,5.1108,4.941,,,22.12,,43.98,1305.5,,103.75,4.488,13175.49,,,105.0,,115.72,1.6775
295,2001-02-19,111.92,,,,,,,,,,,,,,,,13119.59,,,,,116.08,1.6683
296,2001-02-20,112.82,,,,,5.1055,5.026,,,24.69,,43.6,1285.3,,103.81,4.418,13248.36,,,105.02,,115.64,1.6838
297,2001-02-21,113.12,,,,,5.1289,4.999,,,25.75,,43.91,1256.5,,103.34,4.406,13100.08,,,104.77,,116.37,1.6867
298,2001-02-22,113.34,,,,,5.1562,4.978,,,26.76,,43.98,1257.5,,103.22,4.413,13073.36,,,104.81,,117.01,1.6915
299,2001-02-23,112.03,,,,,5.1007,4.882,,,27.21,,44.37,1247.5,,103.78,4.431,13246.0,,,105.16,,115.75,1.6741
300,2001-02-26,112.77,,,,,5.0391,4.825,,,25.43,,45.16,1273.5,,104.28,4.443,13201.14,,,105.44,,116.48,1.6851
301,2001-02-27,112.34,,,,,4.9531,4.688,,,26.49,,45.43,1264.0,,105.47,4.414,13059.86,,,105.88,,116.36,1.6768
302,2001-02-28,112.01,,,,,4.9023,4.823,,,28.35,,45.33,1242.0,,105.59,4.472,12883.54,,,106.33,,117.39,1.6699
303,2001-03-01,111.28,,,,,4.8828,4.832,,,28.08,,45.06,1243.5,,106.25,4.395,12681.66,,,106.53,,117.5,1.6507
304,2001-03-02,111.17,,,,,4.9455,4.82,,,27.43,,44.54,1235.25,,105.09,4.419,12261.8,,,105.91,,119.05,1.6473
305,2001-03-05,111.54,,,,,4.9766,4.835,,,27.12,,44.6,1243.75,,105.12,4.416,12322.16,,,105.89,,118.92,1.6523
306,2001-03-06,111.2,,,,,4.9727,4.719,,,25.89,,44.16,1257.0,,104.94,4.408,12687.74,,,105.89,,118.7,1.6485
307,2001-03-07,111.83,,,,,4.8984,4.657,,,24.12,,44.42,1265.25,,105.75,4.428,12723.89,,,106.25,,119.52,1.6571
308,2001-03-08,111.49,,,,,4.9053,4.666,,,24.29,,45.04,1266.25,,105.94,4.476,12650.56,,,106.41,,119.82,1.6527
309,2001-03-09,111.44,,,,,4.9392,4.644,,,25.62,,45.95,1244.0,,105.72,4.488,12627.9,,,106.12,,119.54,1.6523
310,2001-03-12,112.01,,,,,4.8945,4.643,,,30.32,,46.1,1191.5,,105.88,4.409,12171.37,,,106.22,,120.47,1.6571
311,2001-03-13,113.11,,,,,4.9336,4.634,,,27.55,,45.32,1209.5,,105.66,4.419,11819.7,,,106.08,,119.61,1.6829
312,2001-03-14,113.7,,,,,4.8281,4.522,,,29.61,,44.55,1180.75,,106.34,4.428,11843.59,,,106.66,,120.82,1.6907
313,2001-03-15,114.71,,,,,4.793,4.48,,,28.56,,44.11,1184.75,,106.44,4.325,12152.83,,,106.92,,121.99,1.7131
314,2001-03-16,115.32,,,,,4.7679,4.457,,,29.91,,43.79,1161.75,,106.84,4.288,12232.98,,,107.2,,122.92,1.71
315,2001-03-19,115.2,,,,,4.8125,4.519,,,29.78,,44.06,1180.5,,106.34,4.295,12190.97,,,106.81,,122.8,1.7058
316,2001-03-20,114.11,,,,,4.7617,4.455,,,30.96,,44.2,1152.5,,106.66,4.328,,,,107.09,,122.2,1.6881
317,2001-03-21,115.53,,,,,4.7736,4.289,,,31.93,,44.41,1132.0,,106.78,4.323,13103.94,,,107.23,,123.02,1.7111
318,2001-03-22,116.3,,,,,4.7461,4.262,,,32.84,,44.28,1119.5,,106.88,4.334,12853.97,,,107.2,,123.76,1.7237
319,2001-03-23,115.94,,,,,4.813,4.261,,,30.45,,44.33,1153.5,,106.12,4.342,13214.54,,,106.72,,122.83,1.7209
320,2001-03-26,115.21,,,,,4.8672,4.245,,,29.04,,44.4,1167.0,,105.41,4.359,13862.31,,,106.45,,122.16,1.7143
321,2001-03-27,115.43,,,,,5.0078,4.284,,,27.04,,44.23,1190.0,,104.12,4.414,13638.33,,,105.58,,122.27,1.7181
322,2001-03-28,116.01,,,,,4.9688,4.314,,,28.58,,43.98,1159.5,,104.0,4.354,13765.51,,,105.7,,123.68,1.7273
323,2001-03-29,116.6,,,,,4.9961,4.304,,,29.17,,43.79,1161.5,,103.91,4.318,13072.36,,,105.84,,126.23,1.7281
324,2001-03-30,117.37,,,,,4.9146,4.281,,,28.64,,43.59,1169.25,,104.19,4.278,12999.7,,,106.2,,126.25,1.7415
325,2001-04-02,117.34,,,,,4.9727,4.25,,,31.21,,43.15,1150.25,,103.88,4.298,12937.86,,,105.89,,125.53,1.7353
326,2001-04-03,115.63,,,,,4.9219,4.131,,,34.72,,43.37,1108.5,,104.03,4.296,13124.47,,,106.06,,125.47,1.7021
327,2001-04-04,115.08,,,,,4.9258,4.087,,,34.07,,43.62,1112.5,,103.94,4.323,13242.78,,,106.25,,124.26,1.6963
328,2001-04-05,115.47,,,,,4.9766,4.091,,,29.94,,43.57,1155.0,,103.62,4.341,13381.38,,,105.92,,123.73,1.703
329,2001-04-06,114.75,,,,,4.8903,3.93,,,31.69,,43.88,1140.25,,104.66,4.321,13383.76,,,106.66,,123.78,1.692
330,2001-04-09,115.21,,,,,4.9258,3.935,,,31.91,,43.59,1150.25,,104.16,4.301,12841.76,,,106.44,,124.42,1.7037
331,2001-04-10,116.02,,,,,5.082,3.927,,,29.44,,43.42,1172.0,,102.41,4.311,12620.27,,,105.41,,124.74,1.7171
332,2001-04-11,116.13,,,,,5.125,4.061,,,28.46,,43.66,1173.25,,102.5,4.353,13174.93,,,105.12,,123.5,1.7104
333,2001-04-12,115.54,,,,,5.1772,3.962,,,26.12,,43.88,1192.25,,102.31,4.358,13352.44,,,104.78,,123.5,1.7071
334,2001-04-13,,,,,,,,,,,,,,,,,13385.72,,,,,124.22,1.7135
335,2001-04-16,116.18,,,,,5.2539,4.012,,,26.33,,44.41,1182.0,,101.19,4.432,13254.89,,,103.95,,123.38,1.7141
336,2001-04-17,116.46,,,,,5.2148,4.095,,,25.61,,44.03,1195.5,,101.88,4.36,13067.09,,,104.61,,122.0,1.7282
337,2001-04-18,116.13,,,,,5.1443,3.901,,,24.13,,44.06,1246.25,,102.0,4.357,13641.79,,,105.08,,121.24,1.7333
338,2001-04-19,115.02,,,,,5.2969,3.848,,,24.16,,44.73,1258.75,,100.53,4.419,13868.28,,,104.22,,122.33,1.7027
339,2001-04-20,114.32,,,,,5.2938,3.752,,,25.38,,44.63,1250.75,,100.5,4.435,13765.67,,,104.19,,122.55,1.6951
340,2001-04-23,114.77,,,,,5.1758,3.713,,,28.16,,44.45,1226.0,,101.25,4.435,13715.6,,,104.73,,122.3,1.7048
341,2001-04-24,115.2,,,,,5.2109,3.787,,,28.49,,44.52,1216.5,,101.0,4.448,13743.18,,,104.67,,122.09,1.7141
342,2001-04-25,114.98,,,,,5.2578,3.818,,,27.4,,44.16,1232.0,,100.62,4.365,13827.5,,,104.23,,123.17,1.707
343,2001-04-26,114.46,,,,,5.1836,3.817,,,25.96,,44.48,1240.5,,101.53,4.377,13973.03,,,104.73,,124.02,1.7032
344,2001-04-27,115.62,,,,,5.3236,3.842,,,24.02,,44.45,1258.5,,100.25,4.357,13934.32,,,103.8,,124.02,1.7259
345,2001-04-30,115.85,,,,,5.3359,3.888,,,25.48,,44.46,1254.25,,100.47,4.32,,,,103.78,,122.11,1.7341
346,2001-05-01,115.3,,,,,5.2852,3.816,,,24.2,,44.53,1272.5,,101.03,4.35,14425.46,,,104.08,,121.53,1.7263
347,2001-05-02,115.16,,,,,5.2891,3.87,,,24.23,,44.7,1271.0,,101.53,4.36,14421.64,,,104.09,,121.33,1.7265
348,2001-05-03,115.38,,,,,5.2148,3.817,,,25.78,,44.85,1254.25,,102.41,4.33,,,,104.77,,121.28,1.7325
349,2001-05-04,114.93,,,,,5.2091,3.723,,,23.91,,44.82,1273.25,,102.34,4.327,,,,104.89,,121.36,1.7289
350,2001-05-07,115.32,,,,,5.1914,3.708,,,24.86,,44.82,1263.5,,102.09,4.294,14529.41,,,104.91,,121.28,1.7319
351,2001-05-08,116.08,,,,,5.2461,3.684,,,24.44,,44.65,1263.5,,102.09,4.304,14289.05,,,104.78,,122.31,1.7417
352,2001-05-09,116.05,,,,,5.168,3.704,,,24.35,,45.48,1257.75,,102.16,4.386,14084.85,,,105.19,,122.52,1.7399
353,2001-05-10,116.37,,,,,5.2891,3.714,,,24.0,,45.33,1261.5,,101.03,4.323,14017.79,,,104.39,,122.37,1.7431
354,2001-05-11,116.84,,,,,5.4414,3.734,,,23.54,,45.14,1261.5,,99.19,4.31,14043.92,,,102.97,,122.52,1.7513
355,2001-05-14,117.14,,,,,5.4336,3.692,,,24.26,,45.19,1252.0,,99.24,4.332,13873.02,,,103.38,,123.2,1.7513
356,2001-05-15,116.79,,,,,5.4922,3.622,,,23.71,,45.16,1257.5,,99.01,4.295,14054.03,,,102.97,,123.23,1.7442
357,2001-05-16,116.14,,,,,5.4531,3.56,,,21.89,,45.79,1288.5,,99.44,4.438,13694.27,,,103.19,,122.6,1.7347
358,2001-05-17,116.12,,,,,5.4023,3.559,,,21.47,,46.08,1291.5,,100.09,4.47,13910.67,,,103.3,,123.51,1.7387
359,2001-05-18,116.41,,,,,5.4012,3.594,,,21.23,,48.41,1295.5,,100.41,4.552,13877.77,,,103.41,,123.52,1.7435
360,2001-05-21,116.52,,,,,5.3828,3.62,,,20.76,,48.06,1314.5,,100.47,4.526,14176.83,,,103.5,,122.72,1.7481
361,2001-05-22,117.69,,,,,5.4023,3.632,,,21.35,,48.01,1312.75,,100.31,4.544,14091.19,,,103.5,,120.2,1.7678
362,2001-05-23,118.29,,,,,5.3906,3.642,,,22.08,,47.75,1290.5,,100.12,4.56,14067.7,,,103.55,,119.97,1.7804
363,2001-05-24,118.36,,,,,5.4922,3.642,,,20.57,,46.97,1294.5,,99.25,4.603,13895.79,,,102.92,,120.59,1.7779
364,2001-05-25,118.18,,,,,5.5023,3.656,,,20.6,,46.77,1279.0,,99.22,4.563,13765.92,,,102.95,,120.65,1.7741
365,2001-05-28,,,,,,,,,,,,,,,,,13737.77,,,,,120.06,1.7769
366,2001-05-29,118.22,,,,,5.5195,3.686,,,22.14,,46.09,1268.5,,99.19,4.523,13773.89,,,102.86,,120.44,1.7823
367,2001-05-30,118.22,,,,,5.5078,3.623,,,22.76,,44.8,1250.0,,99.25,4.423,13493.35,,,102.89,,119.23,1.7781
368,2001-05-31,119.07,,,,,5.3828,3.577,,,22.64,,44.72,1257.5,,100.31,4.396,13262.14,,,103.69,,119.21,1.7965
369,2001-06-01,118.89,,,,,5.3748,3.56,,,21.59,,44.91,1265.0,,101.0,4.409,13261.84,,,103.92,,119.29,1.7951
370,2001-06-04,119.19,,,,,5.3398,3.621,,,21.38,,44.65,1269.25,,101.25,4.321,13312.35,,,104.23,,120.18,1.7931
371,2001-06-05,118.7,,,,,5.2734,3.572,,,19.58,,44.76,1284.5,,101.66,4.329,13182.0,,,104.7,,120.0,1.7769
372,2001-06-06,119.36,,,,,5.2617,3.567,,,20.39,,44.74,1274.0,,101.69,4.328,13174.84,,,104.69,,120.33,1.7931
373,2001-06-07,119.09,,,,,5.3242,3.572,,,19.67,,44.79,1276.5,,101.09,4.323,13277.51,,,104.41,,120.85,1.7913
374,2001-06-08,119.21,,,,,5.367,3.581,,,19.92,,45.99,1276.5,,100.91,4.358,13430.22,,,104.08,,120.97,1.7929
375,2001-06-11,120.05,,,,,5.2852,3.545,,,20.7,,45.06,1266.0,,101.47,4.326,13226.48,,,104.47,,121.58,1.8043
376,2001-06-12,119.61,,,,,5.25,3.501,,,20.7,,45.68,1264.25,,101.94,4.365,12840.1,,,104.78,,122.02,1.7883
377,2001-06-13,119.03,,,,,5.2695,3.488,,,21.45,,45.76,1252.75,,101.91,4.405,12823.45,,,104.73,,121.3,1.7885
378,2001-06-14,117.99,,,,,5.2305,3.46,,,23.12,,46.31,1223.0,,102.22,4.46,12846.66,,,105.03,,122.87,1.772
379,2001-06-15,118.29,,,,,5.2427,3.459,,,22.81,,45.63,1226.0,,101.81,4.393,12790.38,,,104.95,,122.92,1.7783
380,2001-06-18,118.36,,,,,5.2578,3.418,,,23.17,,45.81,1219.75,,101.75,4.415,12697.79,,,105.03,,122.8,1.7779
381,2001-06-19,119.04,,,,,5.2383,3.287,,,22.34,,45.98,1224.0,,101.91,4.393,12574.26,,,105.12,,123.87,1.7895
382,2001-06-20,119.13,,,,,5.2109,3.44,,,21.71,,45.81,1229.25,,102.41,4.338,12674.64,,,105.42,,124.57,1.7838
383,2001-06-21,118.89,,,,,5.1758,3.409,,,19.38,,45.84,1243.0,,101.81,4.316,12962.43,,,104.48,,124.46,1.778
384,2001-06-22,118.91,,,,,5.1236,3.393,,,20.02,,45.79,1235.0,,101.75,4.299,13044.61,,,105.0,,124.475,1.7728
385,2001-06-25,118.32,,,,,5.125,3.397,,,20.67,,46.03,1221.5,,102.5,4.294,12896.47,,,104.91,,123.78,1.7693
386,2001-06-26,118.07,,,,,5.2227,3.399,,,21.2,,46.41,1220.5,,101.75,4.344,12978.82,,,104.36,,124.22,1.7645
387,2001-06-27,118.38,,,,,5.2422,3.389,,,20.88,,45.71,1219.0,,101.94,4.305,12828.98,,,104.22,,124.85,1.766
388,2001-06-28,120.01,,,,,5.3398,3.48,,,20.01,,45.24,1227.0,,101.16,4.293,12679.88,,,103.52,,124.5,1.801
389,2001-06-29,119.43,,,,,5.3475,3.581,,,19.06,,45.46,1231.75,,100.31,4.292,12969.05,,,103.02,,124.72,1.794
390,2001-07-02,119.67,,,,,5.3246,3.585,,,18.76,,45.26,1246.0,,100.91,4.277,12751.18,,,103.52,,124.35,1.795
391,2001-07-03,119.6,,,,,5.3802,3.653,,,18.92,,44.96,1245.5,,100.44,4.243,12817.41,,,103.17,,124.43,1.7955
392,2001-07-04,119.91,,,,,,,,,,,,,,,,12629.02,,,,,125.56,1.799
393,2001-07-05,120.9,,,,,5.4035,3.637,,,20.09,,44.54,1222.25,,100.03,4.208,12607.3,,,102.98,,125.82,1.8193
394,2001-07-06,119.9,,,,,5.3402,3.62,,,21.63,,44.67,1193.75,,100.38,4.235,12306.08,,,103.39,,125.88,1.7927
395,2001-07-09,119.89,,,,,5.3327,3.61,,,22.48,,44.74,1200.25,,100.88,4.213,12239.68,,,103.58,,125.27,1.7931
396,2001-07-10,119.13,,,,,5.2723,3.57,,,23.25,,44.69,1186.5,,101.31,4.235,12300.41,,,104.02,,124.27,1.7785
397,2001-07-11,118.64,,,,,5.2909,3.57,,,24.01,,45.04,1185.25,,101.06,4.232,12005.11,,,104.03,,123.93,1.7661
398,2001-07-12,119.09,,,,,5.2427,3.585,,,22.09,,44.76,1214.25,,101.66,4.241,12407.95,,,104.39,,124.86,1.7712
399,2001-07-13,119.33,,,,,5.2279,3.589,,,21.14,,44.85,1225.25,,101.81,4.282,12355.15,,,104.41,,124.96,1.7695
400,2001-07-16,119.3,,,,,5.1733,3.558,,,22.91,,44.8,1210.5,,102.31,4.187,12343.37,,,104.81,,124.8,1.7721
401,2001-07-17,118.9,,,,,5.2092,3.552,,,22.61,,45.02,1220.5,,102.44,4.225,12128.57,,,104.8,,124.08,1.7531
402,2001-07-18,117.38,,,,,5.089,3.48,,,23.6,,45.38,1212.25,,103.41,4.265,11892.58,,,105.58,,123.38,1.7223
403,2001-07-19,117.33,,,,,5.1099,3.49,,,22.51,,45.23,1223.0,,103.25,4.218,11908.39,,,105.36,,122.86,1.7287
404,2001-07-20,117.21,,,,,5.1273,3.474,,,22.34,,45.32,1215.0,,103.12,4.219,,,,105.31,,122.98,1.7265
405,2001-07-23,117.85,,,,,5.1038,3.489,,,23.74,,45.13,1192.0,,103.38,4.239,11609.63,,,105.44,,124.2,1.7337
406,2001-07-24,117.12,,,,,5.1143,3.483,,,25.24,,45.28,1178.25,,103.62,4.24,11883.25,,,105.58,,123.57,1.7233
407,2001-07-25,116.64,,,,,5.188,3.496,,,24.0,,44.92,1191.5,,102.91,4.213,11891.61,,,105.09,,123.72,1.7141
408,2001-07-26,116.74,,,,,5.1339,3.49,,,23.01,,44.67,1205.5,,102.88,4.222,11858.56,,,105.25,,123.46,1.7197
409,2001-07-27,116.94,,,,,5.0961,3.489,,,22.0,,44.87,1209.75,,103.47,4.202,11798.08,,,105.64,,123.51,1.7202
410,2001-07-30,117.2,,,,,5.0737,3.509,,,22.69,,44.44,1209.75,,103.72,4.19,11579.27,,,105.77,,125.01,1.7271
411,2001-07-31,117.18,,,,,5.0554,3.516,,,21.62,,44.7,1215.25,,104.03,4.21,11860.77,,,106.11,,124.39,1.7265
412,2001-08-01,116.56,,,,,5.0722,3.513,,,20.56,,44.88,1221.5,,103.78,4.217,11959.33,,,105.86,,123.72,1.7132
413,2001-08-02,116.28,,,,,5.1458,3.508,,,20.09,,44.88,1226.0,,103.16,4.22,12399.2,,,105.41,,123.6,1.7091
414,2001-08-03,116.14,,,,,5.1643,3.517,,,19.89,,44.97,1220.0,,103.06,4.213,12241.97,,,105.3,,123.68,1.7069
415,2001-08-06,116.42,,,,,5.1571,3.506,,,21.89,,44.82,1220.0,,102.97,4.178,12243.9,,,105.36,,123.56,1.7096
416,2001-08-07,116.83,,,,,5.172,3.453,,,21.01,,44.82,1207.75,,102.91,4.158,12319.46,,,105.31,,123.56,1.7177
417,2001-08-08,116.54,,,,,5.05,3.429,,,22.32,,44.95,1185.5,,103.94,4.138,12163.67,,,106.09,,121.96,1.7093
418,2001-08-09,115.25,,,,,5.0346,3.388,,,21.75,,45.86,1187.75,,103.66,4.205,11754.56,,,105.77,,121.95,1.6891
419,2001-08-10,115.29,,,,,4.9845,3.388,,,20.55,,45.96,1191.25,,104.0,4.135,11735.06,,,106.03,,122.02,1.6945
420,2001-08-13,115.01,,,,,4.972,3.326,,,20.42,,46.26,1192.5,,104.12,4.136,11477.56,,,106.25,,121.83,1.6932
421,2001-08-14,114.39,,,,,4.972,3.371,,,20.48,,46.35,1192.25,,104.06,4.191,11917.95,,,106.16,,119.89,1.6797
422,2001-08-15,113.19,,,,,5.004,3.368,,,20.91,,46.23,1180.75,,103.94,4.144,11755.4,,,105.95,,120.25,1.6615
423,2001-08-16,113.08,,,,,4.9405,3.348,,,21.54,,46.15,1184.75,,104.41,4.19,11515.02,,,106.34,,120.19,1.6661
424,2001-08-17,112.99,,,,,4.8407,3.306,,,23.84,,46.83,1165.5,,105.25,4.257,11445.54,,,106.92,,120.26,1.6567
425,2001-08-20,113.4,,,,,4.9085,3.362,,,22.87,,46.26,1175.75,,104.78,4.145,11257.94,,,106.55,,119.77,1.6611
426,2001-08-21,113.29,,,,,4.8702,3.311,,,24.4,,46.06,1156.25,,104.94,4.185,11280.38,,,106.62,,120.42,1.6543
427,2001-08-22,113.27,,,,,4.9024,3.328,,,22.44,,46.05,1167.25,,105.03,4.202,11396.43,,,106.58,,119.89,1.6634
428,2001-08-23,113.09,,,,,4.884,3.338,,,22.23,,46.11,1163.5,,105.44,4.214,11126.92,,,106.72,,119.98,1.6612
429,2001-08-24,113.33,,,,,4.9278,3.367,,,19.71,,45.65,1187.5,,105.0,4.182,11166.31,,,106.56,,120.04,1.6648
430,2001-08-27,113.39,,,,,4.9281,3.347,,,20.56,,45.65,1180.5,,104.78,4.194,11275.01,,,106.52,,120.02,1.6676
431,2001-08-28,113.43,,,,,4.8441,3.416,,,22.0,,45.57,1163.5,,105.56,4.18,11189.4,,,107.12,,120.16,1.6626
432,2001-08-29,113.54,,,,,4.7656,3.4,,,23.03,,45.8,1152.5,,106.19,4.182,10979.76,,,107.48,,119.43,1.6697
433,2001-08-30,112.84,,,,,4.8123,3.353,,,25.41,,46.08,1129.25,,106.03,4.156,10938.45,,,107.42,,118.75,1.6536
434,2001-08-31,113.42,,,,,4.84,3.352,,,24.92,,45.91,1135.0,,106.03,4.162,10713.51,,,107.22,,118.775,1.6615
435,2001-09-03,113.67,,,,,,,,,,,,,,,,10409.68,,,,,119.4,1.671
436,2001-09-04,115.68,,,,,4.9579,3.429,,,25.85,,45.45,1131.0,,104.44,4.142,10772.59,,,106.22,,120.74,1.7042
437,2001-09-05,115.6,,,,,4.9629,3.348,,,26.35,,45.52,1133.5,,104.59,4.149,10598.79,,,106.38,,120.94,1.7065
438,2001-09-06,114.97,,,,,4.871,3.287,,,28.61,,45.66,1103.5,,105.5,4.148,10650.33,,,107.16,,120.0,1.6876
439,2001-09-07,114.05,,,,,4.788,3.202,,,30.99,,45.68,1083.25,,106.06,4.144,10516.79,,,107.61,,120.05,1.6731
440,2001-09-10,114.57,,,,,4.8424,3.204,,,31.84,,45.45,1095.75,,105.44,4.156,10195.69,,,107.39,,119.58,1.6884
441,2001-09-11,,,,,,4.762,3.243,,,34.6,,,1095.75,,106.62,4.156,10292.95,,,108.38,,119.61,1.641
442,2001-09-12,,,,,,,,,,,,,,,,,9610.1,,,,,118.81,1.6588
443,2001-09-13,,,,,,4.635,2.766,,,,,,,,106.56,,9613.09,,,109.31,,117.32,1.6485
444,2001-09-14,,,,,,4.56,2.632,,,,,48.54,1095.75,,106.97,4.293,10008.89,,,109.86,,117.38,1.6222
445,2001-09-17,112.01,,,,,4.622,2.683,,,41.76,,48.41,1039.0,,106.34,4.383,9504.41,,,109.53,,117.26,1.6055
446,2001-09-18,111.92,,,,,4.7227,2.496,,,38.87,,48.11,1035.5,,104.69,4.443,9679.88,,,108.94,,117.5,1.5969
447,2001-09-19,111.61,,,,,4.6953,2.313,,,40.56,,48.54,1016.75,,104.41,4.718,9939.6,,,109.08,,116.43,1.5948
448,2001-09-20,111.87,,,,,4.7422,2.182,,,43.74,,48.12,984.25,,102.72,4.51,9785.16,,,107.55,,116.59,1.5858
449,2001-09-21,113.04,,,,,4.6905,2.222,,,42.66,,48.64,973.0,,103.22,4.592,9554.99,,,107.92,,116.6,1.5792
450,2001-09-24,112.84,,,,,4.7188,2.353,,,37.75,,48.3,1007.5,,103.38,4.57,,,,107.73,,117.51,1.5975
451,2001-09-25,112.28,,,,,4.707,2.364,,,35.81,,48.45,1018.25,,103.44,4.522,9693.97,,,107.94,,117.88,1.5878
452,2001-09-26,112.29,,,,,4.6328,2.336,,,35.26,,48.95,1013.0,,104.53,4.6,9641.7,,,108.47,,119.66,1.5994
453,2001-09-27,112.98,,,,,4.5586,2.334,,,34.0,,48.69,1022.5,,105.31,4.58,9696.53,,,108.92,,119.48,1.6127
454,2001-09-28,113.48,,,,,4.5902,2.315,,,31.93,,48.82,1043.75,,105.5,4.647,9774.68,,,108.78,,119.555,1.6201
455,2001-10-01,113.0,,,,,4.5391,2.328,,,32.32,,48.69,1043.3,,106.03,4.639,9972.28,,,109.05,,120.61,1.6168
456,2001-10-02,113.01,,,,,4.5078,2.233,,,31.18,,48.3,1055.5,,106.56,4.622,10136.56,,,109.33,,120.58,1.6197
457,2001-10-03,113.4,,,,,4.4688,2.187,,,31.34,,48.42,1074.5,,106.72,4.607,9924.23,,,109.48,,120.47,1.6224
458,2001-10-04,113.16,,,,,4.5039,2.177,,,31.97,,48.42,1074.5,,106.88,4.637,10205.48,,,109.45,,120.47,1.6202
459,2001-10-05,112.91,,,,,4.5078,2.166,,,33.39,,48.57,1071.75,,106.78,4.665,10205.87,,,109.52,,120.53,1.6165
460,2001-10-08,112.59,,,,,4.5038,2.171,,,35.12,,48.72,1065.25,,106.78,4.69,,,,,,120.2,1.6081
461,2001-10-09,113.35,,,,,4.5938,2.194,,,34.83,,48.11,1059.5,,105.94,4.53,10011.77,,,109.0,,120.26,1.6253
462,2001-10-10,113.7,,,,,4.6016,2.192,,,31.6,,47.61,1083.25,,106.31,4.418,9964.88,,,109.08,,121.4,1.6281
463,2001-10-11,114.44,,,,,4.6641,2.232,,,31.5,,46.93,1099.75,,105.47,4.403,10347.01,,,108.5,,121.22,1.6448
464,2001-10-12,113.89,,,,,4.6752,2.227,,,35.27,,47.44,1094.0,,105.38,4.448,10632.35,,,108.56,,121.135,1.6259
465,2001-10-15,113.82,,,,,4.6016,2.227,,,35.31,,46.94,1092.5,,106.03,4.371,10452.54,,,109.06,,121.27,1.6261
466,2001-10-16,113.92,,,,,4.5625,2.197,,,32.88,,46.98,1099.5,,106.34,4.323,10637.82,,,109.28,,121.22,1.6349
467,2001-10-17,114.38,,,,,4.5664,2.192,,,35.08,,47.16,1076.0,,106.72,4.348,10755.45,,,109.31,,121.14,1.6386
468,2001-10-18,114.35,,,,,4.5742,2.172,,,34.95,,46.46,1073.0,,106.81,4.243,10474.85,,,109.36,,121.17,1.6372
469,2001-10-19,114.86,,,,,4.6195,2.171,,,34.11,,46.61,1072.5,,106.28,4.258,10538.79,,,108.94,,121.225,1.6425
470,2001-10-22,115.75,,,,,4.6406,2.191,,,32.25,,45.85,1093.5,,106.41,4.22,10565.41,,,109.0,,122.51,1.6591
471,2001-10-23,115.85,,,,,4.6484,2.177,,,32.0,,45.91,1088.25,,106.22,4.228,10861.56,,,108.86,,122.81,1.6607
472,2001-10-24,115.6,,,,,4.5957,2.142,,,30.95,,45.88,1085.0,,107.09,4.203,10802.15,,,109.25,,122.88,1.6561
473,2001-10-25,115.55,,,,,4.5469,2.121,,,29.46,,46.2,1102.75,,107.56,4.208,10880.1,,,109.64,,122.65,1.6534
474,2001-10-26,115.65,,,,,4.5211,2.118,,,28.42,,46.21,1102.0,,107.69,4.203,10795.16,,,109.73,,122.7,1.6512
475,2001-10-29,114.44,,,,,4.4844,2.08,,,31.64,,46.45,1073.0,,108.03,4.231,10612.31,,,110.06,,121.89,1.6285
476,2001-10-30,114.35,,,,,4.4141,2.015,,,33.46,,46.7,1059.25,,108.5,4.252,10512.82,,,110.62,,122.12,1.6248
477,2001-10-31,114.86,,,,,4.2422,2.01,,,33.56,,46.58,1060.75,,110.44,4.214,10366.34,,,111.52,,122.4,1.6346
478,2001-11-01,114.46,,,,,4.2344,2.02,,,32.31,,46.61,1082.0,,110.84,4.196,10347.28,,,111.58,,121.97,1.6305
479,2001-11-02,114.54,,,,,4.3544,1.984,,,30.71,,46.63,1089.5,,109.31,4.099,10383.78,,,110.83,,121.62,1.6311
480,2001-11-05,114.54,,,,,4.3106,1.984,,,30.5,,46.41,1103.75,,110.19,4.087,10447.54,,,111.23,,121.56,1.6386
481,2001-11-06,114.81,,,,,4.2627,1.818,,,28.8,,46.53,1121.0,,110.34,4.108,10633.72,,,111.44,,121.17,1.6453
482,2001-11-07,114.98,,,,,4.1866,1.768,,,29.13,,46.71,1119.5,,111.5,4.118,10284.98,,,112.02,,121.16,1.6352
483,2001-11-08,115.13,,,,,4.2901,1.808,,,28.62,,46.01,1123.5,,110.5,4.068,10431.79,,,111.25,,120.12,1.6401
484,2001-11-09,115.09,,,,,4.3106,1.818,,,27.44,,46.12,1123.5,,110.44,4.07,10215.71,,,111.16,,120.22,1.6383
485,2001-11-12,115.34,,,,,,,,,29.35,,46.28,1116.75,,110.44,4.108,10081.56,,,,,120.57,1.6368
486,2001-11-13,116.4,,,,,4.3815,1.818,,,26.47,,46.18,1141.75,,109.81,4.135,10030.56,,,110.59,,121.42,1.6706
487,2001-11-14,116.2,,,,,4.5281,1.869,,,26.56,,46.18,1143.5,,108.53,4.138,10086.76,,,109.58,,121.53,1.6634
488,2001-11-15,116.51,,,,,4.7839,1.884,,,25.56,,45.75,1145.25,,106.28,4.106,10489.89,,,107.94,,122.45,1.6611
489,2001-11-16,116.41,,,,,4.8482,1.915,,,25.07,,45.68,1140.0,,104.94,4.093,10649.09,,,106.91,,122.87,1.657
490,2001-11-19,116.93,,,,,4.8043,1.94,,,24.46,,45.35,1154.0,,106.25,4.056,10727.94,,,107.89,,123.08,1.6601
491,2001-11-20,116.62,,,,,4.8648,1.904,,,24.12,,45.4,1144.25,,104.94,4.048,10575.62,,,107.16,,122.57,1.6492
492,2001-11-21,117.15,,,,,4.9622,1.919,,,24.19,,45.4,1137.0,,103.94,4.033,10661.08,,,106.42,,123.15,1.6529
493,2001-11-22,117.3,,,,,,,,,,,,,,,,10696.82,,,,,123.95,1.6613
494,2001-11-23,117.33,,,,,5.0113,1.919,,,23.25,,,1153.0,,103.47,,,,,106.08,,124.28,1.6667
495,2001-11-26,117.11,,,,,5.0159,1.949,,,23.79,,45.32,1155.25,,103.34,4.026,11064.3,,,106.08,,124.05,1.6637
496,2001-11-27,116.89,,,,,4.9255,1.887,,,24.0,,45.45,1150.5,,103.66,4.038,10948.89,,,106.69,,123.97,1.6565
497,2001-11-28,116.17,,,,,4.9356,1.816,,,25.9,,45.58,1129.25,,103.66,4.113,10624.81,,,106.69,,123.15,1.6467
498,2001-11-29,116.13,,,,,4.7647,1.768,,,25.18,,45.52,1144.5,,104.97,4.063,10655.96,,,108.09,,123.94,1.6557
499,2001-11-30,116.13,,,,,4.7537,1.752,,,23.84,,45.55,1140.0,,104.78,4.128,10697.44,,,108.25,,123.45,1.6415
500,2001-12-03,115.96,,,,,4.6915,1.755,,,25.77,,46.05,1129.5,,105.16,4.2,10370.62,,,108.45,,124.28,1.6539
501,2001-12-04,116.08,,,,,4.6666,1.718,,,24.08,,45.78,1147.75,,106.09,4.128,10452.65,,,108.88,,124.14,1.6531
502,2001-12-05,116.41,,,,,4.9045,1.738,,,23.02,,45.5,1168.75,,103.72,4.176,10713.81,,,107.08,,124.16,1.6585
503,2001-12-06,115.63,,,,,5.0109,1.707,,,23.71,,45.57,1168.5,,102.62,4.217,10857.28,,,106.31,,124.55,1.6475
504,2001-12-07,116.15,,,,,5.1646,1.672,,,23.49,,45.52,1160.5,,100.56,4.25,10796.89,,,105.28,,125.49,1.6592
505,2001-12-10,116.26,,,,,5.1044,1.672,,,25.62,,45.24,1139.25,,101.12,4.225,10571.01,,,105.56,,125.95,1.6623
506,2001-12-11,116.05,,,,,5.0583,1.627,,,25.3,,45.22,1136.5,,101.56,4.257,10473.91,,,106.0,,125.83,1.6528
507,2001-12-12,115.33,,,,,5.0099,1.652,,,24.87,,45.48,1138.0,,102.53,4.245,10801.52,,,106.8,,125.91,1.6426
508,2001-12-13,115.8,,,,,5.0744,1.669,,,25.91,,45.5,1115.75,,101.62,4.265,10433.45,,,105.89,,126.12,1.6521
509,2001-12-14,114.93,,,,,5.1901,1.692,,,24.63,,46.16,1126.5,,100.91,4.357,10511.65,,,105.36,,127.37,1.6309
510,2001-12-17,114.93,,,,,5.1844,1.707,,,24.26,,46.11,1138.0,,100.41,4.36,10323.35,,,105.05,,127.64,1.6343
511,2001-12-18,115.15,,,,,5.1291,1.687,,,23.29,,46.55,1145.75,,101.66,4.415,10432.17,,,105.8,,128.26,1.6332
512,2001-12-19,115.48,,,,,5.042,1.652,,,22.58,,45.73,1153.25,,102.38,4.303,10471.93,,,106.19,,128.37,1.6376
513,2001-12-20,115.59,,,,,5.0363,1.652,,,23.67,,45.82,1142.25,,101.41,4.393,10434.52,,,104.94,,129.2,1.6295
514,2001-12-21,116.98,,,,,5.086,1.646,,,22.5,,46.11,1148.5,,101.09,4.465,10335.45,,,104.62,,129.5,1.6537
515,2001-12-24,117.94,,,,,5.1403,1.697,,,22.62,,,1147.25,,100.69,,,,,104.28,,129.85,1.6925
516,2001-12-25,,,,,,,,,,,,,,,,,10254.81,,,,,130.85,1.6897
517,2001-12-26,117.85,,,,,5.2001,1.746,,,22.29,,46.33,1153.0,,100.34,4.536,10192.57,,,103.95,,131.28,1.6897
518,2001-12-27,117.57,,,,,5.0722,1.746,,,21.59,,46.01,1159.5,,101.0,4.461,10457.61,,,104.61,,131.81,1.6806
519,2001-12-28,117.26,,,,,5.1134,1.715,,,21.4,,45.87,1159.25,,100.53,4.489,10542.62,,,104.53,,131.05,1.6756
520,2001-12-31,116.75,,,,,5.0292,1.736,,,23.8,,46.23,1149.2,,101.53,4.579,,,,105.14,,131.67,1.6597
521,2002-01-01,,,,,,,,,,,,,,,,,,,,,,131.93,
522,2002-01-02,115.79,,,,,5.16,1.715,,,22.71,,46.26,1154.0,,100.12,4.526,,,,104.31,,132.14,1.6443
523,2002-01-03,116.11,,,,,5.1114,1.702,,,21.34,,46.15,1166.5,,100.53,4.599,,,,104.58,,131.7,1.65
524,2002-01-04,116.33,,,,,5.1251,1.692,,,20.45,,46.26,1175.25,,100.22,4.642,10871.49,,,104.55,,131.02,1.6519
525,2002-01-07,116.33,,,,,5.0491,1.662,,,21.94,,46.21,1166.75,,101.44,4.66,10942.36,,,105.31,,131.25,1.649
526,2002-01-08,116.83,,,,,5.0834,1.657,,,21.83,,46.26,1163.25,,101.38,4.633,10695.6,,,105.28,,132.92,1.6559
527,2002-01-09,117.01,,,,,5.0476,1.647,,,22.13,,47.01,1154.5,,101.5,4.703,10663.98,,,105.31,,132.94,1.6602
528,2002-01-10,116.88,,,,,4.9751,1.662,,,22.36,,47.63,1159.0,,102.81,4.693,10538.43,,,106.03,,132.13,1.6609
529,2002-01-11,116.64,,,,,4.8758,1.556,,,22.6,,47.68,1147.75,,103.47,4.691,10441.59,,,106.64,,132.15,1.6561
530,2002-01-14,116.64,,,,,4.884,1.556,,,23.58,,47.34,1140.25,,103.28,4.508,,,,106.72,,131.63,1.6555
531,2002-01-15,117.29,,,,,4.8451,1.574,,,22.7,,47.17,1149.0,,103.91,4.548,10208.05,,,107.02,,131.22,1.6714
532,2002-01-16,117.59,,,,,4.841,1.571,,,23.45,,47.67,1126.0,,103.75,4.555,10177.58,,,106.95,,132.19,1.6589
533,2002-01-17,117.85,,,,,4.9308,1.591,,,22.25,,47.19,1134.25,,102.97,4.438,10128.18,,,106.3,,132.45,1.6666
534,2002-01-18,117.51,,,,,4.8927,1.581,,,22.52,,46.97,1129.0,,103.62,4.338,10293.32,,,106.64,,132.62,1.6624
535,2002-01-21,117.66,,,,,,,,,,,,,,,,10280.25,,,,,132.95,1.6613
536,2002-01-22,117.75,,,,,4.9189,1.664,,,23.61,,46.72,1121.25,,103.47,4.281,10050.98,,,106.58,,133.66,1.6613
537,2002-01-23,118.47,,,,,5.0276,1.677,,,21.88,,46.24,1129.0,,102.19,4.253,10040.91,,,105.92,,134.53,1.6711
538,2002-01-24,118.64,,,,,5.0053,1.687,,,21.15,,46.18,1133.25,,102.22,4.266,10074.05,,,105.7,,134.85,1.6769
539,2002-01-25,119.85,,,,,5.0695,1.684,,,21.01,,46.29,1133.25,,102.12,4.298,10144.14,,,105.45,,134.55,1.7033
540,2002-01-28,120.04,,,,,5.0747,1.697,,,21.14,,46.2,1135.5,,102.28,4.243,10220.85,,,105.48,,133.56,1.706
541,2002-01-29,119.62,,,,,4.9401,1.649,,,24.35,,46.67,1100.5,,103.25,4.288,10026.03,,,106.27,,133.44,1.6999
542,2002-01-30,119.73,,,,,5.0127,1.722,,,23.22,,46.76,1115.5,,103.19,4.286,9919.48,,,106.3,,132.87,1.7096
543,2002-01-31,120.24,,,,,5.0456,1.732,,,21.09,,46.76,1130.4,,102.84,4.216,9997.8,,,105.88,,134.87,1.7197
544,2002-02-01,119.79,,,,,4.9841,1.732,,,21.12,,47.4,1123.5,,103.34,4.306,9791.43,,,106.25,,133.1,1.7143
545,2002-02-04,118.9,,,,,4.907,1.732,,,24.87,,47.95,1095.25,,104.16,4.288,9631.93,,,106.89,,132.03,1.6974
546,2002-02-05,119.4,,,,,4.8962,1.73,,,25.45,,49.43,1089.0,,104.09,4.393,9475.6,,,106.95,,133.8,1.6976
547,2002-02-06,119.3,,,,,4.9272,1.707,,,26.09,,49.3,1083.25,,103.69,4.361,9420.85,,,106.75,,133.64,1.6958
548,2002-02-07,119.07,,,,,4.9375,1.692,,,25.11,,49.68,1077.0,,103.31,4.342,9583.27,,,106.56,,133.95,1.6893
549,2002-02-08,118.98,,,,,4.881,1.689,,,23.26,,50.31,1096.5,,103.88,4.452,9686.06,,,106.95,,134.67,1.6887
550,2002-02-11,118.44,,,,,4.9159,1.717,,,21.78,,49.72,1110.25,,103.59,4.412,,,,106.83,,133.37,1.6854
551,2002-02-12,118.25,,,,,4.9776,1.725,,,21.62,,49.8,1107.5,,102.84,4.482,9877.99,,,106.31,,132.72,1.6866
552,2002-02-13,118.8,,,,,4.9922,1.728,,,20.85,,49.58,1118.75,,102.72,4.502,9968.35,,,106.12,,133.0,1.7003
553,2002-02-14,118.43,,,,,4.9455,1.727,,,21.77,,49.62,1116.75,,103.38,4.527,10081.09,,,106.41,,132.05,1.6974
554,2002-02-15,118.6,,,,,4.863,1.712,,,22.37,,49.4,1104.75,,104.22,4.535,10048.1,,,107.08,,132.59,1.6972
555,2002-02-18,118.76,,,,,,,,,,,,,,,,10093.25,,,,,132.66,1.7
556,2002-02-19,118.36,,,,,4.8709,1.714,,,24.43,,48.52,1083.75,,103.91,4.467,9847.16,,,106.95,,133.42,1.6876
557,2002-02-20,118.93,,,,,4.8913,1.733,,,22.66,,48.36,1101.0,,103.94,4.397,9834.13,,,107.0,,133.77,1.7013
558,2002-02-21,119.16,,,,,4.8594,1.727,,,23.8,,48.51,1079.0,,104.22,4.417,10295.42,,,107.06,,134.2,1.7008
559,2002-02-22,118.48,,,,,4.8349,1.727,,,22.86,,48.51,1091.75,,104.66,4.395,10356.78,,,107.39,,134.11,1.6902
560,2002-02-25,119.13,,,,,4.8528,1.737,,,21.84,,48.41,1109.5,,104.47,4.365,10296.47,,,107.23,,133.84,1.6981
561,2002-02-26,119.82,,,,,4.9309,1.748,,,21.68,,49.29,1108.0,,103.66,4.42,10202.63,,,106.75,,134.52,1.7085
562,2002-02-27,119.57,,,,,4.8334,1.738,,,21.49,,49.02,1111.5,,104.5,4.424,10573.09,,,107.53,,134.22,1.7051
563,2002-02-28,119.16,,,,,4.8737,1.727,,,21.59,,49.1,1107.0,,104.09,4.497,10587.83,,,107.25,,133.46,1.6984
564,2002-03-01,119.4,,,,,4.9837,1.762,,,19.96,,49.32,1132.5,,103.0,4.549,10812.0,,,106.52,,133.32,1.7078
565,2002-03-04,118.81,,,,,4.9994,1.77,,,20.5,,49.1,1151.75,,102.91,4.587,11450.22,,,106.33,,131.95,1.6993
566,2002-03-05,118.57,,,,,5.0045,1.768,,,20.3,,48.66,1149.0,,103.09,4.541,11348.45,,,106.3,,132.22,1.6927
567,2002-03-06,117.96,,,,,5.0522,1.748,,,19.94,,48.58,1162.5,,102.53,4.516,11358.53,,,106.11,,130.74,1.6819
568,2002-03-07,116.8,,,,,5.2292,1.763,,,20.04,,48.01,1159.25,,100.88,4.466,11648.34,,,104.89,,127.62,1.6685
569,2002-03-08,117.99,,,,,5.3251,1.778,,,19.27,,47.98,1166.5,,100.06,4.492,11885.79,,,104.22,,128.62,1.6868
570,2002-03-11,117.73,,,,,5.3205,1.788,,,19.84,,48.15,1169.0,,100.03,4.472,11919.3,,,104.23,,128.02,1.6798
571,2002-03-12,117.8,,,,,5.3106,1.831,,,19.59,,48.57,1169.5,,100.06,4.485,11607.33,,,104.38,,129.03,1.6776
572,2002-03-13,117.96,,,,,5.2789,1.828,,,19.46,,48.57,1157.25,,100.34,4.517,11415.31,,,104.78,,129.36,1.6753
573,2002-03-14,117.29,,,,,5.4099,1.833,,,19.2,,48.16,1155.5,,98.97,4.489,11568.82,,,103.75,,129.25,1.6557
574,2002-03-15,117.22,,,,,5.3333,1.843,,,18.42,,47.97,1166.75,,99.78,4.482,11648.01,,,104.11,,129.01,1.6573
575,2002-03-18,117.5,,,,,5.3012,1.851,,,18.93,,48.34,1167.25,,100.28,4.492,11498.38,,,104.44,,131.16,1.6587
576,2002-03-19,117.5,,,,,5.2887,1.813,,,18.16,,48.45,1174.25,,100.25,4.512,11792.82,,,104.31,,132.2,1.6585
577,2002-03-20,117.22,,,,,5.4063,1.806,,,18.46,,48.35,1152.25,,97.94,4.522,11526.78,,,102.3,,131.35,1.6541
578,2002-03-21,117.52,,,,,5.3659,1.801,,,18.15,,48.47,1152.75,,98.34,4.499,,,,102.5,,132.11,1.6573
579,2002-03-22,118.05,,,,,5.4033,1.813,,,17.77,,49.21,1149.5,,98.12,4.531,11345.08,,,102.45,,132.9,1.6667
580,2002-03-25,118.1,,,,,5.4068,1.78,,,18.48,,49.24,1135.75,,98.22,4.572,11261.09,,,102.36,,133.3,1.6652
581,2002-03-26,118.14,,,,,5.3426,1.806,,,18.13,,49.09,1142.0,,98.97,4.579,11207.92,,,102.84,,133.08,1.6681
582,2002-03-27,118.54,,,,,5.3438,1.788,,,17.7,,49.97,1145.0,,99.0,4.579,11323.68,,,102.92,,132.73,1.6788
583,2002-03-28,118.62,,,,,5.406,1.768,,,17.4,,50.03,1149.25,,98.16,4.641,11333.11,,,102.45,,132.75,1.6846
584,2002-03-29,,,,,,,,,,,,,,,,,11024.94,,,,,132.7,1.6822
585,2002-04-01,117.77,,,,,5.4261,1.757,,,18.73,,50.12,1144.5,,98.25,4.691,11028.7,,,102.47,,133.13,1.6619
586,2002-04-02,117.92,,,,,5.3417,1.803,,,19.16,,50.58,1138.0,,99.19,4.738,11204.49,,,103.08,,132.71,1.6635
587,2002-04-03,117.68,,,,,5.28,1.787,,,20.2,,50.0,1130.25,,99.78,4.658,11400.71,,,103.64,,132.33,1.6588
588,2002-04-04,117.94,,,,,5.2602,1.782,,,19.78,,49.75,1125.75,,99.94,4.616,11379.2,,,103.66,,131.55,1.666
589,2002-04-05,117.69,,,,,5.2066,1.756,,,19.13,,49.59,1125.5,,100.59,4.571,11335.49,,,104.23,,131.69,1.6665
590,2002-04-08,118.2,,,,,5.2626,1.756,,,19.61,,49.64,1127.5,,100.22,4.561,11352.89,,,104.0,,130.65,1.6762
591,2002-04-09,117.59,,,,,5.2027,1.677,,,19.47,,49.34,1120.5,,100.5,4.549,11114.49,,,104.23,,130.74,1.6657
592,2002-04-10,117.51,,,,,5.2377,1.692,,,18.19,,49.84,1132.0,,100.25,4.619,11218.58,,,104.11,,131.53,1.6693
593,2002-04-11,117.37,,,,,5.2086,1.687,,,20.3,,49.92,1104.0,,100.62,4.578,11147.27,,,104.27,,131.92,1.6597
594,2002-04-12,117.74,,,,,5.1567,1.687,,,19.42,,49.9,1112.0,,100.97,4.588,10962.98,,,104.67,,131.96,1.6667
595,2002-04-15,117.64,,,,,5.1383,1.689,,,19.82,,49.54,1104.25,,101.31,4.445,11137.3,,,104.88,,131.17,1.6687
596,2002-04-16,117.37,,,,,5.1922,1.718,,,18.11,,49.34,1129.75,,100.91,4.4,11346.66,,,104.59,,130.7,1.664
597,2002-04-17,116.6,,,,,5.2319,1.687,,,18.43,,49.88,1128.0,,100.06,4.445,11543.71,,,104.31,,129.97,1.6524
598,2002-04-18,116.39,,,,,5.1991,1.677,,,19.29,,50.28,1123.0,,100.28,4.493,11575.73,,,104.41,,130.31,1.6471
599,2002-04-19,116.29,,,,,5.2007,1.707,,,18.3,,49.92,1126.75,,100.56,4.498,11512.01,,,104.53,,130.34,1.644
600,2002-04-22,116.43,,,,,5.1775,1.694,,,19.77,,50.02,1108.25,,100.75,4.538,11721.64,,,104.73,,130.23,1.6516
601,2002-04-23,116.57,,,,,5.1636,1.705,,,20.28,,50.18,1103.25,,100.94,4.565,11736.83,,,104.75,,129.62,1.6501
602,2002-04-24,116.15,,,,,5.1139,1.692,,,20.77,,50.22,1091.75,,101.75,4.557,11672.88,,,105.28,,128.68,1.6423
603,2002-04-25,115.45,,,,,5.0958,1.687,,,20.95,,50.84,1092.5,,101.81,4.615,11648.72,,,105.42,,127.82,1.6296
604,2002-04-26,115.04,,,,,5.0577,1.715,,,22.14,,51.42,1072.0,,102.22,4.647,11541.39,,,105.7,,127.83,1.6256
605,2002-04-29,114.89,,,,,5.1203,1.717,,,24.05,,51.32,1065.0,,101.97,4.636,,,,105.45,,128.53,1.6218
606,2002-04-30,115.19,,,,,5.0893,1.728,,,21.91,,50.94,1077.25,,102.31,4.532,11492.54,,,105.56,,127.24,1.6171
607,2002-05-01,114.54,,,,,5.0579,1.743,,,20.06,,50.97,1088.5,,102.69,4.529,11552.79,,,105.81,,127.81,1.6037
608,2002-05-02,114.87,,,,,5.0962,1.735,,,20.07,,50.84,1084.5,,102.16,4.543,11551.01,,,105.41,,126.9,1.6088
609,2002-05-03,113.59,,,,,5.0564,1.737,,,20.19,,51.48,1073.0,,102.72,4.597,,,,105.84,,127.02,1.586
610,2002-05-06,113.66,,,,,5.0674,1.732,,,22.56,,51.32,1051.75,,102.62,4.596,,,,105.72,,128.15,1.5846
611,2002-05-07,113.92,,,,,5.0566,1.723,,,21.94,,51.38,1047.5,,102.59,4.618,11316.04,,,105.83,,128.82,1.5884
612,2002-05-08,114.91,,,,,5.2188,1.738,,,20.39,,50.83,1086.5,,101.12,4.572,11520.75,,,104.84,,128.42,1.6088
613,2002-05-09,114.52,,,,,5.1661,1.738,,,21.56,,51.04,1074.0,,101.53,4.615,11633.3,,,105.16,,127.57,1.5976
614,2002-05-10,113.95,,,,,5.1188,1.735,,,22.41,,51.28,1054.0,,102.06,4.658,11531.11,,,105.69,,127.63,1.5911
615,2002-05-13,114.15,,,,,5.2234,1.737,,,20.72,,51.23,1075.5,,101.03,4.596,11336.95,,,105.06,,128.51,1.5957
616,2002-05-14,115.09,,,,,5.2797,1.74,,,19.35,,50.69,1098.5,,100.12,4.596,11356.19,,,104.45,,127.65,1.6143
617,2002-05-15,114.12,,,,,5.246,1.738,,,19.19,,50.92,1094.5,,100.38,4.626,11642.97,,,104.72,,128.03,1.599
618,2002-05-16,114.13,,,,,5.1707,1.727,,,18.5,,51.12,1099.0,,100.88,4.639,11738.69,,,105.25,,125.93,1.5982
619,2002-05-17,113.0,,,,,5.2559,1.732,,,17.7,,51.25,1105.25,,100.19,4.654,11847.32,,,104.83,,125.98,1.5803
620,2002-05-20,112.82,,,,,5.1987,1.717,,,19.24,,52.09,1093.5,,100.81,4.769,11856.54,,,105.28,,124.3,1.5767
621,2002-05-21,112.8,,,,,5.1528,1.705,,,20.05,,52.12,1083.0,,101.25,4.834,11801.16,,,105.62,,124.35,1.5777
622,2002-05-22,112.33,,,,,5.1169,1.702,,,19.58,,52.48,1085.0,,101.81,4.825,11961.98,,,106.0,,125.03,1.5691
623,2002-05-23,112.79,,,,,5.1503,1.717,,,18.23,,53.22,1097.0,,101.31,4.897,11979.85,,,105.73,,124.7,1.5785
624,2002-05-24,112.8,,,,,5.1461,1.714,,,18.9,,52.88,1082.5,,101.53,4.857,11976.28,,,105.94,,124.75,1.5834
625,2002-05-27,113.0,,,,,,,,,,,,,,,,11976.35,,,,,124.49,1.5824
626,2002-05-28,112.1,,,,,5.1297,1.727,,,20.31,,53.45,1076.5,,101.5,4.87,11936.08,,,106.02,,124.35,1.5739
627,2002-05-29,111.49,,,,,5.0658,1.722,,,20.39,,53.66,1067.75,,102.03,4.933,11853.0,,,106.45,,123.42,1.5673
628,2002-05-30,111.17,,,,,5.0255,1.727,,,20.61,,53.65,1065.75,,102.44,4.969,11770.03,,,106.83,,124.06,1.5622
629,2002-05-31,111.81,,,,,5.0446,1.707,,,19.98,,53.78,1067.5,,102.28,5.026,11763.7,,,106.73,,124.13,1.5697
630,2002-06-03,111.3,,,,,4.9982,1.709,,,23.37,,53.81,1038.8,,102.34,5.068,11901.39,,,106.8,,124.17,1.5642
631,2002-06-04,111.09,,,,,5.0298,1.744,,,23.89,,53.99,1041.5,,102.5,5.113,11653.07,,,106.98,,124.13,1.5652
632,2002-06-05,111.34,,,,,5.0515,1.712,,,22.61,,52.89,1050.5,,102.0,4.933,11663.87,,,106.83,,124.12,1.5659
633,2002-06-06,110.83,,,,,4.9844,1.731,,,24.16,,53.5,1029.5,,102.53,4.986,11574.94,,,107.08,,124.31,1.5559
634,2002-06-07,110.99,,,,,5.0651,1.707,,,23.51,,53.43,1028.25,,101.94,4.971,11438.53,,,106.81,,124.36,1.5585
635,2002-06-10,111.1,,,,,5.0306,1.727,,,23.72,,52.46,1032.0,,102.38,4.903,11370.21,,,106.97,,125.28,1.5593
636,2002-06-11,110.78,,,,,4.9768,1.728,,,24.45,,52.63,1014.25,,103.0,4.873,11449.44,,,107.31,,125.58,1.5553
637,2002-06-12,111.0,,,,,4.9629,1.707,,,24.15,,52.73,1020.25,,103.38,4.91,11327.06,,,107.58,,124.99,1.5658
638,2002-06-13,111.15,,,,,4.9023,1.697,,,25.02,,52.3,1010.75,,103.75,4.827,11144.84,,,107.88,,124.13,1.563
639,2002-06-14,110.76,,,,,4.8008,1.673,,,25.96,,52.51,1010.0,,105.06,4.847,10920.63,,,108.61,,124.11,1.56
640,2002-06-17,110.85,,,,,4.8466,1.702,,,24.64,,52.23,1036.5,,104.31,4.82,10664.11,,,108.22,,124.26,1.5629
641,2002-06-18,110.2,,,,,4.8358,1.697,,,24.24,,52.5,1045.25,,104.41,4.842,10839.93,,,108.3,,123.86,1.5503
642,2002-06-19,109.67,,,,,4.7303,1.687,,,26.06,,52.6,1020.25,,105.19,4.839,10476.18,,,108.94,,123.45,1.5356
643,2002-06-20,108.94,,,,,4.789,1.687,,,27.48,,53.15,1007.75,,103.31,4.867,10612.98,,,107.03,,121.09,1.5238
644,2002-06-21,108.19,,,,,4.7636,1.697,,,27.23,,53.38,992.0,,104.12,4.852,10354.35,,,107.61,,121.115,1.5111
645,2002-06-24,108.21,,,,,4.8302,1.709,,,26.98,,53.32,997.0,,103.25,4.864,10471.32,,,107.11,,121.15,1.5122
646,2002-06-25,107.57,,,,,4.8195,1.716,,,27.84,,52.63,974.5,,103.19,4.829,10496.67,,,107.16,,119.92,1.4975
647,2002-06-26,106.56,,,,,4.7463,1.692,,,28.42,,52.68,974.75,,104.22,4.849,10074.56,,,108.05,,119.54,1.4962
648,2002-06-27,106.37,,,,,4.8226,1.637,,,26.29,,52.48,992.0,,102.91,4.876,10261.6,,,107.33,,119.52,1.4877
649,2002-06-28,106.11,,,,,4.8088,1.667,,,25.4,,51.55,990.0,,102.78,4.833,10621.84,,,107.23,,119.595,1.4811
650,2002-07-01,106.51,,,,,4.7828,1.667,,,27.11,,51.63,969.5,,102.94,4.867,10595.44,,,107.3,,120.0,1.4818
651,2002-07-02,106.8,,,,,4.73,1.692,,,28.96,,51.43,947.5,,103.72,4.93,10622.32,,,107.92,,119.9,1.4869
652,2002-07-03,107.05,,,,,4.7578,1.701,,,29.42,,51.12,953.25,,103.72,4.935,10812.3,,,107.84,,120.17,1.4933
653,2002-07-04,107.34,,,,,,,,,,,,,,,,10632.81,,,,,120.4,1.4958
654,2002-07-05,107.67,,,,,4.862,1.697,,,27.11,,,991.0,,102.66,,10826.09,,,107.03,,120.37,1.5063
655,2002-07-08,106.3,,,,,4.7975,1.697,,,28.25,,51.31,978.25,,103.0,4.96,10769.2,,,107.41,,118.06,1.4833
656,2002-07-09,105.65,,,,,4.7298,1.697,,,30.22,,51.97,954.0,,103.81,5.038,10960.25,,,107.94,,117.76,1.4826
657,2002-07-10,106.01,,,,,4.6167,1.687,,,34.1,,51.74,919.0,,104.78,5.03,10752.66,,,108.66,,117.03,1.4859
658,2002-07-11,105.72,,,,,4.6382,1.692,,,33.85,,52.16,927.0,,105.09,5.072,10485.74,,,108.84,,116.85,1.4835
659,2002-07-12,105.89,,,,,4.574,1.684,,,32.94,,51.88,917.25,,105.25,5.046,10601.45,,,109.03,,116.875,1.4826
660,2002-07-15,104.67,,,,,4.6285,1.689,,,35.03,,52.54,920.5,,104.84,5.101,10375.15,,,108.94,,115.97,1.4625
661,2002-07-16,104.49,,,,,4.6835,1.692,,,36.65,,52.15,903.25,,103.78,5.018,10250.42,,,108.36,,116.33,1.4495
662,2002-07-17,104.42,,,,,4.6865,1.69,,,35.45,,52.16,905.0,,104.22,4.99,10296.02,,,108.78,,116.53,1.4543
663,2002-07-18,104.47,,,,,4.6138,1.687,,,35.12,,52.06,875.5,,104.56,4.99,10498.26,,,109.17,,115.9,1.4473
664,2002-07-19,104.06,,,,,4.5184,1.682,,,38.17,,53.17,844.0,,105.16,5.063,10202.36,,,109.47,,115.89,1.4423
665,2002-07-22,104.75,,,,,4.4462,1.682,,,41.87,,53.11,819.75,,106.12,5.033,10189.01,,,110.17,,117.37,1.4425
666,2002-07-23,106.66,,,,,4.4084,1.67,,,44.92,,51.31,796.75,,106.22,4.874,10215.63,,,110.48,,116.68,1.4693
667,2002-07-24,105.52,,,,,4.4594,1.662,,,39.86,,51.09,844.0,,105.94,4.854,9947.72,,,110.67,,116.63,1.4576
668,2002-07-25,105.12,,,,,4.3825,1.667,,,39.27,,50.82,836.75,,106.19,4.851,9929.91,,,110.84,,118.77,1.4383
669,2002-07-26,106.61,,,,,4.3865,1.667,,,35.51,,49.77,853.75,,105.91,4.661,9591.03,,,111.05,,118.8,1.4657
670,2002-07-29,107.1,,,,,4.5644,1.677,,,31.33,,49.65,893.75,,104.59,4.636,9666.67,,,109.94,,120.22,1.4864
671,2002-07-30,106.8,,,,,4.588,1.682,,,31.92,,49.9,905.5,,104.69,4.655,10003.72,,,109.73,,119.78,1.4823
672,2002-07-31,107.41,,,,,4.4593,1.677,,,32.03,,49.77,911.5,,105.94,4.595,9877.94,,,110.61,,119.21,1.4852
673,2002-08-01,107.02,,,,,4.3932,1.647,,,36.95,,49.9,884.0,,106.25,4.58,9793.51,,,111.05,,118.77,1.4718
674,2002-08-02,106.67,,,,,4.2947,1.591,,,41.29,,50.38,865.0,,107.72,4.59,9709.66,,,112.14,,118.815,1.4677
675,2002-08-05,107.27,,,,,4.2091,1.606,,,45.08,,50.48,834.0,,107.94,4.63,9704.93,,,112.39,,120.96,1.4825
676,2002-08-06,108.69,,,,,4.3311,1.627,,,42.03,,50.11,861.0,,106.84,4.61,9501.02,,,111.38,,120.26,1.5087
677,2002-08-07,107.85,,,,,4.3063,1.566,,,38.73,,51.54,876.0,,107.53,4.672,9834.4,,,112.08,,121.1,1.4953
678,2002-08-08,108.66,,,,,4.3969,1.586,,,36.33,,50.91,905.75,,107.03,4.635,9799.57,,,111.45,,120.45,1.5125
679,2002-08-09,108.21,,,,,4.2575,1.586,,,35.33,,51.53,907.75,,108.62,4.667,9999.79,,,112.47,,120.15,1.5029
680,2002-08-12,107.41,,,,,4.2133,1.586,,,37.05,,51.49,902.5,,109.31,4.59,9747.82,,,112.69,,118.23,1.4934
681,2002-08-13,107.11,,,,,4.0876,1.579,,,35.82,,51.51,885.25,,110.25,4.577,9688.61,,,113.31,,117.19,1.4857
682,2002-08-14,106.79,,,,,4.1213,1.617,,,32.36,,51.12,918.0,,111.19,4.455,9638.41,,,113.23,,117.34,1.4925
683,2002-08-15,106.72,,,,,4.1826,1.596,,,29.43,,51.54,930.5,,110.06,4.48,9795.57,,,112.53,,117.56,1.4901
684,2002-08-16,106.72,,,,,4.3269,1.586,,,28.81,,51.43,928.0,,108.56,4.49,9788.13,,,111.52,,117.61,1.4887
685,2002-08-19,107.52,,,,,4.2862,1.616,,,28.61,,50.17,949.0,,108.91,4.402,9599.1,,,111.7,,118.63,1.5035
686,2002-08-20,107.31,,,,,4.1513,1.533,,,29.59,,50.61,939.75,,110.06,4.434,9620.69,,,112.73,,118.46,1.4999
687,2002-08-21,107.14,,,,,4.2015,1.604,,,28.23,,50.43,952.25,,109.78,4.417,9642.61,,,112.61,,119.79,1.4975
688,2002-08-22,108.13,,,,,4.3204,1.617,,,27.75,,50.27,961.0,,108.84,4.462,9814.02,,,111.98,,119.59,1.5196
689,2002-08-23,107.97,,,,,4.2377,1.616,,,29.32,,50.27,941.0,,109.94,4.42,9867.45,,,112.5,,119.64,1.513
690,2002-08-26,107.86,,,,,4.2314,1.634,,,29.89,,50.71,947.5,,110.12,4.435,10067.74,,,112.72,,118.15,1.5145
691,2002-08-27,106.77,,,,,4.2782,1.665,,,30.11,,51.18,936.5,,109.09,4.5,9907.3,,,112.19,,118.95,1.4927
692,2002-08-28,107.08,,,,,4.214,1.67,,,33.32,,50.69,916.5,,109.88,4.495,9766.73,,,112.58,,118.19,1.5023
693,2002-08-29,106.7,,,,,4.1417,1.67,,,33.67,,51.27,916.0,,110.56,4.527,9620.14,,,113.03,,118.43,1.494
694,2002-08-30,106.98,,,,,4.1297,1.669,,,32.64,,51.18,916.0,,110.88,4.437,9619.3,,,113.17,,118.465,1.499
695,2002-09-02,,,,,,,,,,,,,,,,,9521.63,,,,,117.15,1.4946
696,2002-09-03,105.57,,,,,3.9651,1.641,,,39.97,,51.36,877.75,,112.72,4.454,9217.04,,,114.41,,117.87,1.4706
697,2002-09-04,106.1,,,,,3.9632,1.604,,,37.44,,51.61,889.75,,112.94,4.465,9075.09,,,114.62,,118.36,1.4751
698,2002-09-05,105.98,,,,,3.9311,1.591,,,38.86,,52.15,883.25,,113.41,4.515,9222.12,,,114.95,,118.41,1.4715
699,2002-09-06,106.84,,,,,4.0153,1.626,,,36.33,,52.42,894.5,,111.81,4.512,9129.07,,,114.08,,118.535,1.4846
700,2002-09-09,107.1,,,,,4.0604,1.657,,,36.45,,52.63,900.5,,111.81,4.579,9306.26,,,113.97,,119.01,1.4891
701,2002-09-10,107.52,,,,,3.9946,1.654,,,35.08,,52.08,911.0,,112.41,4.557,9309.31,,,114.31,,120.27,1.4974
702,2002-09-11,107.62,,,,,4.0608,1.677,,,34.81,,51.87,906.0,,111.69,4.542,9400.08,,,113.81,,120.08,1.501
703,2002-09-12,107.16,,,,,3.9637,1.677,,,37.5,,52.24,889.25,,112.72,4.587,9415.23,,,114.47,,121.63,1.4961
704,2002-09-13,108.06,,,,,3.9083,1.68,,,35.82,,51.87,891.25,,113.62,4.554,9241.93,,,114.91,,121.66,1.5097
705,2002-09-16,108.24,,,,,3.913,1.69,,,36.74,,51.93,893.0,,113.94,4.549,,,,115.12,,122.08,1.5156
706,2002-09-17,108.33,,,,,3.8205,1.657,,,38.01,,51.88,872.5,,114.06,4.577,9543.94,,,115.22,,121.45,1.5076
707,2002-09-18,107.76,,,,,3.8419,1.647,,,37.52,,52.47,863.75,,113.94,4.619,9472.06,,,115.27,,121.46,1.5034
708,2002-09-19,107.0,,,,,3.7798,1.619,,,40.65,,52.81,841.75,,114.25,4.639,9669.62,,,115.55,,123.3,1.4824
709,2002-09-20,107.53,,,,,3.7845,1.616,,,38.98,,52.7,842.25,,113.06,4.629,9481.08,,,114.69,,123.365,1.4925
710,2002-09-23,107.86,,,,,3.6948,1.621,,,39.68,,52.85,834.5,,114.09,4.627,,,,115.34,,123.37,1.4969
711,2002-09-24,107.52,,,,,3.6469,1.629,,,40.52,,53.35,820.75,,114.5,4.649,9321.64,,,115.5,,122.7,1.4911
712,2002-09-25,107.79,,,,,3.7531,1.652,,,37.33,,52.77,841.25,,113.06,4.579,9165.41,,,114.69,,122.12,1.4993
713,2002-09-26,107.68,,,,,3.7738,1.652,,,34.6,,52.45,854.5,,113.0,4.505,9320.92,,,114.7,,122.53,1.5025
714,2002-09-27,107.53,,,,,3.663,1.626,,,36.97,,52.36,825.25,,113.72,4.487,9530.44,,,115.28,,122.495,1.4951
715,2002-09-30,106.87,,,,,3.6001,1.547,,,39.69,,53.03,815.0,,114.25,4.53,9383.29,,,115.91,,122.6,1.4764
716,2002-10-01,107.07,,,,,3.7175,1.58,,,34.12,,52.54,854.0,,113.31,4.47,9162.26,,,115.22,,122.76,1.4876
717,2002-10-02,107.16,,,,,3.6708,1.56,,,36.83,,52.63,830.5,,113.53,4.47,9049.33,,,115.27,,122.4,1.4782
718,2002-10-03,106.97,,,,,3.6881,1.562,,,37.31,,52.57,820.5,,113.44,4.47,8936.43,,,115.34,,123.2,1.478
719,2002-10-04,107.6,,,,,3.6693,1.598,,,39.46,,52.72,805.75,,113.62,4.475,9027.55,,,115.39,,123.25,1.491
720,2002-10-07,107.55,,,,,3.6149,1.598,,,42.64,,52.68,788.5,,113.94,4.438,8688.0,,,115.73,,124.08,1.4879
721,2002-10-08,108.07,,,,,3.6335,1.614,,,41.02,,52.08,801.0,,113.84,4.361,8708.9,,,115.59,,123.01,1.4982
722,2002-10-09,106.94,,,,,3.5704,1.552,,,42.13,,52.31,777.75,,114.62,4.338,8539.34,,,116.16,,123.59,1.4788
723,2002-10-10,107.2,,,,,3.6589,1.562,,,37.55,,51.75,802.5,,113.75,4.273,8439.62,,,115.7,,124.02,1.4847
724,2002-10-11,107.25,,,,,3.8035,1.562,,,35.7,,51.72,838.5,,112.31,4.308,8529.61,,,114.81,,124.07,1.4821
725,2002-10-14,107.15,,,,,3.792,1.562,,,36.04,,51.95,841.5,,,4.298,,,,114.81,,124.63,1.4809
726,2002-10-15,107.78,,,,,3.9942,1.649,,,34.02,,51.1,882.75,,110.16,4.311,8836.73,,,113.3,,124.51,1.494
727,2002-10-16,107.63,,,,,4.0466,1.654,,,36.0,,51.31,862.25,,109.78,4.358,8884.87,,,113.12,,125.1,1.4946
728,2002-10-17,108.37,,,,,4.2021,1.659,,,34.1,,50.91,879.0,,108.78,4.333,8959.88,,,112.56,,125.45,1.5119
729,2002-10-18,108.52,,,,,4.1091,1.659,,,33.53,,51.09,883.25,,108.69,4.352,9086.13,,,112.69,,125.51,1.5123
730,2002-10-21,108.23,,,,,4.2565,1.659,,,33.11,,50.79,898.75,,108.06,4.344,8978.41,,,112.14,,125.14,1.5111
731,2002-10-22,107.94,,,,,4.2608,1.69,,,34.09,,51.13,891.5,,107.72,4.404,8689.39,,,112.05,,124.52,1.5017
732,2002-10-23,108.0,,,,,4.2287,1.665,,,33.2,,50.97,898.25,,107.62,4.399,8714.52,,,112.12,,124.64,1.5035
733,2002-10-24,107.91,,,,,4.1181,1.649,,,34.03,,50.74,880.5,,108.44,4.354,8614.3,,,112.73,,124.17,1.5007
734,2002-10-25,107.92,,,,,4.0973,1.639,,,30.0,,51.18,898.75,,109.0,4.399,8726.29,,,113.14,,124.365,1.5028
735,2002-10-28,107.16,,,,,4.0894,1.598,,,31.07,,51.46,891.75,,108.97,4.404,8757.51,,,113.36,,123.45,1.4881
736,2002-10-29,107.07,,,,,3.9406,1.506,,,32.27,,51.87,881.5,,110.56,4.502,8708.76,,,114.39,,122.93,1.49
737,2002-10-30,107.07,,,,,3.9633,1.496,,,31.23,,51.67,889.75,,110.22,4.479,8756.59,,,114.27,,122.89,1.4885
738,2002-10-31,106.64,,,,,3.8949,1.442,,,31.14,,51.92,885.5,,110.66,4.499,8640.48,,,114.72,,122.45,1.4768
739,2002-11-01,106.08,,,,,4.0052,1.424,,,29.3,,52.05,898.5,,110.34,4.484,8685.72,,,114.25,,122.15,1.4661
740,2002-11-04,106.12,,,,,4.0451,1.432,,,30.82,,51.97,907.5,,109.69,4.481,,,,113.81,,122.21,1.4659
741,2002-11-05,105.87,,,,,4.0729,1.43,,,31.23,,51.95,914.0,,109.44,4.489,8937.56,,,113.62,,122.11,1.4631
742,2002-11-06,105.6,,,,,4.0801,1.22,,,30.73,,51.84,925.75,,109.91,4.477,8953.29,,,113.84,,121.65,1.4593
743,2002-11-07,104.97,,,,,3.8822,1.22,,,31.42,,52.33,902.5,,111.94,4.544,8920.44,,,114.78,,121.15,1.4499
744,2002-11-08,104.5,,,,,3.8426,1.218,,,29.41,,52.45,891.5,,112.97,4.526,8690.77,,,115.05,,119.78,1.4434
745,2002-11-11,104.57,,,,,3.8426,1.22,,,31.3,,52.44,877.75,,112.97,4.566,8460.37,,,114.41,,119.7,1.4483
746,2002-11-12,104.66,,,,,3.851,1.218,,,30.58,,52.94,884.75,,112.84,4.594,8464.77,,,115.08,,119.64,1.444
747,2002-11-13,105.1,,,,,3.8407,1.205,,,31.24,,52.0,885.75,,113.06,4.554,8438.52,,122.88,115.27,,120.08,1.4559
748,2002-11-14,105.21,,,,,4.0623,1.21,,,28.67,,51.87,902.5,,111.22,4.556,8303.39,,130.29,113.95,,120.59,1.4589
749,2002-11-15,105.04,,,,,4.0325,1.22,,,26.65,,52.34,909.0,,111.06,4.573,8503.59,,132.35,113.73,,120.46,1.4518
750,2002-11-18,105.2,,,,,3.9894,1.21,,,27.66,,52.1,900.0,,111.53,4.535,8346.01,,129.14,113.91,,120.94,1.4546
751,2002-11-19,105.67,,,,,3.9827,1.226,,,27.41,,52.02,898.0,,112.09,4.545,8365.26,,126.49,114.14,,122.17,1.4636
752,2002-11-20,105.87,,,,,4.0599,1.21,,,25.32,,51.82,918.75,,111.03,4.533,8459.62,,125.87,113.33,,122.73,1.467
753,2002-11-21,105.81,,,,,4.1561,1.22,,,23.81,,51.8,935.5,,110.12,4.466,8668.06,,127.02,112.86,,122.65,1.4669
754,2002-11-22,106.12,,,,,4.1834,1.22,,,23.16,,52.36,928.75,,109.88,4.541,8772.56,,126.27,112.66,,122.95,1.4768
755,2002-11-25,106.54,,,,,4.1767,1.215,,,24.07,,51.87,929.75,,109.84,4.471,8944.44,,120.84,112.66,,122.06,1.4859
756,2002-11-26,106.53,,,,,4.0696,1.223,,,25.97,,51.84,911.5,,110.91,,8823.99,,120.81,113.45,,121.52,1.4836
757,2002-11-27,106.77,,,,,4.257,1.246,,,27.25,,51.69,938.0,,108.72,4.414,8875.88,,128.31,112.17,,122.36,1.4895
758,2002-11-28,106.54,,,,,,,,,,,,,,,,9176.78,,,,,122.18,1.484
759,2002-11-29,106.41,,,,,4.2109,1.22,,,27.5,,,936.0,,109.19,,9215.56,,127.52,112.52,,122.47,1.483
760,2002-12-02,106.35,,,,,4.2312,1.22,,,27.46,,51.8,935.25,,109.34,4.422,9174.47,,127.52,112.41,,124.37,1.4766
761,2002-12-03,106.37,,,,,4.2037,1.218,,,28.33,,52.24,923.75,,109.19,4.532,9205.11,,130.64,112.31,,124.19,1.4774
762,2002-12-04,106.14,,,,,4.1525,1.215,,,28.92,,52.55,919.0,,109.78,4.559,9006.73,,131.06,112.77,,124.45,1.472
763,2002-12-05,106.1,,,,,4.137,1.215,,,30.1,,52.96,908.5,,110.47,4.622,8917.57,,130.44,113.2,,124.71,1.4701
764,2002-12-06,105.36,,,,,4.089,1.21,,,28.88,,53.2,913.75,,110.53,4.632,8863.26,,128.46,113.59,,123.52,1.4572
765,2002-12-09,105.24,,,,,4.0368,1.215,,,30.78,,53.11,889.5,,111.12,4.6,8828.05,,122.96,113.95,,123.36,1.4576
766,2002-12-10,105.37,,,,,4.0556,1.215,,,28.76,,52.73,902.0,,111.44,4.608,8804.52,,115.59,113.98,,123.92,1.4608
767,2002-12-11,105.35,,,,,4.0252,1.21,,,27.76,,52.94,902.25,,112.22,4.634,8727.66,,118.33,114.41,,123.72,1.4616
768,2002-12-12,104.51,,,,,4.0262,1.21,,,27.29,,54.02,902.0,,112.25,4.744,8708.69,,117.16,114.34,,122.48,1.4501
769,2002-12-13,103.98,,,,,4.0711,1.21,,,28.18,,54.29,886.5,,111.38,4.704,8516.07,,116.21,114.06,,120.43,1.4435
770,2002-12-16,104.06,,,,,4.1597,1.2,,,26.24,,54.91,909.5,,110.47,4.702,8450.94,,120.33,113.59,,121.33,1.4431
771,2002-12-17,103.51,,,,,4.1241,1.226,,,26.66,,54.98,902.0,,110.53,4.64,8510.73,,119.83,113.81,,121.62,1.4261
772,2002-12-18,103.63,,,,,4.0382,1.205,,,28.29,,55.74,891.5,,111.19,4.665,8344.01,,118.63,114.34,,120.69,1.4255
773,2002-12-19,103.48,,,,,3.9406,1.195,,,30.21,,56.36,884.75,,111.91,4.725,8387.57,,124.07,114.94,,120.53,1.4231
774,2002-12-20,103.46,,,,,3.9636,1.19,,,26.71,,55.46,896.75,,110.97,4.63,8406.88,,125.25,113.78,,120.36,1.424
775,2002-12-23,103.64,,,,,3.9688,1.162,,,26.2,,56.21,897.0,,110.84,4.653,,,124.78,113.72,,120.39,1.4187
776,2002-12-24,103.25,,,,,3.9467,1.185,,,26.49,,56.49,891.5,,111.56,4.657,8512.37,,121.25,114.11,,120.26,1.4091
777,2002-12-25,,,,,,,,,,,,,,,,,8501.14,,,,,120.33,1.4059
778,2002-12-26,102.82,,,,,3.9088,1.188,,,27.37,,56.83,890.75,,111.72,4.7,8700.1,,118.61,114.23,,120.03,1.4016
779,2002-12-27,102.41,,,,,3.8106,1.172,,,29.55,,56.88,871.75,,112.84,4.712,8714.05,,123.87,115.03,,119.86,1.39
780,2002-12-30,102.01,,,,,3.7921,1.198,,,29.62,,55.97,877.5,,113.12,4.662,8578.95,,123.72,115.27,,118.5,1.3862
781,2002-12-31,101.85,,,,,3.8181,1.219,,,28.62,,56.63,879.0,,112.69,4.801,,,123.89,115.05,,118.7,1.3815
782,2003-01-01,,,,,,,,,,,,,,,,,,,,,,118.71,1.382
783,2003-01-02,102.98,,,,,4.031,1.208,,,25.39,,56.36,907.5,,110.16,4.812,,,130.87,113.41,,120.21,1.4027
784,2003-01-03,102.47,,,,,4.0193,1.224,,,24.68,,57.19,910.0,,110.28,4.892,,,,113.44,,119.67,1.3984
785,2003-01-06,101.97,,,,,4.0548,1.213,,,24.91,,57.27,926.5,,110.03,4.899,8713.33,,124.83,113.23,,119.36,1.392
786,2003-01-07,102.57,,,,,4.0082,1.214,,,25.13,,56.55,923.75,,110.34,4.804,8656.5,,117.53,113.53,,120.22,1.3995
787,2003-01-08,101.87,,,,,4.0213,1.219,,,25.53,,57.63,910.0,,111.03,4.856,8517.8,,119.42,113.83,,119.11,1.3877
788,2003-01-09,101.94,,,,,4.1741,1.203,,,24.25,,57.53,924.75,,109.03,4.844,8497.93,,125.08,112.59,,119.38,1.3917
789,2003-01-10,101.23,,,,,4.1398,1.203,,,24.32,,57.73,926.5,,109.03,4.859,8470.45,,120.02,112.56,,119.3,1.3803
790,2003-01-13,101.47,,,,,4.1227,1.203,,,24.9,,57.76,926.5,,109.47,4.828,,,119.79,112.84,,119.24,1.386
791,2003-01-14,101.21,,,,,4.0811,1.193,,,24.57,,57.34,929.25,,109.88,4.753,8553.06,,114.16,113.22,,118.0,1.3865
792,2003-01-15,101.34,,,,,4.0607,1.198,,,25.51,,57.12,921.0,,110.28,4.768,8611.75,,115.35,113.33,,118.11,1.3852
793,2003-01-16,100.79,,,,,4.0831,1.193,,,25.01,,58.26,916.5,,110.41,4.823,8609.17,,115.15,113.3,,117.82,1.3749
794,2003-01-17,100.55,,,,,4.0174,1.178,,,25.7,,58.05,903.0,,111.06,4.798,8690.25,,116.02,113.8,,117.78,1.3688
795,2003-01-20,,,,,,,,,,,,,903.0,,,,8558.82,,,,,118.01,1.3677
796,2003-01-21,100.23,,,,,3.9733,1.172,,,27.59,,58.18,888.5,,111.38,4.808,8708.58,,114.8,114.06,,118.16,1.363
797,2003-01-22,100.23,,,,,3.9153,1.178,,,29.01,,58.57,877.5,,112.0,4.836,8611.04,,109.94,114.55,,118.34,1.364
798,2003-01-23,99.86,,,,,3.9409,1.178,,,27.53,,59.35,883.0,,111.56,4.775,8790.92,,107.73,114.36,,118.12,1.3619
799,2003-01-24,99.22,,,,,3.9365,1.152,,,31.51,,59.95,860.25,,112.38,4.875,8731.65,,109.41,114.69,,117.81,1.354
800,2003-01-27,99.26,,,,,3.9664,1.162,,,34.69,,60.11,847.25,,111.78,4.825,8609.47,,117.73,114.3,,118.55,1.3527
801,2003-01-28,99.48,,,,,3.9732,1.173,,,31.93,,60.21,854.5,,111.72,4.865,8525.39,,116.89,114.16,,118.68,1.3577
802,2003-01-29,99.28,,,,,4.0232,1.183,,,31.26,,59.61,860.75,,111.06,4.8,8331.08,,114.49,113.7,,118.63,1.3556
803,2003-01-30,99.52,,,,,3.9708,1.178,,,31.32,,59.98,840.0,,111.72,4.863,8316.81,,115.62,114.05,,119.04,1.3568
804,2003-01-31,99.91,,,,,3.9659,1.178,,,31.17,,59.88,854.75,,112.19,4.853,8339.94,,110.89,113.92,,119.91,1.3637
805,2003-02-03,99.9,,,,,3.9984,1.178,,,31.02,,60.29,858.5,,112.16,4.828,8500.79,,109.12,113.97,,120.3,1.3615
806,2003-02-04,99.14,,,,,3.9271,1.183,,,32.76,,61.63,849.25,,112.78,4.911,8484.9,,112.06,114.44,,119.84,1.3471
807,2003-02-05,99.65,,,,,4.0018,1.173,,,33.04,,61.2,844.5,,111.75,4.761,8549.85,,122.13,113.92,,120.14,1.3603
808,2003-02-06,99.46,,,,,3.9455,1.173,,,33.35,,60.14,840.5,,112.66,4.673,8484.19,,117.22,114.34,,119.89,1.3548
809,2003-02-07,99.57,,,,,3.9319,1.172,,,34.01,,60.11,830.5,,113.03,4.646,8448.16,,115.49,114.58,,120.22,1.3549
810,2003-02-10,100.27,,,,,3.9702,1.172,,,33.99,,59.09,836.0,,112.25,4.596,8484.93,,114.07,114.17,,121.21,1.3659
811,2003-02-11,100.39,,,,,3.959,1.183,,,33.68,,58.89,829.75,,112.31,4.566,,,112.32,114.39,,120.95,1.3672
812,2003-02-12,100.51,,,,,3.9125,1.183,,,34.33,,57.27,816.75,,112.69,4.503,8664.17,,113.14,114.81,,121.32,1.3703
813,2003-02-13,99.59,,,,,3.886,1.178,,,33.7,,58.03,819.0,,113.41,4.529,8599.66,,116.34,115.36,,120.33,1.3562
814,2003-02-14,100.04,,,,,3.9629,1.188,,,32.62,,57.14,837.0,,112.34,4.531,8701.92,,,114.83,,120.3,1.3615
815,2003-02-17,,,,,,,,,,,,,,,,,8771.89,,,,,120.21,1.3708
816,2003-02-18,100.53,,,,,3.9513,1.183,,,31.11,,55.86,851.5,,112.62,4.551,8692.97,,115.78,114.89,,119.04,1.3761
817,2003-02-19,100.0,,,,,3.8849,1.188,,,31.31,,56.78,846.75,,113.47,4.623,8678.44,,107.13,115.39,,118.68,1.3682
818,2003-02-20,99.55,,,,,3.8692,1.193,,,31.16,,57.29,838.75,,113.78,4.66,8650.92,,109.17,115.7,,118.3,1.3575
819,2003-02-21,100.09,,,,,3.8925,1.203,,,30.25,,57.08,847.25,,113.12,4.663,8513.54,,104.85,115.33,,118.61,1.3655
820,2003-02-24,99.66,,,,,3.8502,1.208,,,31.98,,57.82,832.5,,113.59,4.713,8564.95,,104.05,115.7,,118.15,1.3553
821,2003-02-25,99.83,,,,,3.8203,1.208,,,31.74,,57.17,839.75,,114.06,4.64,8360.49,,103.1,115.89,,117.46,1.3583
822,2003-02-26,99.62,,,,,3.7664,1.198,,,31.94,,57.45,827.75,,114.75,4.655,8356.81,,114.16,116.19,,117.09,1.3553
823,2003-02-27,99.81,,,,,3.739,1.208,,,30.53,,56.17,838.25,,115.0,4.655,8359.38,,103.8,116.31,,117.71,1.3613
824,2003-02-28,99.71,,,,,3.692,1.208,,,29.63,,56.83,841.0,,115.81,4.655,8363.04,,105.36,116.72,,118.09,1.3531
825,2003-03-03,99.1,,,,,3.6751,1.203,,,30.43,,56.67,835.5,,115.88,4.657,8490.4,,101.76,116.91,,117.65,1.3375
826,2003-03-04,99.13,,,,,3.6485,1.193,,,31.83,,57.32,822.25,,116.03,4.657,8480.22,,100.94,117.12,,117.14,1.3392
827,2003-03-05,98.28,,,,,3.6307,1.188,,,30.38,,57.3,829.5,,116.25,4.622,8472.62,,103.15,117.41,,117.29,1.3313
828,2003-03-06,98.31,,,,,3.6544,1.178,,,31.37,,57.9,821.75,,115.91,4.661,8369.15,,102.84,117.2,,117.3,1.3346
829,2003-03-07,98.04,,,,,3.622,1.126,,,31.08,,56.93,828.5,,116.25,4.676,8144.12,,104.6,117.47,,117.05,1.3356
830,2003-03-10,97.85,,,,,3.5643,1.08,,,33.31,,57.56,807.75,,116.69,4.668,8042.26,,105.98,117.81,,116.85,1.325
831,2003-03-11,97.99,,,,,3.5819,1.06,,,33.61,,56.88,800.25,,116.56,4.678,7862.43,,104.28,117.59,,117.12,1.3286
832,2003-03-12,98.16,,,,,3.586,1.081,,,33.51,,56.24,805.75,,116.91,4.623,7943.04,,104.33,117.47,,117.49,1.3343
833,2003-03-13,99.55,,,,,3.7503,1.142,,,31.76,,54.51,833.25,,115.12,4.528,7868.56,,110.99,116.28,,118.66,1.359
834,2003-03-14,99.99,,,,,3.7008,1.137,,,30.98,,54.61,833.0,,115.5,4.527,8002.69,,110.35,116.59,,118.3,1.3663
835,2003-03-17,100.74,,,,,3.8398,1.137,,,31.75,,54.71,861.0,,114.19,4.439,7871.64,,118.37,115.89,,118.81,1.3809
836,2003-03-18,100.86,,,,,3.9077,1.162,,,30.43,,54.8,866.25,,113.34,4.452,7954.46,,124.88,115.36,,118.6,1.383
837,2003-03-19,101.58,,,,,3.9862,1.162,,,31.54,,54.56,872.75,,112.72,4.409,8051.04,,130.28,114.91,,120.06,1.3945
838,2003-03-20,101.15,,,,,3.9554,1.162,,,30.44,,54.04,874.75,,112.53,4.408,8195.05,,125.83,114.97,,120.3,1.3864
839,2003-03-21,101.92,,,,,4.1076,1.183,,,28.67,,52.91,893.25,,109.69,4.346,,,124.18,112.66,,121.46,1.4015
840,2003-03-24,100.98,,,,,3.9689,1.183,,,30.39,,53.46,863.5,,111.03,4.359,8435.07,,119.97,113.5,,120.68,1.385
841,2003-03-25,100.87,,,,,3.9443,1.173,,,28.75,,53.28,872.25,,111.06,4.386,8238.76,,116.45,113.55,,119.91,1.3833
842,2003-03-26,100.61,,,,,3.9361,1.183,,,28.23,,53.57,868.0,,111.22,4.391,8351.92,,116.3,113.73,,119.98,1.3819
843,2003-03-27,100.64,,,,,3.926,1.157,,,27.96,,53.3,867.5,,111.34,4.386,8368.67,,115.06,113.92,,119.97,1.3827
844,2003-03-28,99.96,,,,,3.9111,1.132,,,27.75,,53.8,863.0,,111.72,4.429,8280.16,,114.5,114.34,,119.72,1.3694
845,2003-03-31,99.06,,,,,3.8019,1.127,,,29.15,,54.53,847.0,,112.75,4.461,7972.71,,112.09,114.88,,117.79,1.35
846,2003-04-01,99.15,,,,,3.81,1.127,,,28.36,,54.25,856.75,,112.75,4.433,7986.72,,109.66,114.86,,119.14,1.354
847,2003-04-02,100.08,,,,,3.9313,1.127,,,28.02,,53.48,877.25,,111.56,4.398,8069.85,,116.79,114.09,,118.73,1.3796
848,2003-04-03,100.34,,,,,3.913,1.106,,,28.21,,52.72,873.25,,111.53,4.409,8017.75,,115.94,114.28,,119.95,1.3792
849,2003-04-04,100.45,,,,,3.957,1.101,,,29.13,,52.77,878.5,,111.25,4.411,8074.12,,114.37,114.12,,119.985,1.3859
850,2003-04-07,101.04,,,,,3.9803,1.168,,,28.45,,52.15,877.0,,110.78,4.419,8249.98,,113.48,113.69,,119.71,1.3879
851,2003-04-08,100.53,,,,,3.9372,1.162,,,27.13,,52.26,878.25,,111.84,4.474,8131.41,,110.08,114.25,,120.08,1.3871
852,2003-04-09,100.16,,,,,3.8976,1.132,,,27.11,,52.8,866.75,,112.06,4.479,8057.61,,105.88,114.55,,119.54,1.3796
853,2003-04-10,99.82,,,,,3.9411,1.147,,,25.6,,52.98,871.75,,111.72,4.486,7980.12,,103.57,114.36,,120.52,1.3874
854,2003-04-11,100.18,,,,,3.9745,1.178,,,24.44,,53.17,868.25,,111.47,4.489,7816.49,,103.66,114.12,,120.545,1.3935
855,2003-04-14,99.96,,,,,4.016,1.188,,,23.41,,52.59,886.0,,111.16,4.534,7752.1,,102.72,113.78,,120.31,1.3895
856,2003-04-15,99.76,,,,,3.9897,1.183,,,22.56,,52.68,893.75,,111.81,4.519,7838.83,,98.57,114.12,,119.56,1.3925
857,2003-04-16,99.06,,,,,3.9431,1.173,,,22.52,,52.81,878.75,,112.16,4.481,7879.49,,96.03,114.33,,119.65,1.3712
858,2003-04-17,99.3,,,,,3.9586,1.183,,,21.5,,53.02,891.25,,112.31,4.466,7821.9,,96.2,114.22,,119.81,1.382
859,2003-04-18,,,,,,,,,,,,,,,,,7874.51,,,,,119.835,1.3827
860,2003-04-21,99.59,,,,,3.9869,1.188,,,21.95,,54.04,893.0,,112.09,4.531,7969.08,,95.8,114.02,,119.87,1.3877
861,2003-04-22,98.73,,,,,3.9674,1.178,,,20.7,,54.19,909.5,,112.06,4.593,7790.46,,98.57,114.06,,120.47,1.3713
862,2003-04-23,98.78,,,,,3.9792,1.439,,,20.8,,53.72,917.5,,112.12,4.623,7793.38,,95.79,113.97,,119.76,1.3749
863,2003-04-24,98.33,,,,,3.9257,1.157,,,20.33,,54.24,909.75,,113.28,4.643,7854.57,,92.43,114.61,,120.16,1.3613
864,2003-04-25,98.36,,,,,3.8904,1.147,,,20.8,,54.01,898.5,,113.41,4.63,7699.5,,91.66,114.84,,120.21,1.3617
865,2003-04-28,98.67,,,,,3.9044,1.142,,,20.84,,54.19,913.5,,113.41,4.578,7607.88,,91.06,114.75,,119.86,1.3716
866,2003-04-29,98.02,,,,,3.9306,1.152,,,20.76,,54.06,916.0,,113.09,4.548,,,90.64,114.53,,118.82,1.3622
867,2003-04-30,97.19,,,,,3.8397,1.127,,,21.21,,54.93,916.0,,114.03,4.638,7831.42,,89.27,115.12,,118.45,1.3547
868,2003-05-01,96.7,,,,,3.8426,1.106,,,21.59,,55.42,915.0,,114.03,4.761,7863.29,,89.67,115.22,,119.03,1.3443
869,2003-05-02,96.76,,,,,3.9267,1.127,,,20.63,,55.24,927.5,,113.5,4.784,7907.19,,90.67,114.77,,119.045,1.344
870,2003-05-05,96.37,,,,,3.8802,1.121,,,21.13,,55.45,926.25,,113.91,4.802,,,88.07,115.03,,117.59,1.342
871,2003-05-06,95.34,,,,,3.7877,1.142,,,20.8,,55.48,934.75,,114.69,4.787,8083.56,,84.73,115.72,,116.42,1.3243
872,2003-05-07,95.58,,,,,3.6775,1.116,,,21.0,,55.39,929.5,,115.88,4.729,8109.77,,86.37,116.45,,117.08,1.3242
873,2003-05-08,94.93,,,,,3.6826,1.101,,,21.24,,56.44,920.5,,116.28,4.789,8031.55,,85.29,116.69,,117.35,1.3134
874,2003-05-09,94.98,,,,,3.6819,1.106,,,19.69,,56.47,932.25,,116.28,4.787,8152.16,,82.56,116.72,,117.39,1.314
875,2003-05-12,94.55,,,,,3.6386,1.096,,,19.52,,56.96,944.25,,116.84,4.861,8221.12,,83.21,116.98,,116.77,1.3108
876,2003-05-13,94.72,,,,,3.6081,1.091,,,19.91,,56.69,942.75,,117.09,4.814,8190.26,,84.97,117.06,,116.21,1.3143
877,2003-05-14,94.58,,,,,3.5228,1.05,,,20.0,,57.06,940.25,,118.38,4.864,8244.91,,88.92,117.56,,116.43,1.3182
878,2003-05-15,95.22,,,,,3.5325,1.06,,,19.24,,57.11,946.25,,118.41,4.772,8123.4,,94.39,117.42,,116.01,1.3249
879,2003-05-16,94.08,,,,,3.421,1.035,,,18.4,,57.45,944.25,,119.25,4.782,8117.29,,94.64,118.03,,116.1,1.3069
880,2003-05-19,93.78,,,,,3.4878,1.07,,,20.51,,58.99,922.5,,119.03,4.812,8039.13,,97.88,118.19,,116.64,1.2968
881,2003-05-20,93.26,,,,,3.3574,1.029,,,21.29,,59.33,919.25,,120.44,4.764,8059.48,,104.39,118.73,,117.6,1.2909
882,2003-05-21,93.54,,,,,3.399,1.091,,,21.21,,60.25,922.0,,120.41,4.717,8018.51,,108.54,118.44,,117.25,1.2999
883,2003-05-22,93.56,,,,,3.3157,1.081,,,19.78,,59.58,930.75,,121.16,4.654,8051.66,,102.78,118.8,,116.95,1.295
884,2003-05-23,93.05,,,,,3.3348,1.081,,,19.17,,59.71,932.25,,121.28,4.639,8184.76,,99.53,118.81,,116.88,1.2887
885,2003-05-26,,,,,,,,,,,,,,,,,8227.32,,,,,117.27,1.2872
886,2003-05-27,92.72,,,,,3.4185,1.096,,,19.99,,59.55,949.5,,119.88,4.619,8120.24,,99.61,118.55,,118.55,1.2873
887,2003-05-28,93.45,,,,,3.4263,1.121,,,20.03,,59.13,952.0,,119.53,4.634,8234.18,,100.35,118.47,,118.17,1.2963
888,2003-05-29,92.71,,,,,3.3375,1.106,,,20.43,,59.86,949.25,,120.59,4.568,8375.36,,99.43,119.08,,119.3,1.2839
889,2003-05-30,93.27,,,,,3.3728,1.116,,,19.47,,59.03,963.25,,120.5,4.526,8424.51,,99.81,119.06,,119.295,1.2975
890,2003-06-02,93.34,,,,,3.4122,1.132,,,20.85,,59.28,968.25,,119.56,4.501,8547.17,,101.65,118.58,,119.14,1.2995
891,2003-06-03,93.53,,,,,3.3316,1.101,,,20.84,,59.15,972.25,,120.69,4.504,8564.49,,,119.3,,118.83,1.3112
892,2003-06-04,93.73,,,,,3.295,1.055,,,20.62,,58.71,986.25,,121.16,4.494,8557.86,,105.18,119.61,,117.72,1.3184
893,2003-06-05,92.52,,,,,3.3452,1.05,,,20.83,,59.66,990.75,,120.47,4.494,8657.23,,108.38,119.27,,118.63,1.3018
894,2003-06-06,93.48,,,,,3.354,1.055,,,21.25,,58.86,987.75,,120.66,4.538,8785.87,,103.35,119.11,,118.66,1.3202
895,2003-06-09,93.3,,,,,3.279,1.029,,,22.15,,58.55,977.0,,121.41,4.511,8822.73,,103.07,119.66,,117.67,1.3158
896,2003-06-10,93.56,,,,,3.193,0.978,,,20.64,,56.97,986.75,,122.75,4.463,8789.09,,,120.33,,117.69,1.3172
897,2003-06-11,92.97,,,,,3.213,0.943,,,20.21,,57.52,997.25,,122.72,4.493,8890.3,,104.7,120.22,,117.62,1.3073
898,2003-06-12,92.9,,,,,3.1657,0.912,,,20.41,,57.15,1000.5,,123.09,4.5,8918.6,,101.58,120.41,,117.39,1.3102
899,2003-06-13,92.22,,,,,3.1157,0.856,,,20.66,,57.68,988.5,,124.0,4.57,8980.64,,103.18,120.86,,117.415,1.2973
900,2003-06-16,92.4,,,,,3.1743,0.866,,,20.22,,58.08,1009.25,,123.06,4.607,8839.83,,101.6,120.31,,118.09,1.3054
901,2003-06-17,92.61,,,,,3.2637,0.897,,,20.01,,58.74,1009.5,,121.97,4.605,9033.0,,105.35,119.58,,117.94,1.3094
902,2003-06-18,93.17,,,,,3.3642,0.887,,,19.76,,57.78,1008.25,,120.75,4.555,9092.97,,111.46,119.0,,118.45,1.3221
903,2003-06-19,93.16,,,,,3.341,0.82,,,19.8,,58.42,993.75,,120.81,4.567,9110.51,,113.39,119.3,,118.33,1.3146
904,2003-06-20,94.04,,,,,3.3671,0.83,,,19.14,,57.6,991.5,,118.56,4.525,9120.39,,,118.17,,118.305,1.3287
905,2003-06-23,94.08,,,,,3.3127,0.835,,,20.58,,57.06,981.0,,119.53,4.555,9137.14,,108.45,118.88,,117.92,1.3226
906,2003-06-24,94.39,,,,,3.2518,0.83,,,20.75,,55.98,981.5,,120.28,4.512,8919.26,,105.66,119.27,,117.93,1.3293
907,2003-06-25,94.12,,,,,3.4045,0.922,,,20.81,,56.45,972.0,,118.84,4.562,8932.26,,106.09,118.44,,119.26,1.3286
908,2003-06-26,94.97,,,,,3.5468,0.892,,,19.4,,55.58,983.5,,117.09,4.52,8923.41,,106.6,117.19,,119.53,1.3518
909,2003-06-27,95.15,,,,,3.5454,0.871,,,19.16,,55.79,973.25,,116.66,,9104.06,,108.19,117.06,,119.625,1.3491
910,2003-06-30,94.73,,,,,3.5161,0.861,,,19.52,,55.92,973.25,,117.34,,9083.11,,103.6,117.44,,119.24,1.3509
911,2003-07-01,94.3,,,,,3.55,0.897,,,19.46,,56.79,981.25,,117.09,,9278.49,,100.56,117.3,,118.15,1.3427
912,2003-07-02,94.12,,,,,3.5372,0.866,,,19.03,,56.77,993.0,,117.31,,9592.24,,106.1,117.42,,118.17,1.3445
913,2003-07-03,94.41,,,,,3.6555,0.866,,,19.39,,56.73,982.5,,115.94,,9624.8,,107.51,116.7,,118.33,1.3487
914,2003-07-04,94.55,,,,,,,,,,,,,,,,9547.73,,,,,118.01,1.3495
915,2003-07-07,95.51,,,,,3.7363,0.881,,,20.06,,56.26,1002.5,,115.31,4.728,9795.16,,104.88,116.33,,118.25,1.3733
916,2003-07-08,95.82,,,,,3.7186,0.907,,,19.48,,55.61,1007.5,,115.06,4.736,9898.72,,,116.12,,117.81,1.3688
917,2003-07-09,95.59,,,,,3.6827,0.902,,,18.93,,55.53,1001.0,,115.25,4.816,9990.95,,101.98,116.34,,117.67,1.3599
918,2003-07-10,95.39,,,,,3.6555,0.892,,,19.19,,55.65,988.75,,115.44,4.808,9955.62,,103.09,116.61,,117.91,1.3609
919,2003-07-11,95.8,,,,,3.6293,0.892,,,18.47,,55.74,997.25,,115.94,4.798,9635.35,,98.87,117.05,,117.89,1.3758
920,2003-07-14,96.07,,,,,3.7254,0.907,,,19.59,,56.17,1002.5,,114.69,4.79,9755.63,,99.3,116.44,,117.86,1.3736
921,2003-07-15,96.07,,,,,3.9821,0.917,,,19.55,,55.27,1001.0,,112.47,4.651,9751.0,,106.42,115.02,,118.02,1.3867
922,2003-07-16,96.72,,,,,3.9209,0.912,,,19.76,,55.44,995.0,,112.44,4.656,9735.97,,109.89,114.73,,118.82,1.3751
923,2003-07-17,96.86,,,,,3.9234,0.902,,,20.22,,55.61,980.75,,112.44,4.67,9498.86,,110.06,114.67,,118.42,1.3698
924,2003-07-18,96.86,,,,,4.0016,0.897,,,19.11,,56.11,990.5,,112.31,4.724,9527.73,,104.92,114.53,,118.53,1.3633
925,2003-07-21,96.11,,,,,4.2095,0.907,,,19.78,,56.71,978.0,,110.0,4.744,,,114.74,113.11,,119.02,1.3546
926,2003-07-22,96.38,,,,,4.1252,0.927,,,19.17,,56.66,986.75,,110.41,4.784,9485.97,,120.5,113.38,,118.72,1.3626
927,2003-07-23,95.44,,,,,4.1074,0.922,,,18.64,,57.94,987.5,,110.72,5.064,9615.34,,117.2,113.67,,118.95,1.3461
928,2003-07-24,95.34,,,,,4.1671,0.917,,,18.6,,58.54,980.25,,109.88,5.105,9671.0,,115.12,113.28,,118.76,1.3466
929,2003-07-25,94.96,,,,,4.1781,0.927,,,17.75,,58.62,996.75,,109.66,5.07,9648.01,,115.93,113.19,,118.71,1.343
930,2003-07-28,95.06,,,,,4.2848,0.963,,,18.36,,58.96,994.0,,108.31,5.19,9839.91,,126.36,112.33,,119.82,1.3462
931,2003-07-29,95.33,,,,,4.4406,0.989,,,18.67,,58.46,989.0,,107.06,5.162,9834.31,,141.44,111.53,,120.28,1.3525
932,2003-07-30,96.07,,,,,4.3095,0.973,,,18.85,,57.57,986.5,,108.0,5.056,9632.66,,146.99,111.94,,120.56,1.3655
933,2003-07-31,96.89,,,,,4.4085,0.938,,,19.49,,57.2,989.25,,105.62,5.116,9563.21,,160.86,110.62,,120.13,1.3704
934,2003-08-01,96.66,,,,,4.39,0.943,,,20.75,,55.92,979.5,,105.97,5.093,9611.67,,157.22,110.55,,120.13,1.3648
935,2003-08-04,96.18,,,,,4.2859,0.968,,,21.27,,56.42,980.25,,106.69,5.016,9452.79,,145.71,111.66,,119.9,1.3483
936,2003-08-05,96.16,,,,,4.395,0.968,,,22.68,,56.47,959.5,,105.28,4.936,9382.58,,144.5,110.84,,120.2,1.3473
937,2003-08-06,96.23,,,,,4.2699,0.943,,,21.5,,56.66,965.0,,107.5,4.966,9323.91,,144.38,112.2,,119.11,1.3534
938,2003-08-07,95.83,,,,,4.2193,0.943,,,20.26,,56.93,974.5,,107.84,5.034,9265.56,,129.15,112.47,,119.03,1.3494
939,2003-08-08,96.36,,,,,4.2384,0.968,,,19.59,,57.54,978.0,,107.66,4.988,9327.53,,130.96,112.56,,119.15,1.3595
940,2003-08-11,95.87,,,,,4.3569,0.943,,,19.75,,58.41,981.25,,106.91,4.996,9487.8,,139.83,112.08,,118.6,1.3578
941,2003-08-12,96.15,,,,,4.4275,0.958,,,17.94,,57.88,990.0,,107.06,4.858,9564.81,,131.67,112.25,,119.2,1.3681
942,2003-08-13,96.18,,,,,4.5627,0.958,,,18.77,,58.48,984.75,,104.53,5.026,9752.75,,144.75,110.52,,118.97,1.3661
943,2003-08-14,96.68,,,,,4.4571,0.958,,,18.47,,59.09,987.75,,104.81,5.031,9913.47,,147.39,110.31,,119.13,1.3689
944,2003-08-15,96.61,,,,,4.44,0.948,,,18.27,,58.63,990.5,,105.09,4.923,9863.47,,140.59,110.72,,119.175,1.3703
945,2003-08-18,97.35,,,,,4.4597,0.963,,,18.18,,57.86,998.75,,105.75,4.923,10032.97,,132.01,111.09,,118.57,1.389
946,2003-08-19,97.31,,,,,4.3653,0.968,,,17.86,,58.36,1003.0,,107.34,4.991,10174.1,,124.12,112.0,,118.06,1.3882
947,2003-08-20,97.37,,,,,4.439,0.958,,,17.82,,59.01,999.0,,106.69,5.018,10292.06,,128.32,111.38,,117.83,1.3876
948,2003-08-21,98.61,,,,,4.4761,0.968,,,17.84,,58.17,1002.0,,106.28,4.941,10362.69,,,110.69,,117.49,1.4135
949,2003-08-22,98.83,,,,,4.44,0.978,,,18.55,,58.57,992.5,,107.09,4.993,10281.17,,135.09,111.2,,117.49,1.4168
950,2003-08-25,98.83,,,,,4.5289,0.999,,,19.53,,58.27,993.75,,106.22,4.988,10276.64,,132.79,110.72,,117.3,1.4162
951,2003-08-26,98.76,,,,,4.4772,1.009,,,19.49,,58.97,995.5,,106.91,4.998,10332.57,,130.8,111.14,,117.48,1.4128
952,2003-08-27,98.86,,,,,4.5374,1.004,,,19.13,,60.15,995.75,,106.28,5.127,10308.99,,127.72,110.73,,117.32,1.4137
953,2003-08-28,98.83,,,,,4.418,0.984,,,18.48,,59.74,1001.25,,107.59,5.128,10225.22,,128.73,111.72,,116.89,1.4141
954,2003-08-29,98.1,,,,,4.4,0.978,,,18.63,,60.58,1007.75,,107.41,5.109,10343.55,,126.55,111.53,,116.915,1.3998
955,2003-09-01,98.0,,,,,4.4576,,,,,,,,,,,10670.18,,,,,116.44,1.4006
956,2003-09-02,98.95,,,,,4.6058,1.004,,,19.02,,60.18,1022.0,,105.69,4.988,10690.08,,135.6,110.28,,115.91,1.4195
957,2003-09-03,98.71,,,,,4.5973,0.984,,,19.44,,60.29,1027.0,,105.66,5.06,10715.69,,134.09,110.58,,116.85,1.4147
958,2003-09-04,98.2,,,,,4.5079,0.963,,,18.71,,60.13,1028.25,,106.25,5.016,10646.95,,127.78,111.34,,116.79,1.4053
959,2003-09-05,97.09,,,,,4.33,0.948,,,18.17,,60.89,1022.25,,108.12,5.129,10650.77,,124.73,112.81,,116.775,1.3817
960,2003-09-08,97.16,,,,,4.4291,0.958,,,18.26,,60.48,1030.5,,107.84,5.089,10683.76,,120.09,112.62,,116.81,1.3913
961,2003-09-09,96.44,,,,,4.3597,0.968,,,18.85,,61.55,1024.0,,108.06,5.247,10922.04,,125.56,112.8,,117.07,1.378
962,2003-09-10,96.5,,,,,4.2745,0.958,,,20.01,,61.27,1013.5,,109.25,5.247,10856.32,,118.76,113.62,,117.08,1.3832
963,2003-09-11,96.56,,,,,4.3185,0.953,,,19.25,,61.22,1016.75,,108.47,5.327,10546.33,,120.41,113.17,,117.27,1.3835
964,2003-09-12,96.01,,,,,4.17,0.953,,,18.68,,60.6,1016.5,,109.16,5.199,10712.81,,120.87,113.67,,117.315,1.3789
965,2003-09-15,95.98,,,,,4.2696,0.953,,,19.28,,60.39,1012.5,,109.28,5.193,,,119.28,113.94,,116.19,1.3799
966,2003-09-16,96.67,,,,,4.2808,0.968,,,18.03,,60.23,1027.75,,108.59,5.213,10887.03,,118.7,113.69,,116.11,1.3807
967,2003-09-17,95.74,,,,,4.1821,0.958,,,18.15,,60.66,1025.5,,110.09,5.279,10990.11,,117.82,114.25,,115.23,1.3858
968,2003-09-18,95.95,,,,,4.1646,0.953,,,17.57,,60.73,1037.25,,110.16,5.255,11033.32,,116.89,114.17,,113.91,1.3669
969,2003-09-19,94.96,,,,,4.12,0.958,,,17.54,,61.56,1033.0,,110.72,5.282,10938.42,,112.4,114.25,,114.1,1.3678
970,2003-09-22,93.85,,,,,4.2198,0.948,,,19.65,,62.43,1021.25,,108.06,5.265,10475.1,,115.5,112.11,,112.27,1.3587
971,2003-09-23,93.99,,,,,4.2081,0.948,,,19.47,,62.22,1025.5,,108.69,5.235,,,115.2,112.28,,111.89,1.352
972,2003-09-24,93.7,,,,,4.136,0.938,,,21.22,,62.45,1007.25,,109.75,5.302,10502.29,,115.0,112.92,,112.1,1.3447
973,2003-09-25,93.76,,,,,4.0878,0.938,,,22.26,,62.04,997.75,,110.28,5.214,10310.04,,112.7,113.11,,111.69,1.3425
974,2003-09-26,93.87,,,,,3.99,0.948,,,22.23,,61.38,994.5,,111.12,5.137,10318.44,,113.5,113.83,,111.61,1.3448
975,2003-09-29,93.08,,,,,4.0789,0.943,,,21.67,,61.61,1004.25,,110.34,5.07,10229.57,,115.43,113.5,,111.29,1.3175
976,2003-09-30,92.85,,,,,3.9395,0.948,,,22.72,,62.08,994.0,,112.16,5.137,10219.05,,116.69,114.62,,111.23,1.3152
977,2003-10-01,92.39,,,,,3.9343,0.948,,,21.07,,61.9,1016.5,,112.06,5.1,10361.24,,118.24,114.62,,110.87,1.3181
978,2003-10-02,92.42,,,,,3.9959,0.927,,,20.8,,61.69,1019.5,,111.31,5.095,10593.53,,122.66,114.02,,110.81,1.3367
979,2003-10-03,93.23,,,,,3.9992,0.932,,,19.5,,59.49,1028.5,,108.88,4.83,10709.29,,124.8,112.48,,110.91,1.3375
980,2003-10-06,92.41,,,,,4.1724,0.932,,,19.51,,60.02,1033.5,,109.56,4.81,10740.14,,121.6,112.97,,109.91,1.3142
981,2003-10-07,91.89,,,,,4.2607,0.927,,,19.41,,60.74,1037.25,,108.34,4.875,10820.33,,119.16,112.25,,109.52,1.3109
982,2003-10-08,91.73,,,,,4.2386,0.907,,,19.18,,60.45,1035.0,,108.22,4.865,10542.2,,121.7,112.41,,109.1,1.3179
983,2003-10-09,91.99,,,,,4.2941,0.902,,,18.82,,59.45,1038.5,,107.47,4.837,10531.44,,120.16,111.95,,108.56,1.3132
984,2003-10-10,91.52,,,,,4.2321,0.907,,,18.45,,60.15,1040.5,,108.12,4.905,10786.04,,118.27,112.41,,108.66,1.3131
985,2003-10-13,91.89,,,,,4.269,0.907,,,17.55,,60.4,1044.5,,108.12,4.975,,,118.27,112.41,,108.79,1.3164
986,2003-10-14,91.83,,,,,4.3468,0.917,,,17.37,,60.48,1047.5,,106.91,4.927,10966.43,,118.15,111.64,,109.51,1.331
987,2003-10-15,92.42,,,,,4.334,0.922,,,17.69,,59.99,1044.5,,106.38,4.942,10899.95,,122.29,111.22,,109.77,1.3346
988,2003-10-16,92.61,,,,,4.4623,0.922,,,17.19,,60.0,1049.25,,106.0,4.917,11025.15,,127.38,110.58,,109.3,1.3266
989,2003-10-17,92.29,,,,,4.3789,0.932,,,17.62,,59.84,1037.75,,106.84,4.935,11037.89,,125.55,111.27,,109.32,1.3277
990,2003-10-20,92.43,,,,,4.3867,0.932,,,17.04,,60.2,1045.25,,107.22,5.0,11161.71,,124.41,111.45,,109.56,1.3302
991,2003-10-21,92.37,,,,,4.3455,0.958,,,16.55,,61.42,1043.5,,107.31,5.063,11031.52,,117.66,111.48,,108.96,1.3115
992,2003-10-22,91.27,,,,,4.2543,0.953,,,17.67,,62.19,1030.5,,108.47,5.13,10889.62,,118.17,112.28,,109.42,1.309
993,2003-10-23,91.51,,,,,4.3163,0.953,,,17.68,,61.9,1028.5,,108.0,5.167,10335.16,,120.1,112.06,,109.23,1.3124
994,2003-10-24,91.28,,,,,4.2099,0.953,,,17.71,,62.57,1030.0,,109.28,5.16,10335.7,,119.56,112.97,,109.15,1.3131
995,2003-10-27,91.61,,,,,4.2641,0.963,,,18.05,,62.41,1030.75,,108.78,5.187,10454.12,,118.2,112.53,,108.43,1.3179
996,2003-10-28,91.86,,,,,4.1793,0.968,,,16.82,,61.64,1044.75,,109.56,5.092,10561.01,,116.52,113.27,,108.15,1.3312
997,2003-10-29,91.86,,,,,4.3045,0.958,,,16.43,,62.22,1046.25,,108.56,5.139,10739.22,,111.84,112.58,,108.22,1.3305
998,2003-10-30,92.21,,,,,4.3481,0.953,,,16.33,,61.8,1048.5,,108.0,5.129,10695.56,,119.02,111.95,,108.6,1.3336
999,2003-10-31,92.73,,,,,4.2858,0.953,,,16.1,,61.84,1049.5,,108.72,5.059,10559.59,,118.76,112.3,,110.0,1.3382
1000,2003-11-03,93.66,,,,,4.3442,0.932,,,16.55,,60.63,1054.25,,108.16,4.921,,,,111.78,,110.8,1.3598
1001,2003-11-04,93.23,,,,,4.2986,0.963,,,16.55,,61.09,1052.25,,108.84,5.024,10847.97,,116.23,112.23,,109.55,1.3643
1002,2003-11-05,93.63,,,,,4.3522,0.953,,,16.86,,61.53,1053.5,,108.16,4.979,10837.54,,119.46,111.81,,109.86,1.3708
1003,2003-11-06,93.89,,,,,4.4121,0.953,,,16.74,,61.21,1058.5,,107.34,4.951,10552.3,,123.88,111.41,,110.17,1.3779
1004,2003-11-07,93.02,,,,,4.3878,0.963,,,16.93,,61.64,1050.5,,107.12,5.052,10628.98,,120.57,111.14,,109.33,1.3669
1005,2003-11-10,93.05,,,,,4.4443,0.953,,,17.62,,62.17,1046.25,,106.97,5.086,10504.54,,117.82,111.09,,108.73,1.3741
1006,2003-11-11,93.1,,,,,4.4002,0.95,,,17.54,,62.41,1045.75,,,5.063,10207.04,,,111.09,,108.77,1.3623
1007,2003-11-12,92.31,,,,,4.4018,0.963,,,16.75,,63.51,1057.0,,107.75,5.331,10226.22,,115.81,111.52,,108.68,1.3494
1008,2003-11-13,91.61,,,,,4.273,0.953,,,16.47,,63.4,1058.0,,109.53,5.291,10337.67,,113.68,112.64,,108.03,1.3352
1009,2003-11-14,91.44,,,,,4.2162,0.958,,,16.94,,63.99,1049.0,,110.25,5.411,10167.06,,114.25,113.25,,108.3,1.3267
1010,2003-11-17,91.53,,,,,4.1978,0.938,,,18.6,,62.97,1043.5,,110.66,5.223,9786.83,,113.98,113.64,,109.01,1.3252
1011,2003-11-18,90.33,,,,,4.1459,0.948,,,19.11,,63.95,1032.75,,110.97,5.363,9897.05,,114.1,113.77,,108.06,1.2937
1012,2003-11-19,90.9,,,,,4.2388,0.958,,,18.8,,63.5,1041.0,,110.06,5.266,9614.6,,114.85,113.23,,109.11,1.3056
1013,2003-11-20,90.66,,,,,4.1574,0.943,,,19.48,,63.31,1032.0,,110.94,5.258,9865.7,,114.85,113.8,,109.0,1.3007
1014,2003-11-21,90.6,,,,,4.1145,0.937,,,18.98,,63.69,1036.25,,111.12,5.291,9852.83,,114.44,113.84,,108.75,1.2983
1015,2003-11-24,91.59,,,,,4.2319,0.943,,,17.44,,62.97,1049.5,,110.22,5.241,,,109.97,113.22,,109.38,1.3185
1016,2003-11-25,91.46,,,,,4.187,0.953,,,16.71,,62.92,1053.25,,110.78,,9960.2,,106.73,113.5,,109.4,1.3194
1017,2003-11-26,90.6,,,,,4.2493,0.938,,,16.23,,63.82,1056.75,,110.22,5.355,10144.83,,104.85,113.06,,109.05,1.2941
1018,2003-11-27,,,,,,,,,,,,,,,,,10163.38,,,,,109.28,1.2989
1019,2003-11-28,90.21,,,,,4.2384,0.937,,,16.32,,,1057.75,,109.28,,10100.57,,104.91,112.41,,109.62,1.2911
1020,2003-12-01,90.35,,,,,4.3861,0.917,,,16.77,,64.75,1069.0,,108.84,5.445,10403.27,,113.14,111.97,,109.17,1.2981
1021,2003-12-02,89.64,,,,,4.3812,0.953,,,16.27,,64.88,1067.0,,109.0,5.496,10410.15,,116.53,112.12,,108.73,1.2872
1022,2003-12-03,89.5,,,,,4.4033,0.938,,,16.63,,64.91,1065.0,,108.5,5.468,10326.39,,117.88,111.86,,108.3,1.2852
1023,2003-12-04,89.6,,,,,4.3669,0.922,,,16.3,,64.81,1069.5,,109.03,5.452,10429.99,,120.18,112.28,,108.27,1.2885
1024,2003-12-05,89.14,,,,,4.183,0.912,,,17.09,,65.31,1062.25,,110.91,5.472,10373.46,,116.42,113.52,,107.62,1.2724
1025,2003-12-08,88.75,,,,,4.2711,0.917,,,16.54,,65.34,1069.0,,110.0,5.54,10045.34,,113.76,113.14,,107.41,1.2674
1026,2003-12-09,88.61,,,,,4.3538,0.943,,,17.63,,65.57,1060.5,,109.22,5.635,10124.28,,115.28,112.55,,107.09,1.2632
1027,2003-12-10,88.85,,,,,4.319,0.912,,,17.87,,65.26,1060.75,,109.56,5.6,9910.56,,112.91,112.89,,108.38,1.269
1028,2003-12-11,88.88,,,,,4.236,0.902,,,16.73,,65.01,1072.25,,110.34,5.579,10075.14,,109.2,113.61,,107.98,1.2689
1029,2003-12-12,88.49,,,,,4.1844,0.907,,,16.41,,65.76,1072.5,,110.44,5.622,10169.66,,111.05,113.55,,107.68,1.2619
1030,2003-12-15,88.46,,,,,4.2593,0.907,,,17.23,,65.73,1067.5,,110.25,5.639,10490.77,,111.01,113.38,,107.74,1.2605
1031,2003-12-16,88.31,,,,,4.2146,0.907,,,15.93,,65.49,1073.5,,110.72,5.629,10271.6,,110.05,113.69,,107.51,1.2594
1032,2003-12-17,87.94,,,,,4.1845,0.892,,,15.58,,66.18,1076.25,,111.44,5.692,10092.64,,109.58,113.97,,107.38,1.2538
1033,2003-12-18,87.85,,,,,4.1285,0.886,,,16.16,,65.92,1088.5,,112.28,5.712,10104.0,,107.11,114.17,,107.65,1.25
1034,2003-12-19,88.11,,,,,4.1269,0.881,,,16.42,,65.73,1085.5,,111.88,5.722,10284.54,,109.23,114.03,,107.71,1.2548
1035,2003-12-22,87.99,,,,,4.1718,0.881,,,16.94,,65.95,1092.75,,110.53,5.709,10372.51,,114.09,112.73,,107.49,1.2575
1036,2003-12-23,87.99,,,,,4.2612,0.902,,,16.49,,66.0,1093.5,,109.53,5.735,,,115.28,111.94,,107.43,1.2567
1037,2003-12-24,87.54,,,,,4.1864,0.897,,,16.66,,66.19,1093.0,,110.28,5.78,10371.27,,116.23,112.62,,107.26,1.2478
1038,2003-12-25,,,,,,,,,,,,,,,,,10365.35,,,,,107.24,1.2477
1039,2003-12-26,87.63,,,,,4.1504,0.871,,,17.45,,,1093.5,,110.91,,10417.41,,116.23,113.0,,107.45,1.2549
1040,2003-12-29,87.35,,,,,4.2436,0.887,,,17.09,,66.59,1107.75,,109.84,5.917,10500.62,,116.47,112.36,,107.05,1.2496
1041,2003-12-30,87.0,,,,,4.2597,0.922,,,17.68,,66.9,1107.75,,109.19,5.983,10676.64,,116.54,112.11,,106.96,1.2426
1042,2003-12-31,86.92,,,,,4.2519,0.927,,,18.31,,66.72,1110.5,,109.31,5.953,,,117.91,112.27,,107.4,1.2366
1043,2004-01-01,,,,,,4.2534,,,,,,,,,,,,,,,,107.3,1.2403
1044,2004-01-02,86.92,,,,,4.2539,0.927,,,18.22,,,1109.0,,107.91,,,,118.01,111.34,,106.91,1.24
1045,2004-01-05,86.07,,,,,4.3803,0.922,,,17.49,,68.12,1120.0,,107.88,6.233,10825.17,,113.84,111.31,,106.24,1.232
1046,2004-01-06,85.63,,,,,4.2739,0.948,,,16.73,,67.86,1122.0,,109.03,6.316,10813.99,,108.77,112.2,,106.23,1.2319
1047,2004-01-07,86.2,,,,,4.2455,0.897,,,15.5,,67.72,1125.5,,109.41,6.251,10757.82,,110.91,112.5,,106.18,1.2395
1048,2004-01-08,85.57,,,,,4.269,0.876,,,15.61,,68.05,1129.5,,109.44,6.261,10837.65,,109.71,112.53,,106.17,1.2266
1049,2004-01-09,85.11,,,,,4.0797,0.866,,,16.75,,68.44,1120.0,,111.28,6.485,10965.05,,102.82,113.92,,106.58,1.2212
1050,2004-01-12,85.55,,,,,4.038,0.871,,,16.82,,68.4,1128.25,,111.31,6.605,,,100.21,113.97,,106.6,1.2277
1051,2004-01-13,85.51,,,,,4.0072,0.922,,,18.04,,67.99,1121.25,,111.81,6.587,10849.68,,97.54,114.44,,106.24,1.2195
1052,2004-01-14,86.03,,,,,3.9957,0.8763,,,16.75,,67.66,1131.25,,112.5,6.422,10863.0,,100.83,114.67,,106.24,1.232
1053,2004-01-15,86.56,,,,,3.9745,0.871,,,15.56,,65.54,1133.25,,112.84,6.205,10665.15,,103.64,114.64,,106.27,1.2431
1054,2004-01-16,87.73,,,,,3.9291,0.886,,,15.0,,65.28,1138.0,,112.56,6.322,10857.2,,104.53,114.31,,106.75,1.2637
1055,2004-01-19,87.66,,,,,,,,,,,,,,,,11036.33,,,,,107.23,1.2706
1056,2004-01-20,86.71,,,,,4.0626,0.876,,,15.21,,66.22,1137.5,,112.06,6.315,11103.1,,102.73,114.03,,107.0,1.2457
1057,2004-01-21,86.36,,,,,4.024,0.887,,,14.34,,65.95,1146.0,,112.22,6.2,11002.39,,103.43,114.19,,106.81,1.2375
1058,2004-01-22,85.82,,,,,3.9664,0.876,,,14.71,,65.78,1144.0,,113.06,6.342,11000.7,,105.73,114.75,,106.13,1.2319
1059,2004-01-23,86.56,,,,,3.9192,0.886,,,14.84,,65.46,1140.25,,111.84,6.355,11069.01,,112.22,114.0,,106.75,1.2414
1060,2004-01-26,87.25,,,,,4.133,0.907,,,14.55,,65.25,1154.25,,111.06,6.307,10972.6,,114.44,113.53,,106.35,1.255
1061,2004-01-27,86.28,,,,,4.0874,0.9171,,,15.35,,65.78,1142.5,,111.69,6.55,10928.03,,111.6,114.0,,105.63,1.24
1062,2004-01-28,86.97,,,,,4.1924,0.932,,,16.78,,66.51,1129.25,,110.41,6.625,10852.47,,116.53,112.89,,106.13,1.2579
1063,2004-01-29,87.58,,,,,4.1827,0.938,,,17.14,,63.89,1130.25,,110.59,6.226,10779.44,,124.93,113.0,,105.91,1.2591
1064,2004-01-30,87.2,,,,,4.1266,0.9171,,,16.63,,64.45,1130.0,,111.34,6.246,10783.61,,116.75,113.44,,105.72,1.2525
1065,2004-02-02,87.53,,,,,4.1474,0.9427,,,17.11,,63.87,1134.5,,111.12,6.04,10776.73,,116.21,113.38,,105.52,1.261
1066,2004-02-03,86.79,,,,,4.0988,0.9325,,,17.34,,63.97,1133.0,,111.62,6.121,10641.92,,116.4,113.83,,105.47,1.2483
1067,2004-02-04,86.84,,,,,4.1201,0.932,,,17.87,,64.26,1124.0,,111.53,6.145,10447.25,,120.71,113.69,,105.45,1.2505
1068,2004-02-05,86.9,,,,,4.1688,0.938,,,17.71,,63.79,1126.5,,111.06,6.12,10464.6,,125.73,113.23,,105.64,1.2482
1069,2004-02-06,86.02,,,,,4.0733,0.9272,,,16.0,,64.66,1139.0,,112.16,6.275,10460.92,,115.11,114.02,,105.45,1.2349
1070,2004-02-09,86.0,,,,,4.0597,0.937,,,16.39,,65.17,1140.0,,112.38,6.425,10402.61,,107.43,114.22,,105.82,1.2354
1071,2004-02-10,85.84,,,,,4.116,0.9427,,,15.94,,65.1,1143.25,,111.97,6.385,10365.4,,107.42,113.94,,105.58,1.2375
1072,2004-02-11,85.2,,,,,4.0287,0.927,,,15.39,,65.7,1155.25,,112.94,6.555,,,95.62,114.67,,105.34,1.2292
1073,2004-02-12,85.29,,,,,4.0484,0.9171,,,15.31,,66.26,1151.0,,112.34,6.617,10459.26,,96.34,114.47,,105.3,1.23
1074,2004-02-13,85.56,,,,,4.0137,0.9171,,,15.58,,65.71,1145.75,,112.69,6.579,10557.69,,96.33,114.83,,105.2,1.2389
1075,2004-02-16,85.47,,,,,4.053,,,,,,,,,,,10548.72,,,,,105.45,1.2342
1076,2004-02-17,85.02,,,,,4.0402,0.917,,,15.4,,66.62,1156.5,,112.75,6.777,10701.13,,93.61,114.8,,105.61,1.2255
1077,2004-02-18,85.88,,,,,4.0575,0.932,,,15.59,,66.03,1151.25,,112.81,6.697,10676.81,,92.63,114.78,,106.34,1.238
1078,2004-02-19,85.95,,,,,4.0363,0.932,,,15.8,,65.63,1147.25,,112.91,6.655,10753.8,,91.65,114.81,,106.91,1.2349
1079,2004-02-20,87.24,,,,,4.032,0.938,,,16.04,,63.66,1143.75,,112.25,6.53,10720.69,,92.83,114.47,,108.95,1.2597
1080,2004-02-23,87.04,,,,,4.0387,0.948,,,16.29,,63.87,1140.0,,112.84,6.487,10868.96,,91.04,114.89,,108.3,1.2551
1081,2004-02-24,86.14,,,,,4.0306,0.953,,,15.9,,64.75,1138.5,,113.12,6.619,10644.13,,90.94,115.05,,108.2,1.2424
1082,2004-02-25,87.25,,,,,4.0152,0.968,,,14.93,,63.36,1143.0,,113.22,6.532,10658.73,,92.36,115.14,,108.97,1.259
1083,2004-02-26,87.68,,,,,4.0402,0.953,,,14.83,,63.26,1143.25,,112.84,6.708,10815.29,,93.2,114.94,,109.48,1.2662
1084,2004-02-27,87.31,,,,,3.9716,0.948,,,14.55,,63.47,1144.5,,113.88,6.696,11041.92,,90.14,115.38,,109.25,1.2614
1085,2004-03-01,87.52,,,,,3.9754,0.963,,,14.44,,63.92,1155.5,,113.81,6.928,11271.12,,90.14,115.3,,108.91,1.2684
1086,2004-03-02,88.83,,,,,4.0556,0.968,,,14.86,,62.99,1149.0,,113.16,6.71,11361.51,,96.08,114.89,,110.15,1.2974
1087,2004-03-03,89.03,,,,,4.0536,0.963,,,14.55,,62.82,1150.75,,113.0,6.743,11351.92,,104.37,114.81,,110.11,1.2936
1088,2004-03-04,89.14,,,,,4.0228,0.963,,,14.4,,62.9,1154.25,,113.41,6.759,11401.79,,100.23,115.09,,111.25,1.2919
1089,2004-03-05,88.18,,,,,3.7847,0.953,,,14.48,,64.24,1157.75,,115.69,6.981,11537.29,,92.3,116.62,,112.0,1.2782
1090,2004-03-08,88.0,,,,,3.7703,0.953,,,15.79,,64.13,1144.0,,116.22,6.974,11502.86,,91.58,117.05,,111.29,1.2718
1091,2004-03-09,88.29,,,,,3.7249,0.948,,,16.6,,64.7,1139.5,,116.84,7.166,11532.04,,93.3,117.42,,111.46,1.2814
1092,2004-03-10,88.95,,,,,3.7308,0.958,,,18.67,,64.03,1120.25,,116.72,7.171,11433.24,,95.49,117.31,,110.89,1.2878
1093,2004-03-11,88.51,,,,,3.7116,0.948,,,20.67,,64.14,1105.5,,116.62,7.181,11297.04,,99.85,117.3,,110.83,1.2668
1094,2004-03-12,89.12,,,,,3.6803,0.968,,,18.3,,63.28,1118.0,,116.41,7.051,11162.75,,97.75,117.25,,110.65,1.2833
1095,2004-03-15,88.81,,,,,3.7657,0.953,,,21.13,,63.92,1105.0,,116.41,7.128,11317.9,,96.41,117.16,,110.31,1.2743
1096,2004-03-16,88.59,,,,,3.6832,0.968,,,20.34,,64.4,1110.25,,117.41,7.155,11242.29,,95.02,117.73,,108.71,1.2787
1097,2004-03-17,88.65,,,,,3.7168,0.938,,,18.11,,65.12,1122.5,,117.44,7.248,11436.86,,96.32,117.73,,108.26,1.2782
1098,2004-03-18,87.7,,,,,3.7251,0.938,,,18.53,,65.79,1122.75,,116.78,7.453,11484.28,,97.6,117.25,,106.79,1.257
1099,2004-03-19,88.16,,,,,3.7411,0.938,,,19.15,,66.01,1107.25,,116.38,7.551,11418.51,,97.6,116.98,,106.66,1.2697
1100,2004-03-22,87.81,,,,,3.7239,0.9374,,,21.58,,66.79,1093.25,,116.97,7.618,11318.51,,97.6,117.27,,106.76,1.2567
1101,2004-03-23,87.85,,,,,3.6939,0.943,,,20.67,,67.18,1091.25,,115.81,7.698,11281.09,,96.7,116.11,,106.76,1.2565
1102,2004-03-24,88.93,,,,,3.713,0.938,,,19.81,,66.76,1091.5,,115.84,7.64,11364.99,,96.7,116.17,,106.4,1.2766
1103,2004-03-25,88.9,,,,,3.7425,0.938,,,17.88,,66.68,1106.0,,115.44,7.592,11530.91,,97.4,116.03,,106.13,1.2799
1104,2004-03-26,88.89,,,,,3.7406,0.943,,,17.33,,67.53,1106.0,,114.12,7.707,11770.65,,105.3,115.22,,106.18,1.2837
1105,2004-03-29,88.63,,,,,3.892,0.937,,,16.5,,66.73,1121.75,,113.53,7.615,11718.24,,101.74,114.91,,105.84,1.281
1106,2004-03-30,88.43,,,,,3.8963,0.958,,,16.28,,67.46,1126.0,,113.38,7.766,11693.68,,102.0,114.84,,104.21,1.266
1107,2004-03-31,87.61,,,,,3.8405,0.948,,,16.74,,68.34,1125.0,,114.06,7.936,11715.39,,105.92,115.41,,103.74,1.2629
1108,2004-04-01,87.21,,,,,3.89,0.943,,,16.65,,68.42,1133.5,,113.47,8.139,11683.42,,112.4,114.88,,104.61,1.2917
1109,2004-04-02,88.51,,,,,3.8752,0.948,,,15.64,,67.42,1142.0,,110.94,8.146,11815.95,,112.16,112.94,,104.515,1.29
1110,2004-04-05,89.22,,,,,4.2163,0.937,,,14.97,,66.43,1148.25,,109.97,8.108,11958.32,,115.96,112.41,,105.76,1.2863
1111,2004-04-06,88.75,,,,,4.1494,0.938,,,15.32,,66.99,1144.75,,110.41,8.211,12079.7,,103.08,112.8,,105.22,1.2776
1112,2004-04-07,88.27,,,,,4.1651,0.938,,,15.76,,67.61,1142.25,,110.41,8.185,12019.62,,117.34,112.84,,106.42,1.283
1113,2004-04-08,89.02,,,,,4.1475,0.9375,,,16.26,,67.13,1139.5,,110.12,8.085,12092.59,,115.5,112.61,,106.4,1.2822
1114,2004-04-09,,,,,,,,,,,,,,,,,11897.51,,,,,106.4,1.2816
1115,2004-04-12,88.95,,,,,4.2304,0.937,,,15.28,,67.16,1144.0,,109.75,8.025,12042.7,,112.14,112.41,,106.82,1.3
1116,2004-04-13,89.83,,,,,4.3539,0.927,,,17.26,,65.05,1128.25,,108.53,7.445,12127.82,,113.12,111.56,,108.67,1.2992
1117,2004-04-14,90.24,,,,,4.366,0.958,,,15.62,,63.91,1129.75,,108.09,7.0,12098.18,,115.3,111.25,,108.21,1.2944
1118,2004-04-15,90.06,,,,,4.4003,0.953,,,15.74,,63.55,1125.0,,107.78,7.073,11800.4,,117.57,111.17,,107.8,1.2955
1119,2004-04-16,89.94,,,,,4.3218,0.943,,,14.94,,64.08,1134.0,,108.25,7.14,11824.56,,117.46,111.62,,107.825,1.2949
1120,2004-04-19,89.8,,,,,4.3865,0.943,,,15.42,,64.02,1133.75,,108.03,7.205,11764.21,,115.09,111.42,,108.96,1.3137
1121,2004-04-20,90.49,,,,,4.4669,0.989,,,16.67,,63.55,1114.5,,107.62,6.94,11952.26,,118.35,111.09,,109.35,1.3163
1122,2004-04-21,91.12,,,,,4.431,0.984,,,15.6,,62.45,1122.5,,107.69,6.165,11944.3,,117.79,110.97,,109.38,1.3066
1123,2004-04-22,90.82,,,,,4.3868,0.958,,,14.61,,62.85,1136.75,,108.31,6.023,11980.1,,113.14,111.39,,109.16,1.3143
1124,2004-04-23,91.08,,,,,4.3571,0.973,,,14.01,,63.14,1139.5,,107.47,6.158,12120.66,,114.68,110.67,,109.19,1.3152
1125,2004-04-26,90.62,,,,,4.4477,0.9938,,,14.77,,63.28,1138.0,,107.84,6.168,12163.89,,114.21,110.8,,109.52,1.298
1126,2004-04-27,90.41,,,,,4.3852,0.9784,,,15.07,,63.68,1138.0,,108.12,6.23,12044.88,,119.97,111.09,,110.02,1.3061
1127,2004-04-28,91.17,,,,,4.5023,0.989,,,16.29,,61.58,1123.5,,107.34,5.867,12004.29,,120.24,110.59,,109.93,1.2923
1128,2004-04-29,90.57,,,,,4.4454,0.973,,,16.6,,61.77,1114.0,,106.59,,,,121.55,110.17,,110.37,1.294
1129,2004-04-30,90.48,,,,,4.4875,0.9681,,,17.19,,61.83,1106.0,,107.09,,11761.79,,122.93,110.5,,110.41,1.2973
1130,2004-05-03,90.76,,,,,4.5018,0.978,,,16.62,,61.83,1116.0,,107.19,6.016,,,123.06,110.5,,109.55,1.281
1131,2004-05-04,89.81,,,,,4.5675,1.014,,,16.55,,62.52,1115.5,,106.66,6.037,,,119.98,110.3,,108.82,1.2753
1132,2004-05-05,89.31,,,,,4.5876,0.989,,,15.77,,62.84,1122.0,,106.38,6.104,,,132.99,110.06,,109.74,1.2847
1133,2004-05-06,89.88,,,,,4.6022,0.9988,,,17.05,,61.97,1113.0,,105.97,5.819,11571.34,,137.81,109.83,,112.31,1.2988
1134,2004-05-07,91.13,,,,,4.5369,1.065,,,18.13,,60.49,1095.5,,104.5,5.589,11438.82,,122.89,108.48,,112.295,1.3013
1135,2004-05-10,91.56,,,,,4.8005,1.055,,,19.77,,60.43,1083.5,,104.38,5.756,10884.7,,109.75,108.56,,112.94,1.295
1136,2004-05-11,91.66,,,,,4.7482,1.0602,,,18.57,,60.19,1092.25,,104.56,5.514,10907.18,,106.33,108.69,,112.97,1.2935
1137,2004-05-12,91.29,,,,,4.8219,1.03,,,18.14,,60.27,1098.75,,104.22,5.556,11153.58,,108.8,108.56,,114.59,1.3041
1138,2004-05-13,91.96,,,,,4.8643,0.994,,,18.86,,59.82,1093.75,,103.62,5.607,10825.1,,114.53,108.2,,114.11,1.2969
1139,2004-05-14,91.66,,,,,4.7703,0.984,,,18.47,,60.17,1094.75,,104.38,5.721,10849.63,,114.53,108.78,,114.1,1.2947
1140,2004-05-17,91.0,,,,,4.6946,1.06,,,19.96,,60.57,1085.5,,105.41,5.668,10505.05,,112.43,109.52,,114.09,1.2834
1141,2004-05-18,91.25,,,,,4.7321,1.055,,,19.33,,59.98,1090.25,,105.16,5.673,10711.09,,109.96,109.2,,112.85,1.2788
1142,2004-05-19,90.53,,,,,4.7757,1.04,,,18.93,,61.11,1086.75,,104.47,5.92,10967.74,,109.49,108.73,,112.73,1.2852
1143,2004-05-20,91.03,,,,,4.7078,1.029,,,18.67,,60.39,1090.5,,105.41,5.773,10862.04,,108.29,109.27,,112.34,1.279
1144,2004-05-21,90.49,,,,,4.6812,1.0242,,,18.49,,61.41,1092.5,,105.0,5.863,11070.25,,107.77,108.95,,112.45,1.2805
1145,2004-05-24,90.48,,,,,4.734,1.07,,,18.08,,61.54,1096.5,,105.38,5.99,11101.64,,103.1,109.12,,111.81,1.2728
1146,2004-05-25,89.84,,,,,4.728,1.081,,,15.96,,61.99,1112.5,,105.66,6.078,10962.93,,103.59,109.27,,111.86,1.2714
1147,2004-05-26,89.72,,,,,4.6647,1.081,,,15.97,,61.97,1116.0,,106.16,6.048,11152.09,,107.18,109.78,,111.07,1.2442
1148,2004-05-27,88.67,,,,,4.6077,1.065,,,15.28,,63.04,1122.75,,107.16,,11166.03,,104.78,110.39,,109.97,1.2517
1149,2004-05-28,88.95,,,,,4.592,1.075,,,15.5,,62.85,1120.25,,106.56,6.105,11309.57,,106.12,109.88,,110.0,1.253
1150,2004-05-31,,,,,,,,,,,,,,,,,11236.37,,,,,110.42,1.2463
1151,2004-06-01,88.88,,,,,4.7031,1.1675,,,16.3,,62.94,1121.25,,105.84,6.05,11296.76,,108.71,109.62,,109.85,1.25
1152,2004-06-02,88.84,,,,,4.7497,1.168,,,16.08,,62.46,1125.5,,105.59,5.833,11242.34,,121.5,109.38,,111.16,1.25
1153,2004-06-03,88.95,,,,,4.7218,1.173,,,17.03,,61.89,1115.0,,105.78,5.728,11027.05,,116.66,109.55,,111.26,1.2393
1154,2004-06-04,88.54,,,,,4.6813,1.203,,,16.78,,62.34,1123.25,,105.16,5.803,11128.05,,102.33,109.05,,111.29,1.24
1155,2004-06-07,88.25,,,,,4.7635,1.213,,,15.39,,62.78,1140.25,,105.25,5.894,11439.92,,96.02,109.22,,109.53,1.2381
1156,2004-06-08,88.51,,,,,4.7675,1.2442,,,15.01,,62.35,1142.0,,105.34,5.764,11521.93,,97.12,109.19,,110.39,1.2555
1157,2004-06-09,89.73,,,,,4.8075,1.275,,,15.39,,61.3,1131.5,,104.91,5.628,11449.74,,97.68,108.89,,109.27,1.245
1158,2004-06-10,89.25,,,,,4.8015,1.285,,,15.04,,61.52,1136.5,,105.25,5.745,11575.97,,98.71,109.11,,110.13,1.2597
1159,2004-06-11,90.01,,,,,,,,,,,,1136.25,,104.97,,11526.82,,,108.92,,110.165,1.2603
1160,2004-06-14,89.94,,,,,4.8759,1.3821,,,16.07,,61.14,1125.5,,104.31,5.655,11491.66,,103.86,108.52,,109.41,1.2486
1161,2004-06-15,89.09,,,,,4.6839,1.347,,,15.05,,61.86,1133.75,,106.56,5.732,11387.7,,101.1,109.95,,110.09,1.2676
1162,2004-06-16,90.04,,,,,4.7236,1.2954,,,14.79,,61.3,1133.0,,106.03,5.722,11641.72,,101.79,109.63,,109.58,1.2546
1163,2004-06-17,89.6,,,,,4.6838,1.265,,,15.15,,61.99,1131.5,,106.69,5.922,11607.9,,101.33,109.89,,108.72,1.2435
1164,2004-06-18,89.08,,,,,4.7175,1.2799,,,14.99,,62.97,1134.0,,106.47,5.981,11382.08,,99.12,109.75,,108.745,1.2421
1165,2004-06-21,89.29,,,,,4.6857,1.27,,,15.26,,62.78,1129.25,,106.69,5.858,11600.16,,97.36,109.95,,109.19,1.2482
1166,2004-06-22,89.43,,,,,4.7215,1.316,,,14.31,,62.94,1135.0,,105.09,5.865,11581.27,,100.36,108.45,,108.21,1.2534
1167,2004-06-23,89.42,,,,,4.6996,1.29,,,13.98,,62.94,1144.0,,105.25,5.873,11580.56,,101.36,108.55,,107.19,1.2443
1168,2004-06-24,88.75,,,,,4.6539,1.29,,,14.81,,64.21,1141.25,,105.97,6.173,11744.15,,103.77,108.97,,107.6,1.247
1169,2004-06-25,88.88,,,,,4.6321,1.3,,,15.19,,64.17,1135.25,,105.97,6.125,11780.4,,100.95,108.98,,107.635,1.2476
1170,2004-06-28,88.72,,,,,4.7373,1.321,,,16.07,,63.86,1131.75,,104.88,5.897,11884.06,,102.03,108.27,,108.19,1.2644
1171,2004-06-29,89.41,,,,,4.6895,1.388,,,15.47,,62.51,1135.75,,105.44,5.853,11860.81,,99.96,108.61,,108.87,1.2504
1172,2004-06-30,88.8,,,,,4.5826,1.295,,,14.34,,62.54,1140.5,,106.38,5.776,11858.87,,93.91,109.33,,108.47,1.249
1173,2004-07-01,88.79,,,,,4.5687,1.229,,,15.2,,63.08,1126.25,,106.81,5.935,11896.01,,99.72,109.67,,108.26,1.2332
1174,2004-07-02,87.97,,,,,4.4162,1.29,,,15.08,,63.45,1125.75,,108.03,5.998,11721.49,,94.71,110.5,,108.285,1.2327
1175,2004-07-05,88.23,,,,,,,,,,,,,,,,11541.71,,,,,109.41,1.2366
1176,2004-07-06,88.12,,,,,4.4763,1.28,,,16.25,,62.54,1115.0,,107.81,5.964,11475.27,,91.13,110.39,,108.52,1.2266
1177,2004-07-07,87.65,,,,,4.4783,1.301,,,15.81,,64.09,1118.0,,107.84,6.11,11384.86,,95.04,110.42,,108.85,1.2244
1178,2004-07-08,87.54,,,,,4.4762,1.27,,,16.2,,64.96,1110.75,,107.88,6.42,11322.23,,94.43,110.48,,108.18,1.2225
1179,2004-07-09,87.42,,,,,4.4586,1.275,,,15.78,,64.91,1112.75,,107.97,6.461,11423.53,,97.07,110.58,,108.205,1.2229
1180,2004-07-12,87.39,,,,,4.4486,1.29,,,14.96,,64.99,1113.5,,108.19,6.528,11582.28,,97.53,110.7,,108.42,1.2355
1181,2004-07-13,87.82,,,,,4.472,1.342,,,14.46,,64.03,1114.25,,107.78,6.378,11608.62,,103.84,110.44,,109.15,1.2293
1182,2004-07-14,87.58,,,,,4.4856,1.3516,,,13.76,,64.54,1111.25,,107.81,6.598,11356.65,,102.19,110.41,,109.76,1.2364
1183,2004-07-15,87.99,,,,,4.4836,1.352,,,14.71,,64.35,1103.5,,107.88,6.652,11409.14,,99.63,110.39,,108.73,1.2246
1184,2004-07-16,87.14,,,,,4.3471,1.346,,,14.34,,64.73,1102.75,,109.34,6.712,11436.0,,99.71,111.34,,108.73,1.226
1185,2004-07-19,87.18,,,,,4.3586,1.331,,,15.17,,64.57,1098.75,,109.34,6.587,,,95.32,111.33,,108.49,1.2434
1186,2004-07-20,87.83,,,,,4.452,1.341,,,14.17,,63.98,1112.0,,108.34,6.599,11258.37,,97.18,110.58,,109.87,1.2495
1187,2004-07-21,88.56,,,,,4.4676,1.357,,,16.41,,63.22,1090.5,,107.97,6.397,11433.86,,93.71,110.34,,109.76,1.2481
1188,2004-07-22,88.45,,,,,4.4499,1.377,,,15.75,,62.91,1093.75,,108.22,6.418,11285.04,,91.86,110.5,,110.15,1.2659
1189,2004-07-23,89.26,,,,,4.4303,1.372,,,16.5,,62.12,1085.5,,108.62,6.334,11187.33,,90.53,110.73,,110.175,1.2675
1190,2004-07-26,89.03,,,,,4.4888,1.423,,,17.3,,62.12,1083.0,,108.19,6.234,11159.55,,90.23,110.48,,110.88,1.2749
1191,2004-07-27,89.79,,,,,4.6192,1.48,,,16.55,,61.61,1092.5,,106.72,6.237,11031.54,,94.79,109.66,,111.75,1.2763
1192,2004-07-28,89.75,,,,,4.5894,1.459,,,16.15,,61.93,1095.5,,106.81,6.363,11204.37,,98.09,109.83,,112.11,1.281
1193,2004-07-29,89.95,,,,,4.5794,1.454,,,15.68,,61.61,1100.25,,106.97,6.345,11116.84,,97.13,109.97,,111.36,1.2813
1194,2004-07-30,89.96,,,,,4.4729,1.444,,,15.32,,62.23,1101.0,,108.22,6.55,11325.78,,97.21,110.72,,111.46,1.2817
1195,2004-08-02,89.75,,,,,4.453,1.459,,,15.37,,62.34,1105.5,,108.31,6.61,11222.24,,99.31,110.77,,110.65,1.2791
1196,2004-08-03,89.57,,,,,4.4295,1.4592,,,16.03,,62.67,1097.25,,108.78,6.675,11140.57,,98.9,111.08,,111.0,1.2749
1197,2004-08-04,89.68,,,,,4.4235,1.48,,,16.21,,62.39,1097.0,,108.72,6.727,11010.02,,106.46,111.02,,111.75,1.2754
1198,2004-08-05,89.64,,,,,4.4039,1.48,,,18.32,,62.4,1078.5,,109.0,6.74,11060.89,,106.83,111.23,,110.51,1.2505
1199,2004-08-06,88.36,,,,,4.2513,1.444,,,19.34,,63.56,1063.5,,110.84,6.767,10972.57,,103.11,112.72,,110.575,1.251
1200,2004-08-09,88.39,,,,,4.2638,1.4896,,,18.89,,63.7,1064.25,,110.69,6.729,10908.7,,98.85,112.48,,111.22,1.2617
1201,2004-08-10,88.79,,,,,4.2928,1.511,,,17.47,,63.59,1076.25,,110.38,6.714,10953.55,,96.53,112.12,,110.76,1.2613
1202,2004-08-11,88.85,,,,,4.2772,1.357,,,18.04,,62.89,1075.75,,110.56,6.519,11049.46,,89.72,112.25,,110.88,1.2571
1203,2004-08-12,88.69,,,,,4.2577,1.449,,,19.08,,62.69,1063.75,,110.75,6.549,11028.07,,93.34,112.44,,110.7,1.2383
1204,2004-08-13,87.9,,,,,4.2017,1.439,,,17.98,,63.41,1066.25,,111.34,6.617,10757.2,,96.13,112.78,,110.715,1.238
1205,2004-08-16,87.96,,,,,4.2635,1.4794,,,17.57,,64.05,1077.5,,110.75,6.73,10687.81,,94.46,112.53,,109.95,1.2447
1206,2004-08-17,88.06,,,,,4.1921,1.4695,,,17.02,,64.28,1083.0,,111.31,6.723,10725.97,,102.42,112.94,,109.43,1.244
1207,2004-08-18,88.08,,,,,4.2422,1.48,,,16.23,,64.27,1094.5,,111.06,6.83,10774.26,,106.71,112.75,,109.36,1.2423
1208,2004-08-19,87.79,,,,,4.2403,1.48,,,16.96,,64.69,1091.25,,111.19,6.815,10903.53,,100.68,112.89,,109.11,1.249
1209,2004-08-20,88.12,,,,,4.1997,1.495,,,16.0,,65.67,1098.75,,111.09,6.866,10889.14,,100.88,112.72,,109.135,1.2511
1210,2004-08-23,89.06,,,,,4.291,1.511,,,15.88,,65.25,1096.25,,110.5,6.741,10960.97,,104.42,112.39,,109.69,1.2714
1211,2004-08-24,89.46,,,,,4.277,1.547,,,15.33,,64.02,1097.5,,110.5,6.574,10985.33,,103.45,112.42,,110.1,1.273
1212,2004-08-25,89.42,,,,,4.269,1.552,,,14.98,,64.81,1103.75,,110.81,6.61,11130.02,,102.94,112.53,,109.62,1.2725
1213,2004-08-26,89.3,,,,,4.213,1.547,,,14.91,,64.74,1104.5,,111.25,6.675,11129.33,,102.53,112.8,,109.66,1.2784
1214,2004-08-27,89.77,,,,,4.188,1.552,,,14.71,,64.08,1108.25,,111.34,6.588,11209.59,,102.0,112.8,,109.595,1.2828
1215,2004-08-30,89.69,,,,,4.178,1.567,,,15.44,,64.81,1099.0,,111.81,6.705,11184.53,,100.03,113.09,,109.17,1.2667
1216,2004-08-31,88.94,,,,,4.119,1.593,,,15.29,,65.18,1104.0,,112.53,6.771,11081.79,,102.66,113.47,,109.36,1.2602
1217,2004-09-01,88.87,,,,,4.117,1.593,,,14.91,,64.93,1106.75,,112.62,6.793,11127.35,,105.44,113.61,,109.5,1.2613
1218,2004-09-02,88.98,,,,,4.2168,1.608,,,14.28,,64.49,1119.5,,111.88,6.768,11152.75,,106.86,113.17,,110.41,1.2714
1219,2004-09-03,89.63,,,,,4.289,1.628,,,13.91,,63.62,1114.5,,110.81,6.553,11022.49,,89.29,112.47,,110.435,1.2718
1220,2004-09-06,89.53,,,,,4.289,,,,,,,,,,,11244.37,,,,,109.37,1.2678
1221,2004-09-07,89.23,,,,,4.24,1.623,,,14.07,,63.13,1122.25,,111.47,6.199,11298.94,,84.95,112.75,,109.21,1.2594
1222,2004-09-08,88.77,,,,,4.166,1.649,,,14.06,,63.45,1118.75,,112.44,6.178,11279.19,,100.51,113.42,,109.39,1.2577
1223,2004-09-09,88.83,,,,,4.197,1.649,,,14.01,,63.29,1117.5,,112.03,6.154,11170.96,,98.73,113.25,,109.58,1.2573
1224,2004-09-10,88.39,,,,,4.13,1.649,,,13.76,,63.83,1124.0,,112.31,6.133,11083.23,,96.58,113.41,,109.605,1.2588
1225,2004-09-13,88.55,,,,,4.141,1.639,,,13.17,,64.17,1128.25,,112.62,6.183,11253.11,,91.73,113.61,,109.54,1.2575
1226,2004-09-14,88.46,,,,,4.128,1.659,,,13.56,,64.41,1130.0,,112.84,6.199,11295.58,,92.22,113.78,,110.02,1.2694
1227,2004-09-15,89.15,,,,,4.166,1.67,,,14.64,,64.3,1120.75,,112.41,6.271,11158.58,,91.98,113.5,,109.61,1.2679
1228,2004-09-16,88.79,,,,,4.078,1.675,,,14.39,,64.25,1124.5,,113.66,6.289,11139.36,,91.08,114.2,,109.7,1.2676
1229,2004-09-17,88.91,,,,,4.053,1.695,,,14.03,,64.43,1129.0,,113.06,6.259,11082.49,,93.66,113.83,,109.6,1.2692
1230,2004-09-20,88.99,,,,,4.06,1.715,,,14.43,,64.33,1122.25,,113.84,6.252,,,92.23,114.34,,109.78,1.2537
1231,2004-09-21,88.13,,,,,4.047,1.721,,,13.66,,64.82,1127.25,,113.75,6.346,11080.87,,88.24,114.22,,110.6,1.2596
1232,2004-09-22,88.51,,,,,3.984,1.716,,,14.74,,64.65,1113.0,,113.81,6.351,11019.41,,91.6,113.59,,110.74,1.2603
1233,2004-09-23,88.44,,,,,4.022,1.711,,,14.8,,65.22,1107.25,,113.41,6.446,,,98.19,113.23,,110.54,1.2603
1234,2004-09-24,88.4,,,,,4.033,1.731,,,14.28,,64.76,1111.5,,113.44,6.405,10895.16,,95.63,113.2,,110.805,1.2609
1235,2004-09-27,88.29,,,,,3.995,1.715,,,14.62,,64.92,1105.25,,113.81,6.529,10859.32,,93.39,113.44,,111.31,1.2596
1236,2004-09-28,88.11,,,,,4.006,1.721,,,13.83,,65.47,1109.75,,113.5,6.592,10815.57,,92.34,113.38,,111.02,1.2585
1237,2004-09-29,88.1,,,,,4.09,1.721,,,13.21,,65.55,1115.25,,112.62,6.673,10786.1,,92.56,112.78,,110.08,1.2455
1238,2004-09-30,87.36,,,,,4.123,1.705,,,13.34,,66.45,1115.0,,112.22,6.916,10823.57,,92.89,112.62,,110.48,1.2494
1239,2004-10-01,87.63,,,,,4.189,1.69,,,12.75,,66.58,1133.25,,111.47,6.918,10985.17,,93.08,112.16,,110.535,1.2503
1240,2004-10-04,88.38,,,,,4.166,1.685,,,13.41,,65.69,1135.5,,111.69,6.74,11279.63,,90.76,112.27,,111.06,1.2617
1241,2004-10-05,88.17,,,,,4.173,1.705,,,13.95,,66.35,1136.5,,111.72,7.079,11281.83,,87.42,112.33,,111.34,1.2655
1242,2004-10-06,88.48,,,,,4.226,1.705,,,13.28,,66.39,1142.75,,111.16,7.222,11385.38,,96.29,111.94,,111.11,1.2626
1243,2004-10-07,88.34,,,,,4.246,1.695,,,14.5,,66.31,1131.5,,110.84,7.194,11354.59,,100.6,111.78,,109.5,1.2504
1244,2004-10-08,87.45,,,,,4.129,1.7,,,15.05,,67.1,1122.0,,112.16,7.273,11349.35,,91.38,112.58,,109.525,1.2508
1245,2004-10-11,87.54,,,,,4.138,1.69,,,14.71,,66.92,1126.0,,112.16,7.23,,,,112.58,,109.67,1.256
1246,2004-10-12,88.02,,,,,4.084,1.705,,,15.05,,65.85,1122.5,,112.47,7.033,11201.81,,92.54,112.83,,109.67,1.2519
1247,2004-10-13,87.88,,,,,4.059,1.721,,,15.42,,65.53,1112.25,,112.72,6.878,11195.99,,91.83,113.09,,109.65,1.2439
1248,2004-10-14,87.55,,,,,4.024,1.726,,,16.43,,66.31,1103.0,,113.41,7.036,11034.29,,91.22,113.53,,109.37,1.2333
1249,2004-10-15,87.09,,,,,3.994,1.751,,,15.04,,66.4,1108.25,,113.0,7.091,10982.95,,90.59,113.22,,109.355,1.235
1250,2004-10-18,87.02,,,,,4.045,1.772,,,14.71,,66.01,1113.0,,113.09,6.968,10965.62,,86.88,113.23,,108.35,1.229
1251,2004-10-19,86.84,,,,,4.036,1.813,,,15.13,,66.64,1103.5,,113.38,7.176,11064.86,,85.85,113.28,,108.3,1.2219
1252,2004-10-20,86.35,,,,,3.984,1.818,,,14.85,,67.14,1101.75,,113.97,7.333,10882.18,,92.1,113.62,,107.41,1.2173
1253,2004-10-21,86.02,,,,,4.007,1.833,,,14.54,,67.27,1107.75,,114.03,7.291,10789.23,,86.54,113.58,,107.52,1.2095
1254,2004-10-22,85.87,,,,,3.978,1.848,,,15.28,,67.27,1096.0,,114.19,7.314,10857.13,,85.84,113.73,,107.205,1.21
1255,2004-10-25,84.97,,,,,3.976,1.869,,,16.58,,67.95,1095.25,,114.34,7.361,10659.15,,88.42,113.89,,106.68,1.2009
1256,2004-10-26,85.21,,,,,4.001,1.905,,,16.39,,67.59,1111.5,,114.19,7.321,10672.46,,91.91,113.8,,106.65,1.207
1257,2004-10-27,85.44,,,,,4.085,1.905,,,15.72,,67.27,1124.75,,113.06,7.187,10691.95,,95.42,113.09,,106.65,1.207
1258,2004-10-28,85.28,,,,,4.054,1.895,,,15.39,,67.35,1127.5,,113.16,7.179,10853.12,,97.27,113.19,,105.72,1.1951
1259,2004-10-29,84.91,,,,,4.022,1.92,,,16.27,,67.87,1130.25,,113.84,7.292,10771.42,,96.45,113.56,,105.79,1.1948
1260,2004-11-01,85.2,,,,,4.074,1.915,,,16.27,,67.68,1130.75,,113.12,7.317,10734.71,,96.79,113.12,,106.45,1.2023
1261,2004-11-02,85.47,,,,,4.054,1.977,,,16.18,,66.51,1130.5,,113.25,7.007,10887.81,,98.52,113.23,,106.07,1.2054
1262,2004-11-03,84.7,,,,,4.046,1.961,,,14.04,,67.24,1145.0,,113.44,7.145,,,105.38,113.3,,106.12,1.1941
1263,2004-11-04,84.54,,,,,4.077,1.977,,,13.97,,68.09,1160.5,,113.59,7.371,10946.27,,102.81,113.27,,106.08,1.1879
1264,2004-11-05,84.01,,,,,4.177,2.033,,,13.84,,68.65,1167.75,,112.25,7.493,11061.77,,92.68,112.42,,105.49,1.1768
1265,2004-11-08,84.09,,,,,4.222,2.048,,,13.8,,68.51,1166.5,,111.97,7.477,10983.83,,91.2,112.27,,105.62,1.182
1266,2004-11-09,84.29,,,,,4.23,2.099,,,13.61,,68.95,1164.25,,111.97,7.525,10964.87,,89.04,112.28,,105.75,1.1835
1267,2004-11-10,84.43,,,,,4.251,2.079,,,13.08,,68.7,1164.75,,111.53,7.412,10994.96,,86.77,112.02,,106.97,1.1823
1268,2004-11-11,84.37,,,,,4.243,2.145,,,13.04,,68.84,1173.75,,111.53,7.47,10846.92,,,111.08,,106.68,1.1776
1269,2004-11-12,83.69,,,,,4.175,2.068,,,13.33,,69.3,1182.75,,112.38,7.615,11019.98,,85.93,112.39,,105.65,1.1701
1270,2004-11-15,84.0,,,,,4.192,2.104,,,13.38,,69.14,1186.0,,112.56,7.567,11227.57,,86.72,112.45,,105.41,1.1796
1271,2004-11-16,83.8,,,,,4.209,2.135,,,13.21,,69.64,1177.5,,112.47,7.589,11161.75,,86.83,112.31,,105.42,1.1754
1272,2004-11-17,83.29,,,,,4.127,2.12,,,13.21,,70.36,1184.25,,113.28,7.662,11131.29,,86.21,112.8,,104.05,1.1622
1273,2004-11-18,83.69,,,,,4.117,2.135,,,12.98,,70.03,1185.0,,113.66,7.549,11082.42,,86.0,112.89,,104.3,1.1716
1274,2004-11-19,83.31,,,,,4.102,2.13,,,13.5,,70.68,1172.25,,112.72,7.597,11082.84,,87.6,112.3,,103.08,1.1601
1275,2004-11-22,83.19,,,,,4.182,2.166,,,12.97,,70.99,1178.0,,113.31,7.569,10849.39,,86.04,112.42,,103.16,1.1631
1276,2004-11-23,82.97,,,,,4.188,2.171,,,12.67,,70.84,1179.25,,113.25,7.612,,,85.68,112.33,,103.33,1.1572
1277,2004-11-24,82.41,,,,,4.203,2.171,,,12.72,,71.04,1182.0,,113.19,7.553,10872.33,,83.2,112.25,,102.84,1.1453
1278,2004-11-25,82.18,,,,,,,,,,,,,,,,10900.34,,,,,102.52,1.14
1279,2004-11-26,81.78,,,,,4.178,2.201,,,12.78,,,1180.75,,112.66,,10833.75,,84.9,112.05,,102.53,1.1387
1280,2004-11-29,81.93,,,,,4.324,2.196,,,13.3,,71.72,1176.0,,111.47,7.77,10977.89,,90.65,111.45,,103.03,1.1432
1281,2004-11-30,81.82,,,,,4.353,2.233,,,13.24,,71.31,1174.0,,111.09,7.723,10899.25,,89.56,111.45,,102.9,1.1395
1282,2004-12-01,81.56,,,,,4.369,2.223,,,12.97,,71.73,1189.75,,110.97,8.026,10784.25,,88.23,111.34,,102.51,1.1405
1283,2004-12-02,81.95,,,,,4.414,2.222,,,12.98,,71.17,1190.5,,110.62,7.908,10973.07,,91.23,111.22,,103.1,1.1526
1284,2004-12-03,80.98,,,,,4.256,2.222,,,12.96,,72.03,1189.25,,112.09,7.996,11074.89,,78.12,112.12,,102.09,1.1297
1285,2004-12-06,81.28,,,,,4.228,2.217,,,13.19,,71.73,1189.25,,112.47,7.916,10981.96,,72.33,112.28,,103.13,1.1414
1286,2004-12-07,81.24,,,,,4.226,2.243,,,13.67,,71.39,1177.75,,112.66,7.838,10873.63,,66.76,112.28,,102.86,1.1404
1287,2004-12-08,81.9,,,,,4.12,2.243,,,13.19,,69.03,1184.0,,114.03,7.102,10941.37,,82.02,112.95,,104.03,1.1485
1288,2004-12-09,82.03,,,,,4.174,2.228,,,12.88,,68.79,1188.5,,113.56,6.76,10776.63,,83.02,112.83,,104.68,1.1509
1289,2004-12-10,82.55,,,,,4.157,2.258,,,12.76,,68.49,1191.75,,113.66,6.706,10756.8,,82.98,112.94,,105.02,1.1607
1290,2004-12-13,82.1,,,,,4.153,2.232,,,12.54,,69.28,1202.5,,113.78,6.793,10789.25,,82.22,112.95,,104.69,1.1531
1291,2004-12-14,82.32,,,,,4.13,2.228,,,12.73,,68.81,1206.5,,114.12,6.718,10915.58,,80.23,113.06,,105.2,1.1536
1292,2004-12-15,81.63,,,,,4.078,2.212,,,12.35,,69.58,1207.25,,114.88,6.843,10956.46,,82.3,113.31,,104.25,1.1419
1293,2004-12-16,82.5,,,,,4.189,2.192,,,12.27,,68.95,1206.5,,113.53,6.69,10924.37,,86.3,112.7,,104.58,1.1584
1294,2004-12-17,82.16,,,,,4.168,2.201,,,11.95,,69.69,1198.25,,113.34,6.766,11078.32,,86.43,112.56,,104.15,1.1564
1295,2004-12-20,81.67,,,,,4.189,2.212,,,11.83,,69.8,1198.75,,113.75,6.83,11103.42,,81.64,112.7,,104.15,1.1496
1296,2004-12-21,81.94,,,,,4.172,2.233,,,11.55,,69.69,1208.0,,112.88,6.895,11125.92,,80.55,112.2,,104.3,1.1537
1297,2004-12-22,81.93,,,,,4.201,2.207,,,11.45,,69.45,1211.0,,112.47,6.803,11209.44,,81.08,112.03,,104.16,1.1525
1298,2004-12-23,81.34,,,,,4.22,2.196,,,11.23,,69.69,1211.75,,112.28,6.883,,,80.67,111.98,,103.55,1.1431
1299,2004-12-24,81.22,,,,,,,,,,,,,,,,11365.48,,,,,103.65,1.1441
1300,2004-12-27,80.72,,,,,4.302,2.227,,,12.14,,70.21,1208.5,,111.31,6.973,11362.35,,82.63,111.52,,102.89,1.1346
1301,2004-12-28,80.72,,,,,4.296,2.269,,,12.0,,70.07,1215.5,,111.38,7.026,11424.13,,85.8,111.5,,103.19,1.1349
1302,2004-12-29,80.97,,,,,4.33,2.228,,,11.62,,68.76,1217.0,,111.06,6.797,11381.56,,85.1,111.27,,103.94,1.1337
1303,2004-12-30,80.53,,,,,4.257,2.222,,,12.56,,68.98,1214.75,,111.75,6.807,11488.76,,86.6,111.67,,102.91,1.1334
1304,2004-12-31,80.85,,,,,4.218,2.227,,,13.29,,,1213.75,,112.5,,,,86.6,111.94,,102.51,1.1405
1305,2005-01-03,81.3,,,,,4.218,2.268,,,14.08,,67.61,1206.25,,112.53,6.477,,,83.9,111.88,,102.74,1.147
1306,2005-01-04,82.57,,,,,4.296,2.346,,,13.98,,67.53,1191.0,,111.78,6.427,11517.75,,83.3,111.41,,104.34,1.1676
1307,2005-01-05,82.54,,,,,4.285,2.325,,,14.09,,67.23,1183.25,,112.06,6.512,11437.52,,93.2,111.41,,103.93,1.1669
1308,2005-01-06,83.15,,,,,4.265,2.32,,,13.58,,66.34,1188.25,,112.09,6.433,11492.26,,92.4,111.48,,104.89,1.174
1309,2005-01-07,83.61,,,,,4.273,2.33,,,13.49,,66.01,1186.25,,112.09,6.429,11433.24,,92.38,111.38,,104.89,1.1841
1310,2005-01-10,83.29,,,,,4.275,2.314,,,13.23,,66.04,1191.75,,112.34,6.431,,,79.01,111.39,,104.17,1.1794
1311,2005-01-11,83.02,,,,,4.244,2.371,,,13.19,,66.46,1184.0,,112.88,6.623,11539.99,,77.85,111.58,,103.42,1.1824
1312,2005-01-12,82.14,,,,,4.238,2.33,,,12.56,,67.12,1187.5,,113.0,6.728,11453.39,,76.95,111.64,,102.44,1.1676
1313,2005-01-13,82.51,,,,,4.167,2.335,,,12.84,,66.89,1178.0,,113.66,6.73,11358.22,,75.77,112.0,,102.46,1.1721
1314,2005-01-14,83.06,,,,,4.22,2.365,,,12.43,,66.56,1183.75,,113.44,6.58,11438.39,,76.61,111.83,,101.98,1.1791
1315,2005-01-17,83.06,,,,,,,,,,,,,,,,11487.1,,,,,102.26,1.1845
1316,2005-01-18,83.36,,,,,4.193,2.36,,,12.47,,66.64,1195.75,,113.91,6.64,11423.26,,76.53,111.91,,102.26,1.1853
1317,2005-01-19,83.6,,,,,4.173,2.366,,,13.18,,66.59,1183.5,,113.97,6.61,11405.34,,75.96,111.92,,102.91,1.1851
1318,2005-01-20,83.84,,,,,4.173,2.366,,,13.83,,66.48,1176.5,,114.16,6.543,11284.77,,74.46,112.08,,103.37,1.1902
1319,2005-01-21,83.26,,,,,4.146,2.34,,,14.36,,67.15,1168.5,,114.38,6.797,11238.37,,76.3,112.3,,102.61,1.1854
1320,2005-01-24,83.24,,,,,4.126,2.34,,,14.65,,67.2,1166.25,,114.72,6.845,11289.49,,76.95,112.36,,102.58,1.185
1321,2005-01-25,83.99,,,,,4.198,2.412,,,14.06,,66.42,1169.75,,113.94,6.67,11276.91,,77.32,111.95,,104.02,1.1934
1322,2005-01-26,83.3,,,,,4.2,2.407,,,13.44,,67.17,1173.25,,113.94,6.793,11376.57,,78.19,111.88,,103.07,1.1825
1323,2005-01-27,83.43,,,,,4.224,2.433,,,13.24,,67.06,1174.75,,113.88,6.808,11341.31,,80.21,111.77,,102.85,1.1843
1324,2005-01-28,83.48,,,,,4.146,2.468,,,13.24,,67.01,1174.75,,114.66,,11320.58,,78.62,112.25,,102.83,1.1855
1325,2005-01-31,83.6,,,,,4.132,2.473,,,12.82,,66.39,1181.75,,114.84,6.737,11387.59,,79.29,112.27,,103.6,1.1878
1326,2005-02-01,83.45,,,,,4.144,2.52,,,12.03,,66.2,1189.25,,114.81,6.72,11384.4,,75.96,112.28,,103.64,1.1907
1327,2005-02-02,83.52,,,,,4.147,2.505,,,11.66,,66.21,1193.25,,114.88,6.74,11407.14,,83.9,112.25,,103.66,1.193
1328,2005-02-03,83.97,,,,,4.169,2.489,,,11.79,,65.51,1189.5,,114.81,6.667,11389.35,,83.78,112.03,,104.46,1.2025
1329,2005-02-04,84.39,,,,,4.085,2.483,,,11.21,,65.1,1202.0,,115.91,6.625,11360.4,,75.51,112.66,,104.04,1.2132
1330,2005-02-07,85.04,,,,,4.056,2.483,,,11.73,,65.02,1200.75,,116.47,6.545,11499.86,,72.24,112.77,,104.82,1.2238
1331,2005-02-08,85.1,,,,,4.023,2.53,,,11.6,,64.85,1202.25,,116.75,6.547,11490.43,,72.84,112.83,,105.71,1.221
1332,2005-02-09,85.02,,,,,3.99,2.515,,,12.0,,64.88,1193.0,,117.22,6.581,11473.35,,77.1,113.38,,105.59,1.2164
1333,2005-02-10,84.54,,,,,4.091,2.52,,,11.51,,65.54,1196.5,,116.03,6.956,11553.56,,80.4,112.83,,105.82,1.2074
1334,2005-02-11,84.57,,,,,4.092,2.53,,,11.43,,66.06,1207.0,,115.81,7.201,,,81.95,112.59,,105.75,1.2095
1335,2005-02-14,83.96,,,,,4.077,2.54,,,11.52,,66.89,1206.25,,116.22,7.333,11632.2,,84.66,112.72,,105.1,1.1979
1336,2005-02-15,83.59,,,,,4.102,2.577,,,11.27,,66.89,1210.75,,115.84,7.353,11646.49,,84.12,112.56,,104.55,1.1891
1337,2005-02-16,83.67,,,,,4.16,2.597,,,11.1,,66.82,1210.5,,115.25,7.248,11601.68,,84.1,112.11,,105.48,1.188
1338,2005-02-17,83.47,,,,,4.185,2.576,,,11.77,,67.09,1201.0,,114.78,7.365,11582.72,,74.24,112.0,,105.48,1.1838
1339,2005-02-18,83.49,,,,,4.264,2.612,,,11.18,,67.06,1202.25,,113.94,7.413,11660.12,,78.46,111.48,,105.63,1.1832
1340,2005-02-21,83.55,,,,,,,,,,,,,,,,11651.02,,,,,105.44,1.1827
1341,2005-02-22,82.41,,,,,4.291,2.622,,,13.14,,68.22,1184.75,,113.66,7.517,11597.71,,83.99,111.36,,104.23,1.1587
1342,2005-02-23,82.68,,,,,4.268,2.684,,,12.39,,68.26,1192.75,,113.84,7.441,11500.18,,81.69,111.42,,105.05,1.164
1343,2005-02-24,82.88,,,,,4.287,2.679,,,11.57,,68.2,1200.75,,113.75,7.381,11531.15,,82.94,111.31,,105.5,1.1699
1344,2005-02-25,82.66,,,,,4.268,2.73,,,11.49,,68.26,1212.0,,113.97,7.291,11658.25,,80.7,111.41,,105.24,1.162
1345,2005-02-28,82.51,,,,,4.383,2.766,,,12.08,,68.5,1204.0,,113.09,7.359,11740.6,,90.05,110.88,,104.53,1.1638
1346,2005-03-01,82.77,,,,,4.371,2.761,,,12.04,,67.92,1210.0,,112.91,7.229,11780.53,,89.23,110.78,,104.45,1.167
1347,2005-03-02,83.08,,,,,4.381,2.731,,,12.5,,67.9,1209.5,,112.75,7.307,11813.71,,101.41,110.75,,104.77,1.1736
1348,2005-03-03,83.28,,,,,4.385,2.746,,,12.93,,67.43,1210.0,,112.69,7.229,11856.46,,99.44,110.69,,105.29,1.1811
1349,2005-03-04,82.54,,,,,4.317,2.771,,,11.94,,68.11,1224.25,,113.69,7.349,11873.05,,83.0,111.09,,104.79,1.1684
1350,2005-03-07,82.79,,,,,4.314,2.745,,,12.26,,68.22,1225.25,,114.03,7.359,11925.36,,76.3,111.16,,105.09,1.1743
1351,2005-03-08,81.98,,,,,4.397,2.751,,,12.4,,69.05,1220.5,,113.19,7.502,11886.91,,81.93,110.67,,104.57,1.1607
1352,2005-03-09,81.63,,,,,4.528,2.751,,,12.7,,69.33,1207.0,,111.62,7.604,11966.69,,92.1,109.84,,104.01,1.1602
1353,2005-03-10,81.57,,,,,4.469,2.751,,,12.49,,69.4,1209.5,,112.16,7.492,11864.91,,91.14,110.14,,103.93,1.1525
1354,2005-03-11,81.42,,,,,4.55,2.771,,,12.8,,69.93,1205.5,,111.41,7.535,11923.89,,93.7,109.66,,104.08,1.1491
1355,2005-03-14,81.97,,,,,4.516,2.771,,,12.39,,69.12,1212.0,,111.59,7.38,11850.25,,93.2,109.77,,104.93,1.1597
1356,2005-03-15,82.12,,,,,4.551,2.803,,,13.15,,69.09,1202.75,,111.31,7.377,11821.09,,92.0,109.66,,104.54,1.1652
1357,2005-03-16,81.62,,,,,4.506,2.787,,,13.49,,69.53,1192.0,,111.56,7.425,11873.18,,90.77,109.88,,104.19,1.1529
1358,2005-03-17,81.84,,,,,4.466,2.787,,,13.29,,68.73,1194.0,,111.91,7.385,11775.5,,92.12,110.17,,104.53,1.1574
1359,2005-03-18,82.13,,,,,4.511,2.791,,,13.14,,68.83,1190.75,,111.53,7.377,11879.81,,90.1,110.02,,104.71,1.1636
1360,2005-03-21,82.88,,,,,4.529,2.822,,,13.61,,67.54,1186.25,,111.41,7.097,,,91.3,109.94,,105.21,1.1789
1361,2005-03-22,83.36,,,,,4.645,2.864,,,14.27,,67.57,1174.25,,109.75,7.07,11841.97,,90.7,108.42,,105.6,1.189
1362,2005-03-23,84.0,,,,,4.588,2.823,,,14.06,,66.59,1174.5,,109.94,6.977,11739.12,,89.0,108.36,,105.91,1.1959
1363,2005-03-24,84.13,,,,,4.603,2.827,,,13.42,,66.51,1175.5,,110.16,6.933,11745.97,,88.37,108.45,,106.42,1.2025
1364,2005-03-25,,,,,,,,,,,,,,,,,11761.1,,,,,106.36,1.199
1365,2005-03-28,84.62,,,,,4.644,2.843,,,13.75,,66.7,1177.5,,109.84,6.91,11792.3,,88.91,108.23,,107.33,1.2
1366,2005-03-29,84.32,,,,,4.577,2.823,,,14.49,,66.7,1170.0,,110.19,7.012,11599.82,,89.59,108.52,,107.53,1.2
1367,2005-03-30,84.29,,,,,4.554,2.818,,,13.64,,66.84,1185.5,,110.69,7.141,11565.88,,91.0,108.75,,107.14,1.1958
1368,2005-03-31,84.06,,,,,4.486,2.766,,,14.02,,67.09,1184.0,,111.38,7.17,11668.95,,87.7,109.27,,107.66,1.2024
1369,2005-04-01,84.43,,,,,4.454,2.776,,,14.09,,66.65,1177.75,,111.78,6.99,11723.63,,75.16,109.53,,107.605,1.2031
1370,2005-04-04,84.78,,,,,4.462,2.745,,,14.11,,66.29,1179.75,,111.78,7.02,11667.54,,75.11,109.56,,108.27,1.2064
1371,2005-04-05,84.66,,,,,4.474,2.777,,,13.68,,66.39,1185.25,,111.59,7.039,11774.31,,73.64,109.47,,108.68,1.2059
1372,2005-04-06,84.68,,,,,4.426,2.767,,,13.15,,66.79,1189.25,,111.78,7.116,11827.16,,81.15,109.7,,108.59,1.2074
1373,2005-04-07,84.87,,,,,4.488,2.751,,,12.33,,66.67,1195.25,,111.34,7.071,11810.99,,79.28,109.47,,108.16,1.1964
1374,2005-04-08,84.47,,,,,4.474,2.781,,,12.62,,66.73,1183.5,,111.34,7.161,11874.75,,81.4,109.34,,108.215,1.1968
1375,2005-04-11,84.16,,,,,4.436,2.755,,,11.98,,66.98,1183.75,,111.84,7.251,11745.64,,78.2,109.62,,107.8,1.1995
1376,2005-04-12,84.42,,,,,4.36,2.777,,,11.3,,66.81,1190.0,,112.78,7.151,11670.3,,75.94,110.22,,107.32,1.2
1377,2005-04-13,84.42,,,,,4.368,2.767,,,13.31,,67.07,1176.0,,112.59,7.221,11637.52,,75.59,110.23,,108.3,1.2154
1378,2005-04-14,85.0,,,,,4.318,2.766,,,14.53,,66.23,1160.5,,112.53,7.056,11563.17,,74.42,110.39,,107.71,1.1999
1379,2005-04-15,84.56,,,,,4.248,2.797,,,17.74,,66.37,1143.5,,113.56,7.018,11370.69,,83.84,110.95,,107.825,1.2006
1380,2005-04-18,84.0,,,,,4.274,2.909,,,16.56,,66.76,1146.75,,113.88,7.041,10938.44,,83.84,111.11,,106.86,1.1804
1381,2005-04-19,83.76,,,,,4.219,2.911,,,14.96,,67.6,1155.75,,114.38,7.246,11065.86,,84.11,111.44,,106.85,1.1772
1382,2005-04-20,83.52,,,,,4.191,2.864,,,16.92,,67.96,1139.75,,114.28,7.333,11088.58,,84.0,111.39,,106.77,1.183
1383,2005-04-21,83.7,,,,,4.3,2.874,,,14.41,,67.6,1161.5,,113.44,7.213,10984.39,,85.81,110.77,,105.95,1.1804
1384,2005-04-22,83.5,,,,,4.247,2.915,,,15.38,,67.79,1157.25,,114.0,7.271,11045.95,,84.18,111.05,,106.015,1.1816
1385,2005-04-25,83.82,,,,,4.253,2.904,,,14.62,,67.82,1164.0,,114.19,7.256,11073.77,,78.55,111.03,,106.12,1.1867
1386,2005-04-26,83.96,,,,,4.269,2.916,,,14.91,,68.31,1153.75,,114.06,7.251,11035.83,,79.2,110.97,,105.93,1.1934
1387,2005-04-27,84.12,,,,,4.231,2.89,,,14.87,,67.55,1157.25,,114.34,7.134,11005.42,,79.12,111.2,,106.04,1.1918
1388,2005-04-28,84.35,,,,,4.146,2.874,,,16.86,,67.29,1143.0,,115.03,6.907,11008.9,,78.25,111.67,,104.65,1.195
1389,2005-04-29,84.43,,,,,4.206,2.91,,,15.31,,67.86,1158.5,,114.84,6.903,,,82.53,111.42,,104.675,1.1957
1390,2005-05-02,84.49,,,,,4.192,2.884,,,15.12,,66.99,1163.5,,114.88,6.84,11002.11,,82.3,111.5,,104.87,1.1973
1391,2005-05-03,84.51,,,,,4.168,2.916,,,14.53,,66.56,1166.0,,114.84,6.851,,,81.5,111.38,,104.52,1.1913
1392,2005-05-04,84.0,,,,,4.192,2.839,,,13.85,,66.91,1175.25,,114.66,6.982,,,86.9,111.58,,104.51,1.1936
1393,2005-05-05,83.94,,,,,4.16,2.807,,,13.98,,67.02,1175.0,,114.91,7.05,,,82.98,111.83,,105.07,1.2055
1394,2005-05-06,84.61,,,,,4.262,2.874,,,14.05,,66.43,1171.25,,114.0,6.952,11192.17,,78.4,111.02,,105.06,1.2072
1395,2005-05-09,84.64,,,,,4.288,2.863,,,13.75,,66.43,1178.25,,114.03,7.067,11171.32,,78.7,110.92,,105.46,1.2
1396,2005-05-10,84.45,,,,,4.202,2.9,,,14.91,,66.59,1166.25,,114.62,7.1,11159.46,,78.9,111.38,,105.75,1.2054
1397,2005-05-11,84.94,,,,,4.21,2.864,,,14.45,,66.59,1172.5,,114.91,7.08,11120.7,,83.0,111.5,,106.82,1.2171
1398,2005-05-12,85.49,,,,,4.176,2.885,,,16.12,,65.7,1159.25,,115.16,6.948,11077.94,,82.17,111.66,,107.31,1.2259
1399,2005-05-13,86.1,,,,,4.127,2.817,,,16.32,,65.47,1156.75,,115.66,6.925,11049.11,,87.1,111.97,,107.32,1.2257
1400,2005-05-16,86.12,,,,,4.135,2.801,,,15.68,,65.25,1167.0,,115.62,6.935,10947.22,,88.5,111.98,,107.43,1.2255
1401,2005-05-17,86.21,,,,,4.121,2.9,,,14.57,,65.33,1175.25,,115.75,7.025,10825.39,,84.7,112.08,,107.01,1.2177
1402,2005-05-18,85.82,,,,,4.098,2.854,,,13.63,,65.65,1186.75,,116.31,7.185,10835.41,,81.22,112.44,,107.6,1.2221
1403,2005-05-19,86.09,,,,,4.119,2.879,,,13.32,,65.47,1191.25,,115.97,7.12,11077.16,,77.19,112.12,,108.15,1.2322
1404,2005-05-20,86.63,,,,,4.125,2.884,,,13.14,,64.99,1190.25,,115.97,6.935,11037.29,,76.6,112.05,,108.16,1.2335
1405,2005-05-23,86.4,,,,,4.071,2.909,,,12.95,,64.86,1196.25,,116.69,6.95,11158.65,,73.86,112.53,,107.59,1.2306
1406,2005-05-24,86.37,,,,,4.035,2.952,,,12.69,,64.99,1193.75,,116.94,6.988,11133.65,,73.82,113.0,,107.68,1.2272
1407,2005-05-25,86.35,,,,,4.09,2.936,,,12.58,,65.19,1192.5,,116.44,7.123,11014.43,,74.06,112.72,,108.03,1.2363
1408,2005-05-26,86.85,,,,,4.086,2.915,,,12.24,,65.05,1198.0,,116.41,7.152,11027.94,,72.6,112.55,,107.98,1.2298
1409,2005-05-27,86.42,,,,,4.075,2.951,,,12.15,,65.33,1200.25,,116.44,7.302,11192.33,,73.75,112.62,,108.02,1.2316
1410,2005-05-30,,,,,,,,,,,,,,,,,11266.33,,,,,108.4,1.2476
1411,2005-05-31,87.76,,,,,3.987,2.935,,,13.29,,64.79,1192.25,,117.47,7.444,11276.59,,75.0,112.84,,108.66,1.2558
1412,2005-06-01,88.11,,,,,3.892,2.988,,,12.36,,64.6,1201.25,,118.41,7.508,11329.67,,79.13,113.53,,108.21,1.2517
1413,2005-06-02,87.75,,,,,3.911,2.982,,,11.84,,65.7,1205.25,,118.75,7.526,11280.05,,80.76,113.58,,107.64,1.2526
1414,2005-06-03,88.04,,,,,3.981,3.007,,,12.15,,65.85,1198.5,,117.81,7.49,11300.05,,78.9,112.98,,107.63,1.253
1415,2005-06-06,87.6,,,,,3.956,2.992,,,12.28,,66.25,1198.0,,118.06,7.521,11270.62,,78.44,113.14,,106.63,1.246
1416,2005-06-07,87.49,,,,,3.907,3.008,,,12.39,,65.99,1199.0,,118.69,7.429,11217.45,,77.86,113.58,,107.22,1.2539
1417,2005-06-08,87.88,,,,,3.943,3.029,,,12.7,,65.98,1196.0,,118.28,7.458,11281.03,,82.96,113.38,,107.48,1.2544
1418,2005-06-09,88.07,,,,,3.954,2.993,,,12.08,,65.9,1201.0,,118.03,7.253,11160.88,,80.86,113.16,,108.65,1.2681
1419,2005-06-10,88.69,,,,,4.057,3.002,,,11.96,,66.39,1204.0,,117.12,7.276,11304.23,,82.53,112.53,,108.665,1.2686
1420,2005-06-13,88.95,,,,,4.092,2.986,,,11.65,,66.67,1207.5,,116.62,7.253,11311.51,,80.53,112.27,,109.4,1.2779
1421,2005-06-14,89.26,,,,,4.113,2.993,,,11.79,,66.39,1210.0,,116.06,7.269,11335.92,,80.17,112.0,,109.17,1.2701
1422,2005-06-15,88.65,,,,,4.111,2.988,,,11.46,,66.64,1211.75,,116.22,7.32,11415.88,,75.24,111.97,,108.96,1.2722
1423,2005-06-16,88.72,,,,,4.071,2.957,,,11.15,,67.72,1215.75,,116.78,7.36,11416.38,,73.4,112.3,,108.53,1.2573
1424,2005-06-17,87.73,,,,,4.074,2.982,,,11.48,,68.05,1220.5,,116.78,7.33,11514.03,,72.4,112.17,,108.525,1.2576
1425,2005-06-20,88.49,,,,,4.117,2.976,,,11.47,,68.05,1220.0,,116.5,7.297,11483.35,,72.2,112.05,,108.41,1.266
1426,2005-06-21,88.18,,,,,4.047,3.013,,,11.08,,68.13,1221.0,,117.22,7.287,11488.74,,73.5,112.55,,108.76,1.2718
1427,2005-06-22,88.56,,,,,3.946,3.019,,,11.05,,68.0,1221.0,,118.44,7.253,11547.28,,77.18,113.64,,108.92,1.2797
1428,2005-06-23,89.12,,,,,3.957,3.07,,,12.13,,68.54,1204.0,,118.34,7.27,11576.75,,76.51,113.5,,108.97,1.275
1429,2005-06-24,88.78,,,,,3.919,3.069,,,12.18,,68.36,1195.75,,118.94,7.278,11537.03,,76.0,113.83,,109.055,1.275
1430,2005-06-27,88.45,,,,,3.909,3.1,,,12.52,,68.31,1196.25,,119.25,7.24,11414.28,,74.5,113.94,,109.77,1.2796
1431,2005-06-28,88.99,,,,,3.974,3.147,,,11.58,,67.69,1206.75,,118.5,7.096,11513.83,,75.7,113.44,,110.44,1.2814
1432,2005-06-29,89.11,,,,,3.986,3.127,,,11.77,,67.83,1203.0,,118.16,7.057,11577.44,,76.79,113.27,,110.86,1.2831
1433,2005-06-30,89.11,,,,,3.919,3.126,,,12.04,,67.6,1195.5,,118.75,7.028,11584.01,,75.6,113.47,,111.74,1.2964
1434,2005-07-01,90.13,,,,,4.051,3.156,,,11.4,,66.32,1200.0,,117.62,6.851,11630.13,,78.85,112.75,,111.75,1.2971
1435,2005-07-04,90.43,,,,,,,,,,,,,,,6.846,11651.55,,,,,111.55,1.3023
1436,2005-07-05,90.44,,,,,4.111,3.161,,,11.68,,65.56,1209.0,,116.81,6.83,11616.7,,78.35,112.16,,112.25,1.3026
1437,2005-07-06,90.38,,,,,4.074,3.188,,,12.27,,65.65,1198.5,,117.25,6.916,11603.53,,86.29,112.41,,112.0,1.2988
1438,2005-07-07,90.28,,,,,4.066,3.142,,,12.49,,65.61,1202.75,,117.59,6.949,11590.14,,87.85,112.62,,112.26,1.2989
1439,2005-07-08,90.25,,,,,4.095,3.182,,,11.45,,65.54,1216.5,,116.84,6.994,11565.99,,80.12,112.08,,112.255,1.2988
1440,2005-07-11,89.46,,,,,4.099,3.156,,,11.28,,65.93,1223.5,,117.12,7.069,11674.79,,82.93,112.12,,110.96,1.2719
1441,2005-07-12,88.41,,,,,4.15,3.209,,,10.95,,66.06,1225.5,,116.62,7.048,11692.14,,81.08,111.88,,112.01,1.2912
1442,2005-07-13,89.31,,,,,4.16,3.204,,,10.84,,65.67,1228.0,,116.41,7.033,11659.84,,81.49,111.77,,112.28,1.2891
1443,2005-07-14,89.4,,,,,4.179,3.229,,,10.81,,64.99,1231.75,,116.22,6.961,11764.26,,76.47,111.62,,112.21,1.296
1444,2005-07-15,89.72,,,,,4.171,3.259,,,10.33,,65.14,1231.25,,116.41,6.956,11758.68,,77.5,111.7,,112.22,1.2955
1445,2005-07-18,89.64,,,,,4.226,3.259,,,10.77,,65.11,1226.5,,115.69,6.974,,,76.62,111.52,,112.9,1.3002
1446,2005-07-19,89.85,,,,,4.183,3.302,,,10.45,,64.98,1233.25,,116.03,6.954,11764.84,,77.42,111.75,,112.73,1.2846
1447,2005-07-20,89.34,,,,,4.158,3.297,,,10.23,,65.27,1236.5,,116.5,7.038,11789.35,,74.16,111.89,,110.43,1.2858
1448,2005-07-21,88.93,,,,,4.284,3.343,,,10.97,,65.83,1230.0,,115.16,7.106,11786.73,,78.5,111.09,,111.3,1.2963
1449,2005-07-22,89.64,,,,,4.222,3.373,,,10.52,,65.72,1237.0,,115.84,7.086,11695.05,,75.54,111.42,,111.38,1.298
1450,2005-07-25,89.6,,,,,4.25,3.403,,,11.1,,65.86,1234.0,,115.59,7.113,11762.65,,75.77,111.28,,112.51,1.2996
1451,2005-07-26,90.0,,,,,4.23,3.436,,,10.99,,65.48,1235.0,,115.66,6.993,11737.96,,74.07,111.31,,112.45,1.2955
1452,2005-07-27,89.73,,,,,4.256,3.4,,,10.36,,65.68,1239.75,,115.44,7.015,11835.08,,73.78,111.16,,112.27,1.2851
1453,2005-07-28,89.34,,,,,4.195,3.389,,,10.52,,66.09,1247.0,,116.34,7.178,11858.31,,72.51,111.64,,112.44,1.2886
1454,2005-07-29,89.35,,,,,4.284,3.409,,,11.57,,66.47,1236.75,,115.31,7.238,11899.6,,74.8,110.98,,112.55,1.2888
1455,2005-08-01,88.8,,,,,4.316,3.429,,,12.08,,66.76,1237.5,,114.97,7.281,11946.92,,76.52,110.69,,111.39,1.2765
1456,2005-08-02,88.76,,,,,4.34,3.477,,,11.75,,66.76,1245.0,,114.66,7.238,11940.2,,76.8,110.59,,111.1,1.2612
1457,2005-08-03,87.99,,,,,4.296,3.451,,,11.83,,67.53,1247.75,,115.16,7.284,11981.8,,78.19,110.83,,111.23,1.2579
1458,2005-08-04,87.8,,,,,4.318,3.472,,,12.52,,67.68,1238.0,,114.91,7.23,11883.31,,77.6,110.67,,111.8,1.2618
1459,2005-08-05,88.06,,,,,4.392,3.507,,,12.48,,67.54,1229.75,,114.19,7.137,11766.48,,75.97,110.11,,111.895,1.2615
1460,2005-08-08,87.92,,,,,4.426,3.506,,,13.21,,67.16,1227.25,,113.94,6.996,11778.98,,75.19,109.95,,111.78,1.2587
1461,2005-08-09,87.89,,,,,4.392,3.518,,,12.4,,67.08,1234.25,,114.25,7.016,11900.32,,72.63,110.19,,110.65,1.2564
1462,2005-08-10,87.61,,,,,4.396,3.503,,,12.38,,67.42,1233.75,,114.22,7.061,12098.08,,72.97,110.19,,109.7,1.2451
1463,2005-08-11,87.1,,,,,4.328,3.513,,,12.42,,68.78,1238.5,,114.91,7.169,12263.32,,72.25,110.62,,109.34,1.247
1464,2005-08-12,86.98,,,,,4.248,3.517,,,12.74,,68.85,1231.0,,115.97,7.076,12261.68,,74.01,111.17,,109.37,1.2476
1465,2005-08-15,87.32,,,,,4.289,3.496,,,12.26,,68.27,1237.5,,115.66,6.953,12256.55,,73.53,110.95,,109.6,1.2565
1466,2005-08-16,87.43,,,,,4.213,3.539,,,13.52,,68.87,1221.5,,116.16,7.033,12315.67,,73.85,111.33,,109.85,1.2615
1467,2005-08-17,88.0,,,,,4.275,3.518,,,13.3,,67.91,1221.5,,115.59,6.985,12273.12,,73.3,110.95,,110.46,1.2712
1468,2005-08-18,88.59,,,,,4.206,3.477,,,13.42,,67.83,1221.0,,116.25,6.99,12307.37,,72.42,111.58,,110.44,1.2754
1469,2005-08-19,88.58,,,,,4.211,3.512,,,13.42,,67.45,1223.75,,116.25,7.0,12291.73,,73.3,111.58,,110.495,1.2754
1470,2005-08-22,88.14,,,,,4.213,3.491,,,13.42,,67.57,1224.0,,116.25,7.054,12452.51,,71.7,111.59,,109.86,1.2695
1471,2005-08-23,88.08,,,,,4.184,3.519,,,13.34,,67.77,1221.5,,116.53,6.962,12472.93,,71.36,111.72,,110.23,1.2638
1472,2005-08-24,87.91,,,,,4.171,3.503,,,14.17,,67.45,1210.0,,116.59,6.918,12502.26,,71.5,111.75,,110.07,1.2562
1473,2005-08-25,87.64,,,,,4.161,3.513,,,13.73,,67.59,1213.5,,117.0,6.828,12405.16,,72.16,111.86,,110.16,1.2581
1474,2005-08-26,87.86,,,,,4.192,3.553,,,13.72,,67.43,1206.0,,116.69,6.74,12439.48,,73.63,111.58,,110.115,1.2597
1475,2005-08-29,88.25,,,,,4.174,3.563,,,13.52,,67.33,1214.5,,116.91,6.73,12309.83,,72.22,111.73,,111.35,1.2692
1476,2005-08-30,88.35,,,,,4.094,3.565,,,13.65,,66.43,1208.5,,117.69,6.691,12453.14,,75.0,112.45,,110.65,1.2535
1477,2005-08-31,87.58,,,,,4.016,3.539,,,12.6,,66.82,1221.5,,118.38,6.781,12413.6,,78.2,112.92,,109.89,1.2348
1478,2005-09-01,86.55,,,,,4.033,3.43,,,13.15,,68.11,1221.75,,118.25,6.966,12506.97,,85.07,113.12,,109.8,1.2295
1479,2005-09-02,86.3,,,,,4.046,3.445,,,13.57,,68.41,1219.75,,118.09,7.008,12600.0,,80.66,113.11,,109.945,1.2309
1480,2005-09-05,,,,,,,,,,,,,,,,,12634.88,,,,,109.61,1.239
1481,2005-09-06,86.57,,,,,4.103,3.491,,,12.93,,68.42,1234.25,,117.5,7.031,12599.43,,76.58,112.88,,110.03,1.2429
1482,2005-09-07,86.97,,,,,4.141,3.482,,,12.52,,68.49,1235.5,,116.66,7.051,12607.59,,80.3,112.58,,110.51,1.2449
1483,2005-09-08,87.04,,,,,4.145,3.451,,,12.93,,68.75,1232.0,,116.66,6.966,12533.89,,80.33,112.5,,109.62,1.2428
1484,2005-09-09,86.89,,,,,4.122,3.481,,,11.98,,69.1,1248.5,,116.91,7.003,12692.04,,79.91,112.56,,109.7,1.2433
1485,2005-09-12,87.71,,,,,4.176,3.491,,,11.65,,69.2,1246.5,,116.34,6.998,12896.43,,78.21,112.25,,110.71,1.2597
1486,2005-09-13,87.75,,,,,4.132,3.472,,,12.39,,68.64,1239.0,,116.69,6.943,12901.95,,78.89,112.55,,110.47,1.2586
1487,2005-09-14,87.67,,,,,4.172,3.431,,,12.91,,69.2,1234.5,,116.31,6.986,12834.25,,77.94,112.27,,110.6,1.2661
1488,2005-09-15,88.13,,,,,4.215,3.43,,,12.49,,70.06,1233.5,,115.66,7.019,12986.78,,79.5,111.83,,111.32,1.2695
1489,2005-09-16,88.05,,,,,4.277,3.496,,,11.22,,70.67,1242.25,,115.16,7.229,12958.68,,82.5,111.42,,111.33,1.2697
1490,2005-09-19,88.44,,,,,4.253,3.532,,,12.14,,71.75,1238.0,,115.25,7.338,,,82.4,111.47,,111.96,1.2818
1491,2005-09-20,88.6,,,,,4.244,3.606,,,12.64,,71.69,1227.5,,115.47,7.315,13148.57,,77.53,111.38,,111.96,1.2818
1492,2005-09-21,88.14,,,,,4.168,3.384,,,13.79,,72.09,1216.0,,116.16,7.355,13196.57,,77.3,111.69,,111.63,1.2788
1493,2005-09-22,88.56,,,,,4.185,3.456,,,13.33,,71.73,1219.75,,115.88,7.353,13159.36,,77.92,111.23,,112.48,1.2919
1494,2005-09-23,89.21,,,,,4.255,3.491,,,12.96,,71.26,1220.5,,115.16,7.273,,,78.17,110.67,,112.515,1.2925
1495,2005-09-26,89.11,,,,,4.296,3.486,,,13.04,,71.61,1221.5,,114.66,7.307,13392.63,,78.14,110.36,,113.25,1.2953
1496,2005-09-27,89.6,,,,,4.285,3.487,,,12.76,,71.11,1221.75,,114.56,7.271,13310.04,,75.9,110.27,,112.91,1.2897
1497,2005-09-28,89.47,,,,,4.259,3.446,,,12.63,,72.16,1222.75,,115.16,7.347,13435.91,,75.46,110.44,,113.2,1.2952
1498,2005-09-29,89.4,,,,,4.302,3.534,,,12.24,,72.57,1231.75,,114.78,7.501,13617.24,,75.96,110.25,,113.46,1.2935
1499,2005-09-30,89.52,,,,,4.332,3.548,,,11.92,,72.04,1234.25,,114.41,7.458,13574.3,,76.71,109.92,,113.5,1.2933
1500,2005-10-03,90.13,,,,,4.387,3.568,,,12.46,,71.58,1231.75,,113.75,7.403,13525.28,,80.3,109.56,,114.35,1.3019
1501,2005-10-04,90.1,,,,,4.373,3.601,,,13.2,,71.58,1216.75,,113.94,7.375,13738.84,,77.87,109.61,,114.1,1.2888
1502,2005-10-05,89.98,,,,,4.348,3.575,,,14.55,,71.58,1200.75,,114.19,7.428,13689.89,,81.65,109.67,,113.34,1.2719
1503,2005-10-06,88.66,,,,,4.395,3.601,,,14.96,,72.45,1197.0,,114.12,7.548,13359.51,,80.28,109.67,,113.78,1.278
1504,2005-10-07,89.17,,,,,4.362,3.62,,,14.59,,72.86,1200.0,,114.25,7.725,13227.74,,77.48,109.73,,113.83,1.2786
1505,2005-10-10,89.46,,,,,4.362,3.62,,,15.55,,72.91,1190.0,,,7.799,,,,,,114.55,1.2905
1506,2005-10-11,89.97,,,,,4.397,3.635,,,15.63,,73.18,1188.5,,114.0,7.825,13556.71,,77.54,109.62,,114.37,1.2871
1507,2005-10-12,89.63,,,,,4.445,3.704,,,16.22,,72.7,1178.5,,113.22,7.788,13463.74,,77.6,109.23,,114.48,1.29
1508,2005-10-13,89.81,,,,,4.469,3.755,,,16.47,,72.27,1178.0,,112.72,7.685,13449.24,,80.0,109.0,,114.05,1.2857
1509,2005-10-14,89.35,,,,,4.483,3.775,,,14.87,,71.96,1190.0,,112.62,7.814,13420.54,,80.7,108.92,,114.105,1.2854
1510,2005-10-17,89.8,,,,,4.499,3.795,,,14.67,,72.7,1194.25,,112.59,7.827,13400.29,,81.1,108.89,,115.79,1.3001
1511,2005-10-18,90.29,,,,,4.475,3.859,,,15.33,,72.39,1181.5,,112.69,7.788,13352.24,,80.1,108.98,,115.52,1.2971
1512,2005-10-19,89.99,,,,,4.467,3.859,,,13.5,,71.05,1200.5,,112.81,7.595,13129.49,,80.09,109.11,,115.31,1.2879
1513,2005-10-20,89.91,,,,,4.437,3.849,,,16.11,,70.65,1179.5,,112.91,7.613,13190.46,,79.1,109.12,,115.9,1.2918
1514,2005-10-21,90.31,,,,,4.39,3.858,,,16.13,,71.55,1183.75,,113.72,7.655,13199.95,,78.4,109.56,,115.935,1.2923
1515,2005-10-24,90.11,,,,,4.448,3.858,,,14.74,,71.23,1202.5,,113.09,7.668,13106.18,,78.0,109.17,,115.11,1.275
1516,2005-10-25,89.24,,,,,4.544,3.947,,,14.53,,72.41,1199.0,,112.44,7.787,13280.62,,77.02,108.73,,115.91,1.2836
1517,2005-10-26,89.49,,,,,4.587,3.906,,,14.59,,72.15,1196.0,,111.47,7.825,13395.02,,82.1,108.23,,115.36,1.2727
1518,2005-10-27,89.1,,,,,4.554,3.879,,,16.02,,72.54,1182.5,,111.81,7.802,13417.08,,80.7,108.47,,115.57,1.2806
1519,2005-10-28,89.59,,,,,4.567,3.925,,,14.25,,72.42,1199.75,,111.81,7.79,13346.54,,80.2,108.42,,115.715,1.2808
1520,2005-10-31,90.07,,,,,4.559,3.888,,,15.32,,71.22,1209.75,,111.97,7.55,13606.5,,80.08,108.45,,116.44,1.2896
1521,2005-11-01,90.08,,,,,4.569,3.957,,,14.85,,70.25,1206.25,,111.78,7.442,13867.86,,77.96,108.36,,116.76,1.2872
1522,2005-11-02,89.72,,,,,4.61,3.952,,,13.48,,70.86,1218.0,,111.38,7.532,13894.78,,82.5,108.12,,116.8,1.2786
1523,2005-11-03,90.44,,,,,4.655,3.941,,,13.0,,70.45,1223.75,,110.78,7.597,,,83.4,107.75,,117.22,1.2916
1524,2005-11-04,91.26,,,,,4.667,3.961,,,13.17,,69.84,1222.0,,110.66,7.547,14075.96,,76.5,107.7,,118.31,1.3071
1525,2005-11-07,91.29,,,,,4.63,3.909,,,13.1,,70.22,1222.75,,110.91,7.579,14061.6,,76.5,107.84,,117.62,1.3073
1526,2005-11-08,91.37,,,,,4.559,3.957,,,13.08,,70.51,1222.75,,111.75,7.601,14036.73,,78.2,108.31,,117.4,1.312
1527,2005-11-09,91.5,,,,,4.643,3.963,,,12.8,,71.31,1223.75,,111.0,7.654,14072.2,,80.5,107.89,,117.74,1.3089
1528,2005-11-10,92.08,,,,,4.562,3.976,,,11.9,,71.34,1233.75,,111.94,7.684,14080.88,,79.88,108.34,,117.96,1.3158
1529,2005-11-11,91.98,,,,,4.579,3.976,,,11.63,,71.59,1238.0,,,7.739,14155.06,,,,,118.04,1.3123
1530,2005-11-14,92.13,,,,,4.61,3.976,,,12.18,,71.56,1237.25,,111.31,7.764,14116.04,,80.9,108.02,,118.79,1.3176
1531,2005-11-15,92.09,,,,,4.563,4.009,,,12.23,,71.53,1232.5,,111.94,7.77,14091.77,,80.3,108.34,,118.85,1.3162
1532,2005-11-16,92.33,,,,,4.478,4.004,,,12.26,,73.07,1234.75,,112.72,7.986,14170.87,,79.09,108.83,,119.1,1.3248
1533,2005-11-17,91.88,,,,,4.465,4.009,,,11.25,,74.25,1245.25,,113.0,8.087,14411.79,,78.83,109.03,,118.81,1.3173
1534,2005-11-18,91.93,,,,,4.498,3.997,,,11.12,,74.16,1250.25,,112.47,8.053,14623.12,,76.51,108.73,,119.09,1.3136
1535,2005-11-21,92.03,,,,,4.463,3.981,,,10.82,,74.66,1257.0,,112.81,8.121,14680.43,,73.1,109.02,,119.08,1.3189
1536,2005-11-22,91.5,,,,,4.431,3.916,,,10.6,,75.19,1262.0,,112.97,8.165,14708.32,,73.1,109.28,,118.86,1.3107
1537,2005-11-23,91.51,,,,,4.474,3.952,,,10.96,,75.1,1268.5,,112.34,8.125,,,73.31,108.95,,118.76,1.3126
1538,2005-11-24,,,,,,,,,,,,,,,,,14742.58,,,,,119.11,1.3163
1539,2005-11-25,92.04,,,,,4.435,3.945,,,10.88,,,1270.0,,112.91,,14784.29,,72.06,109.27,,119.64,1.3219
1540,2005-11-28,90.98,,,,,4.41,3.924,,,11.84,,76.03,1261.0,,113.34,8.349,14986.94,,72.13,109.41,,118.9,1.3059
1541,2005-11-29,91.62,,,,,4.48,3.983,,,11.89,,76.17,1259.25,,112.44,8.296,14927.7,,73.99,108.89,,119.75,1.315
1542,2005-11-30,91.57,,,,,4.49,3.952,,,12.06,,75.44,1251.0,,112.28,8.28,14872.15,,73.5,108.73,,119.72,1.3139
1543,2005-12-01,91.82,,,,,4.517,3.993,,,11.24,,76.59,1264.5,,112.06,8.499,15130.5,,73.5,108.58,,120.41,1.317
1544,2005-12-02,91.95,,,,,4.517,3.981,,,11.01,,76.7,1266.0,,112.16,8.544,15421.6,,69.39,108.59,,120.45,1.3173
1545,2005-12-05,91.48,,,,,4.575,4.012,,,11.6,,77.55,1263.5,,111.72,8.632,15551.31,,67.7,108.31,,120.84,1.3071
1546,2005-12-06,91.44,,,,,4.488,4.019,,,11.52,,77.73,1265.5,,112.56,8.692,15423.38,,67.3,108.83,,120.68,1.3049
1547,2005-12-07,91.89,,,,,4.519,4.025,,,12.18,,78.33,1258.0,,112.28,8.778,15484.66,,71.44,108.7,,121.03,1.3137
1548,2005-12-08,91.26,,,,,4.468,3.957,,,12.21,,79.08,1256.75,,112.91,8.894,15183.36,,70.6,109.11,,120.39,1.3
1549,2005-12-09,91.25,,,,,4.535,3.93,,,11.69,,80.21,1267.5,,112.12,9.0,15404.05,,71.89,108.56,,120.64,1.3023
1550,2005-12-12,90.35,,,,,4.553,3.909,,,11.47,,80.41,1269.25,,112.03,8.792,15738.7,,72.2,108.48,,119.9,1.2892
1551,2005-12-13,90.38,,,,,4.525,3.895,,,11.11,,79.29,1277.0,,112.12,8.497,15778.86,,68.36,108.62,,120.04,1.2926
1552,2005-12-14,89.83,,,,,4.464,3.9,,,10.48,,77.08,1282.0,,113.12,8.377,15464.58,1718.5,70.92,109.16,,117.55,1.2843
1553,2005-12-15,90.02,,,,,4.464,3.931,,,10.73,,76.64,1277.75,,112.94,8.549,15254.44,1717.0,71.2,109.08,,116.32,1.2899
1554,2005-12-16,89.7,,,,,4.439,3.925,,,10.68,,76.53,1274.25,,113.28,8.521,15173.07,1709.5,70.27,109.2,,115.64,1.2897
1555,2005-12-19,89.87,,,,,4.444,3.945,,,11.38,,76.56,1267.5,,113.34,8.567,15391.48,1679.5,67.7,109.19,,116.05,1.2922
1556,2005-12-20,90.78,,,,,4.466,3.988,,,11.19,,75.19,1268.0,,113.25,8.312,15641.26,1679.5,66.31,109.08,,117.24,1.307
1557,2005-12-21,90.94,,,,,4.496,3.983,,,10.81,,74.93,1270.0,,112.72,8.353,15957.57,1684.0,66.4,108.78,,117.48,1.3135
1558,2005-12-22,90.72,,,,,4.433,3.983,,,10.29,,76.4,1275.5,,113.41,8.502,15941.37,1700.5,66.5,109.16,,116.67,1.3115
1559,2005-12-23,90.84,,,,,4.382,3.991,,,10.27,,76.43,1276.5,,114.19,8.569,,1700.0,67.89,109.59,,116.36,1.3112
1560,2005-12-26,,,,,,,,,,,,,,,,,16107.67,,,,,116.55,1.3147
1561,2005-12-27,91.19,,,,,4.344,3.975,,,11.57,,77.17,1264.0,,114.69,8.742,15969.4,1683.5,68.43,109.83,,117.32,1.3146
1562,2005-12-28,91.26,,,,,4.38,3.942,,,11.35,,78.11,1265.25,,114.31,8.865,16194.61,1681.0,70.26,109.58,,117.72,1.3153
1563,2005-12-29,91.1,,,,,4.36,4.014,,,11.61,,78.29,1260.0,,114.44,8.812,16344.2,1668.0,71.23,109.58,,117.81,1.3135
1564,2005-12-30,91.17,66.33,,,,4.399,4.074,,,12.07,,78.5,1254.75,,114.19,8.82,16111.43,1659.0,72.09,109.41,,117.98,1.3159
1565,2006-01-02,,,,,,,,,,,,,,,,,,,,,,117.8,1.3158
1566,2006-01-03,89.84,66.45,,,,4.37,4.115,,,11.14,,80.56,1274.75,,114.38,9.087,,1828.75,73.29,109.66,,115.98,1.2884
1567,2006-01-04,89.14,66.51,,,,4.348,4.185,,,11.37,,81.03,1280.5,,114.47,9.102,16361.54,1848.75,74.69,109.78,,116.22,1.2771
1568,2006-01-05,89.33,66.5,,,,4.358,4.195,,,11.31,,79.85,1281.25,,114.44,8.809,16425.37,1858.75,72.86,109.78,,116.0,1.2765
1569,2006-01-06,88.85,66.42,,,,4.383,4.214,,,11.0,,81.87,1291.75,,114.12,9.112,16428.21,1883.75,69.12,109.59,,114.39,1.2698
1570,2006-01-09,89.25,66.44,,,,4.375,4.219,,,11.13,,83.28,1295.0,,114.12,9.222,,1890.25,64.9,109.59,,114.54,1.2773
1571,2006-01-10,89.33,66.29,,,,4.43,4.288,,,10.86,,82.55,1296.0,,113.53,8.957,16124.35,1895.75,65.51,109.23,,114.45,1.2806
1572,2006-01-11,88.99,66.18,,,,4.458,4.304,,,10.94,,83.22,1299.75,,113.22,9.007,16363.59,1906.75,64.5,109.0,,114.28,1.2738
1573,2006-01-12,89.44,66.36,,,,4.41,4.298,,,11.2,,83.1,1293.5,,113.84,9.007,16445.19,1899.75,64.9,109.34,,114.63,1.2847
1574,2006-01-13,88.89,66.59,,,,4.355,4.327,,,11.23,,84.27,1292.75,,114.69,9.112,16454.95,1895.75,64.9,109.77,,114.22,1.2763
1575,2006-01-16,,,,,,4.357,,,,,,,,,,,16268.03,,,,,115.12,1.2791
1576,2006-01-17,89.3,66.67,,,,4.33,4.332,,,11.91,,83.87,1289.5,,114.88,9.02,15805.95,1887.25,63.5,109.86,,115.585,1.2797
1577,2006-01-18,89.26,66.65,,,,4.338,4.361,,,12.25,,82.38,1283.75,,114.75,8.82,15341.18,1863.25,66.55,109.77,,115.26,1.2805
1578,2006-01-19,89.39,66.54,,,,4.377,4.35,,,11.98,,84.57,1288.25,,114.41,9.058,15696.28,1874.25,66.24,109.5,,115.5,1.2848
1579,2006-01-20,88.95,66.6,,,,4.351,4.364,,,14.56,,83.82,1264.75,,114.62,8.88,15696.69,1821.25,66.2,109.58,,115.27,1.277
1580,2006-01-23,87.95,66.64,,,,4.361,4.348,,,13.93,,84.54,1269.25,,114.66,9.026,15360.65,1823.75,67.72,109.62,,114.47,1.2575
1581,2006-01-24,88.06,66.54,,,,4.394,4.408,,,13.31,,84.45,1270.5,,114.28,9.183,15648.89,1828.75,67.5,109.44,,115.04,1.2626
1582,2006-01-25,88.33,66.24,,,,4.481,4.434,,,12.87,,85.12,1271.0,,113.19,9.465,15651.0,1824.25,72.2,108.83,,115.77,1.2645
1583,2006-01-26,88.62,66.11,,,,4.525,4.428,,,12.42,,84.73,1277.75,,112.66,9.564,15891.02,1834.25,74.91,108.55,,116.29,1.269
1584,2006-01-27,89.32,66.17,,,,4.517,4.457,,,11.97,,84.54,1289.25,,112.91,9.566,16460.68,1858.25,73.7,108.66,,117.4,1.284
1585,2006-01-30,89.42,66.1,,,,4.531,4.462,,,12.39,,85.58,1288.5,,112.66,9.74,16551.23,1859.25,75.65,108.48,,117.62,1.2873
1586,2006-01-31,88.96,66.13,,,,4.521,4.48,,,12.95,,86.31,1283.5,,112.84,9.85,16649.82,1855.25,73.7,108.44,,117.31,1.2785
1587,2006-02-01,89.51,66.02,,,,4.561,4.475,,,12.36,,86.08,1287.25,,112.59,9.76,16480.09,1859.25,72.8,108.19,,117.97,1.2885
1588,2006-02-02,89.37,66.05,,,,4.563,4.474,,,13.23,,86.5,1272.0,,112.69,9.844,16710.55,1824.75,72.14,108.19,,118.515,1.2866
1589,2006-02-03,89.89,66.16,,,,4.531,4.473,,,12.96,,85.72,1265.5,,113.28,9.73,16659.64,1803.25,68.74,108.31,,118.89,1.295
1590,2006-02-06,90.29,66.17,,,,4.547,4.446,,,13.04,,86.13,1268.75,,113.31,9.728,16747.76,1805.25,67.3,108.27,,119.07,1.3015
1591,2006-02-07,90.24,66.11,,,,4.573,4.496,,,13.59,,83.21,1257.5,,112.88,9.38,16720.99,1798.25,68.04,108.17,,117.73,1.2957
1592,2006-02-08,90.43,66.01,,,,4.591,4.511,,,12.83,,83.06,1268.25,,112.53,9.415,16272.68,1811.25,70.0,107.98,,118.49,1.2989
1593,2006-02-09,90.29,66.08,,,,4.549,4.531,,,13.12,,85.2,1265.75,,112.84,9.638,16439.67,1794.75,71.4,108.06,,118.71,1.2977
1594,2006-02-10,90.55,65.97,,,,4.59,4.54,,,12.87,,83.01,1268.25,,112.5,9.36,16257.83,1802.25,72.4,107.83,,117.83,1.3067
1595,2006-02-13,90.54,65.99,,,,4.583,4.54,,,13.35,,81.3,1265.75,,112.41,9.1,15877.66,1788.75,71.14,107.86,,117.53,1.3067
1596,2006-02-14,90.54,65.91,,,,4.612,4.568,,,12.25,,82.32,1278.25,,112.06,9.297,16184.87,1801.75,71.4,107.69,,117.6,1.3079
1597,2006-02-15,90.72,65.94,,,,4.6,4.553,,,12.31,,81.39,1282.25,,112.19,9.199,15932.83,1815.25,67.0,107.7,,117.94,1.3104
1598,2006-02-16,90.73,65.97,,,,4.588,4.547,,,11.48,,82.31,1291.75,,112.31,9.358,16043.67,1831.25,62.5,107.78,,117.46,1.3096
1599,2006-02-17,90.64,66.17,,,,4.539,4.555,,,12.01,,83.18,1289.0,,113.06,9.408,15713.45,1813.25,62.53,108.11,,118.14,1.3092
1600,2006-02-20,,,,,,4.541,,,,,,83.18,,,,,15437.93,,,,,118.34,1.3079
1601,2006-02-21,90.55,66.13,,,,4.571,4.575,,,12.41,,83.48,1285.25,,112.88,9.536,15894.94,1796.75,60.4,107.94,,118.785,1.3072
1602,2006-02-22,90.67,66.24,,,,4.527,4.568,,,11.88,,83.48,1292.25,,113.25,9.567,15781.78,1815.25,57.5,108.14,,118.41,1.3111
1603,2006-02-23,90.39,66.12,,,,4.561,4.599,,,11.87,,82.62,1290.25,,112.88,9.462,16096.1,1811.25,57.8,107.83,,117.07,1.3088
1604,2006-02-24,90.61,66.12,,,,4.577,4.592,,,11.46,,84.17,1293.0,,112.84,9.733,16101.91,1819.25,55.24,107.81,,116.84,1.3183
1605,2006-02-27,90.63,66.06,,,,4.594,4.602,,,11.59,,83.54,1294.0,,112.5,9.602,16192.95,1830.75,56.22,107.69,,116.21,1.3227
1606,2006-02-28,90.11,66.23,,,,4.557,4.636,,,12.34,,84.57,1282.5,,113.09,9.72,16205.43,1810.25,56.86,108.0,,115.79,1.3109
1607,2006-03-01,90.22,66.11,,,,4.587,4.605,,,11.54,,84.86,1292.0,,112.56,9.71,15964.46,1833.75,58.31,107.8,,116.06,1.3128
1608,2006-03-02,89.56,65.96,,,,4.634,4.599,,,11.72,,85.55,1291.5,,111.94,10.128,15909.76,1835.25,62.66,107.45,,115.84,1.2987
1609,2006-03-03,89.66,65.81,,,,4.684,4.602,,,11.96,,85.19,1286.5,,111.38,10.161,15663.34,1821.25,63.11,107.2,,116.41,1.2964
1610,2006-03-06,89.89,65.67,,,71.73,4.754,4.591,,,12.74,,83.51,1279.5,,110.75,9.953,15901.16,1810.25,66.31,106.89,,117.59,1.2982
1611,2006-03-07,90.77,65.68,,,,4.728,4.594,,,12.66,,83.16,1277.5,,110.75,10.035,15726.02,1801.25,68.5,106.92,,117.77,1.3132
1612,2006-03-08,90.62,65.69,,,,4.732,4.594,,,12.32,,81.63,1279.5,,110.69,9.777,15627.49,1802.25,69.5,106.94,,117.82,1.3077
1613,2006-03-09,90.75,65.72,,,,4.732,4.578,,,12.68,,82.04,1272.0,,110.75,9.903,16036.91,1778.75,66.6,107.02,,118.2,1.3143
1614,2006-03-10,90.85,65.65,,,,4.761,4.607,,,11.85,,81.19,1293.0,,110.53,9.895,16115.63,1784.25,62.5,106.92,,119.0,1.3173
1615,2006-03-13,90.54,65.61,,,,4.773,4.586,,,11.37,,82.11,1295.75,,110.34,10.093,16361.51,1791.25,63.2,106.81,,118.66,1.3109
1616,2006-03-14,90.0,65.89,,,,4.698,4.615,,,10.74,,82.93,1308.75,,111.12,10.182,16238.36,1822.25,64.4,107.34,,117.68,1.3023
1617,2006-03-15,89.7,65.8,,,15.71,4.731,4.61,,,11.35,,83.12,1314.25,,110.66,10.287,16319.04,1832.25,63.36,107.2,,117.52,1.2951
1618,2006-03-16,89.07,66.09,,,27.94,4.648,4.614,,,11.98,,83.27,1316.75,,111.47,10.281,16096.21,1817.75,65.43,107.8,,116.88,1.2893
1619,2006-03-17,88.92,66.01,,,28.6,4.676,4.633,,,12.12,,83.22,1317.5,,111.16,10.306,16339.73,1822.25,64.51,107.66,,115.91,1.2894
1620,2006-03-20,89.13,66.09,,,37.93,4.662,4.638,,,11.79,,83.37,1315.5,,111.38,10.307,16624.8,1823.25,63.2,107.8,,116.37,1.2911
1621,2006-03-21,89.62,65.89,,,37.35,4.725,4.693,,,11.62,,82.93,1307.5,,110.78,10.516,,1808.25,64.6,107.33,,117.22,1.2994
1622,2006-03-22,89.72,65.92,,,,4.705,4.677,,,11.21,,82.7,1314.5,,110.91,10.446,16495.48,1808.75,63.2,107.38,,116.87,1.305
1623,2006-03-23,90.46,65.81,,,,4.737,4.661,,,11.17,,82.56,1311.75,,110.56,10.643,16489.37,1808.25,64.21,107.0,,117.83,1.3164
1624,2006-03-24,90.07,66.04,,,,4.675,4.633,,,11.19,,84.01,1312.75,,111.25,10.688,16560.87,1815.25,65.7,107.48,,117.45,1.31
1625,2006-03-27,90.07,65.97,,,,4.709,4.628,,,11.46,,85.07,1311.0,,110.94,10.848,16650.1,1816.75,64.0,107.31,,117.76,1.3091
1626,2006-03-28,90.25,65.73,,,,4.794,4.631,,,11.58,,85.01,1302.5,,110.09,10.826,16690.24,1808.75,62.5,106.78,,117.77,1.3095
1627,2006-03-29,90.25,65.62,,,,4.806,4.641,,,10.95,,85.96,1310.0,,109.69,11.073,16938.41,1838.25,65.97,106.61,,117.31,1.2965
1628,2006-03-30,89.39,65.49,,,,4.861,4.609,,,11.57,,87.92,1307.5,,109.19,11.618,17045.34,1842.75,69.9,106.31,,117.76,1.3043
1629,2006-03-31,89.73,65.52,,,,4.853,4.602,,,11.39,,87.16,1303.25,,109.16,11.48,17059.66,1837.75,68.6,106.39,,117.68,1.3038
1630,2006-04-03,89.63,65.47,,,,4.866,4.638,,,11.57,,88.29,1305.75,,109.03,11.723,17333.31,1841.5,68.6,106.22,,117.44,1.2904
1631,2006-04-04,88.83,65.5,,,,4.868,4.667,,,11.14,,87.74,1314.75,,108.97,11.688,17292.91,1849.25,67.0,106.25,,117.44,1.2843
1632,2006-04-05,88.63,65.61,,,,4.847,4.672,,,11.13,,88.02,1319.0,,109.25,11.665,17243.98,1865.0,68.3,106.52,,117.78,1.2906
1633,2006-04-06,88.96,65.45,,,,4.901,4.661,,,11.45,,89.09,1317.5,,108.62,12.007,17489.33,1872.5,68.6,106.23,,118.24,1.301
1634,2006-04-07,89.63,65.24,,,,4.986,4.696,,,12.26,,88.05,1304.0,,107.88,12.035,17563.37,1857.5,70.8,105.83,,118.3,1.3014
1635,2006-04-10,89.72,65.27,,,,4.957,4.69,,,12.19,,89.4,1305.5,,107.88,12.529,17456.58,1853.25,67.77,105.84,,118.21,1.2974
1636,2006-04-11,89.44,65.37,,,69.55,4.926,4.688,,,13.0,,89.05,1294.0,,108.19,12.573,17418.13,1838.5,69.8,106.05,,118.41,1.2976
1637,2006-04-12,89.62,65.24,,,,4.982,4.714,,,12.76,,89.33,1295.5,,107.72,12.636,17162.55,1836.5,69.4,105.73,,118.54,1.2971
1638,2006-04-13,89.62,65.07,,,,5.053,4.706,,,12.38,,89.15,1294.25,,107.09,12.828,17199.15,1843.25,71.7,105.41,,118.68,1.2964
1639,2006-04-14,,,,,,,4.7032,,,,,89.15,,,,,17233.82,,,,,118.7,1.2983
1640,2006-04-17,88.64,65.21,,,,5.009,4.69,,,12.58,,91.93,1293.0,,107.41,13.34,17000.36,1828.25,69.7,105.61,,116.88,1.2667
1641,2006-04-18,88.24,65.35,,,,4.987,4.708,,,11.4,,92.6,1313.5,,107.66,13.76,17232.86,1857.5,68.83,105.92,,117.36,1.2668
1642,2006-04-19,87.79,65.2,,,,5.028,4.708,,,11.32,,94.49,1315.25,,107.03,14.499,17350.12,1862.25,67.95,105.69,,117.41,1.2784
1643,2006-04-20,88.25,65.18,,,,5.047,4.723,,,11.64,,92.57,1317.0,,107.03,12.51,17317.53,1859.0,66.5,105.62,,116.58,1.2751
1644,2006-04-21,88.05,65.25,,,,5.016,4.753,,,11.59,,94.41,1317.0,,107.41,12.965,17403.96,1836.75,66.0,105.7,,116.6,1.2755
1645,2006-04-24,87.45,65.38,,,63.42,4.985,4.742,,,11.75,,92.69,1314.5,,107.78,11.772,16914.4,1839.25,64.4,105.88,,114.91,1.2677
1646,2006-04-25,87.32,65.12,,,61.33,5.073,4.776,,,11.75,,94.22,1309.5,,106.88,12.555,16970.29,1832.25,67.1,105.36,,114.76,1.2701
1647,2006-04-26,87.22,65.02,,,,5.111,4.791,,,11.76,,95.38,1309.0,,106.59,12.81,17055.93,1828.5,66.8,105.12,,114.18,1.2598
1648,2006-04-27,86.63,65.13,,,,5.073,4.775,,,11.84,,94.53,1315.0,,106.69,12.47,17114.54,1845.25,65.1,105.41,,113.82,1.2384
1649,2006-04-28,86.11,65.23,,,,5.057,4.768,,,11.59,,97.23,1316.0,,106.84,13.51,16906.23,1828.75,63.0,105.58,,113.85,1.2387
1650,2006-05-01,85.97,65.04,,,61.96,5.143,4.773,,,12.54,,98.08,1308.25,,106.22,13.852,16925.71,1810.75,63.9,105.14,,113.36,1.2365
1651,2006-05-02,85.79,65.11,,,,5.114,4.817,,,11.99,,99.15,1318.0,,106.44,14.11,17153.77,1815.5,66.1,105.25,,113.79,1.2378
1652,2006-05-03,85.84,65.0,,,,5.148,4.823,,,11.99,,99.31,1312.25,,106.03,13.704,,1811.25,70.6,105.02,,113.585,1.228
1653,2006-05-04,85.84,64.99,,,,5.161,4.796,,,11.86,,100.5,1317.0,,106.06,13.735,,1827.5,69.1,104.97,,112.56,1.2277
1654,2006-05-05,85.12,65.13,,,,5.106,4.825,,,11.62,,101.66,1329.0,,106.5,13.792,,1838.0,65.6,105.27,,112.58,1.2265
1655,2006-05-08,85.23,65.13,,,,5.117,4.814,,,12.0,,101.01,1327.25,,106.53,13.677,17291.67,1839.0,64.5,105.19,,111.01,1.2198
1656,2006-05-09,84.83,65.12,,,,5.13,4.875,,,11.99,,104.21,1329.25,,106.5,14.374,17190.91,1839.5,65.1,105.17,,110.83,1.2195
1657,2006-05-10,84.5,65.12,,,,5.13,4.864,,,11.78,,104.84,1327.75,,106.56,14.191,16951.93,1818.5,63.2,105.12,,110.42,1.2109
1658,2006-05-11,84.27,65.05,,,,5.162,4.817,,,12.49,,107.19,1311.75,,106.19,14.846,16862.14,1782.5,63.8,104.98,,109.97,1.1971
1659,2006-05-12,83.96,64.9,,,,5.2,4.83,,,14.19,,105.78,1294.25,,105.56,14.146,16601.78,1759.25,65.8,104.7,,110.03,1.1977
1660,2006-05-15,84.54,65.04,,,,5.161,4.804,,,13.57,,101.79,1297.25,,105.88,13.246,16486.91,1753.5,65.8,104.94,,109.76,1.2078
1661,2006-05-16,84.17,65.2,,,,5.103,4.843,,,13.35,,102.96,1295.0,,106.41,13.452,16158.42,1746.0,64.4,105.27,,110.91,1.2145
1662,2006-05-17,84.85,65.06,,,,5.149,4.817,,,16.26,,102.81,1269.0,,105.88,13.157,16307.67,1722.5,65.2,105.02,,110.9,1.205
1663,2006-05-18,84.51,65.33,,,,5.063,4.832,,,16.99,,101.19,1263.0,,106.84,12.437,16087.18,1712.5,65.2,105.52,,111.66,1.2175
1664,2006-05-19,84.88,65.39,,,,5.066,4.825,,,17.18,,97.72,1270.75,,107.16,12.277,16155.45,1723.0,68.8,105.58,,111.69,1.2164
1665,2006-05-22,84.35,65.46,,,91.76,5.044,4.799,,,17.72,,97.73,1262.0,,107.22,12.355,15857.87,1704.0,71.1,105.72,,112.14,1.212
1666,2006-05-23,84.35,65.38,,,88.66,5.018,4.833,,,18.26,,100.1,1252.5,,107.03,13.1,15599.2,1683.0,68.3,105.53,,112.74,1.2162
1667,2006-05-24,84.95,65.49,,,88.63,5.042,4.823,,,17.36,,94.76,1261.0,,107.25,12.45,15907.2,1702.25,71.9,105.73,,111.76,1.2163
1668,2006-05-25,84.65,65.37,,,82.64,5.076,4.827,,,15.5,,96.35,1276.0,,106.88,12.54,15693.75,1723.0,68.7,105.47,,112.65,1.225
1669,2006-05-26,85.26,65.44,,,72.5,5.052,4.84,,,14.26,,96.72,1282.75,,107.03,12.675,15970.76,1727.5,67.1,105.61,,112.66,1.2256
1670,2006-05-29,,,,,,5.052,4.8375,,,,,96.72,,,,,15915.68,,,,,112.15,1.2119
1671,2006-05-30,84.28,65.36,,,82.14,5.078,4.808,,,18.66,,97.17,1260.0,,106.72,13.013,15859.45,1687.75,66.0,105.39,,112.53,1.2178
1672,2006-05-31,84.72,65.26,,,77.44,5.121,4.838,,,16.44,,95.48,1272.0,,106.41,12.398,15467.33,1700.75,67.1,105.08,,112.48,1.2202
1673,2006-06-01,84.79,65.29,,,74.08,5.104,4.838,,,14.52,,93.2,1285.75,,106.47,11.85,15503.74,1736.75,66.5,105.14,,111.73,1.2079
1674,2006-06-02,84.05,65.69,,,70.27,4.996,4.81,,,14.32,,94.31,1288.25,,107.69,12.035,15789.31,1732.25,65.5,105.97,,111.73,1.2083
1675,2006-06-05,84.14,65.61,,,77.38,5.026,4.814,,,16.65,,95.44,1269.5,,107.5,12.245,15668.31,1700.5,64.3,105.75,,113.215,1.2158
1676,2006-06-06,84.73,65.67,,,78.66,5.004,4.864,,,17.34,,93.38,1265.75,,107.78,11.805,15384.86,1695.25,64.0,105.84,,113.43,1.2202
1677,2006-06-07,84.99,65.61,,,73.86,5.024,4.854,,,17.8,,93.07,1256.0,,107.59,11.857,15096.01,1680.25,66.4,105.67,,113.935,1.2322
1678,2006-06-08,85.91,65.73,,,78.12,4.998,4.874,,,18.35,,90.3,1255.5,,107.94,11.042,14633.03,1674.25,67.1,105.86,,113.96,1.2309
1679,2006-06-09,85.72,65.77,,,79.87,4.979,4.887,,,18.12,,90.16,1261.5,,108.12,11.177,14750.84,1667.25,66.1,105.89,,113.98,1.2311
1680,2006-06-12,85.85,65.78,,,83.52,4.983,4.902,,,20.96,,89.94,1247.0,,108.09,11.035,14833.01,1641.25,64.3,105.88,,115.24,1.2387
1681,2006-06-13,86.43,65.87,,,93.2,4.969,4.885,,,23.81,,83.39,1232.5,,108.34,9.595,14218.6,1633.0,64.6,106.02,,114.86,1.2305
1682,2006-06-14,86.14,65.58,,,102.11,5.07,4.89,,,21.46,,83.34,1241.25,,107.5,9.707,14309.56,1645.75,64.3,105.42,,114.715,1.2305
1683,2006-06-15,86.02,65.44,,,99.13,5.1,4.848,,,15.9,,83.9,1267.75,,107.03,9.95,14470.76,1694.5,64.2,105.14,,115.14,1.2339
1684,2006-06-16,85.92,65.35,,,106.93,5.135,4.882,,,17.25,,85.58,1260.0,,106.69,10.11,14879.34,1675.5,65.4,104.94,,115.185,1.2315
1685,2006-06-19,86.31,65.32,,,102.56,5.139,4.887,,,17.83,,84.21,1248.5,,106.5,9.949,14860.35,1665.0,66.3,104.84,,114.9,1.2379
1686,2006-06-20,86.18,65.29,,,94.76,5.157,4.932,,,16.69,,85.4,1252.5,,106.44,10.25,14648.41,1670.0,66.8,104.75,,114.835,1.2336
1687,2006-06-21,85.78,65.3,,,92.4,5.159,4.942,,,15.52,,86.95,1261.75,,106.53,10.4,14644.26,1691.5,67.0,104.8,,116.08,1.2423
1688,2006-06-22,86.39,65.17,,,91.85,5.212,4.91,,,15.88,,86.13,1256.0,,105.97,10.195,15135.69,1673.5,69.3,104.33,,116.54,1.247
1689,2006-06-23,86.82,65.09,,,86.81,5.224,4.96,,,15.89,,86.51,1255.5,,105.69,10.271,15124.04,1668.5,70.7,104.12,,116.53,1.2494
1690,2006-06-26,86.49,65.09,,,90.71,5.241,4.98,,,15.62,,86.46,1260.25,,105.56,10.229,15152.4,1671.0,69.0,104.11,,116.32,1.2442
1691,2006-06-27,86.47,65.19,,,95.12,5.208,5.046,,,16.4,,85.98,1249.75,,105.88,10.185,15171.81,1645.25,67.5,104.3,,116.4,1.2467
1692,2006-06-28,86.63,65.08,,,96.44,5.251,5.0311,,,15.79,,85.48,1257.75,,105.47,10.148,14886.11,1658.0,67.2,104.08,,115.15,1.2367
1693,2006-06-29,85.87,65.24,,,96.63,5.2,4.983,,,13.03,,86.64,1282.5,,105.88,10.333,15121.15,1705.0,65.1,104.41,,114.49,1.2231
1694,2006-06-30,85.22,65.46,,,92.1,5.145,4.996,,,13.08,,90.63,1279.5,,106.66,10.833,15505.18,1691.5,65.5,104.86,,114.44,1.2226
1695,2006-07-03,85.18,65.45,,,89.13,5.155,5.011,,,13.05,,90.63,1288.25,,106.53,10.833,15571.62,1701.5,65.5,104.78,,115.095,1.224
1696,2006-07-04,,,,,,5.153,5.0146,,,,,90.63,,,,,15638.5,,,,,115.57,1.2313
1697,2006-07-05,85.6,65.23,,,91.98,5.227,5.02,,,14.15,,92.64,1279.75,,105.75,11.335,15523.94,1668.25,67.6,104.25,,115.26,1.2286
1698,2006-07-06,85.35,65.37,,,92.88,5.185,5.014,,,13.65,,93.61,1282.75,,106.22,11.507,15321.4,1665.0,66.9,104.5,,113.96,1.2238
1699,2006-07-07,84.98,65.54,,,91.46,5.134,5.017,,,13.97,,93.39,1275.0,,106.81,11.325,15307.61,1650.25,64.0,104.86,,114.065,1.2232
1700,2006-07-10,85.5,65.58,,,93.52,5.13,5.022,,,14.02,,92.11,1277.0,,106.88,11.03,15552.81,1637.75,65.0,104.88,,114.3,1.2263
1701,2006-07-11,85.36,65.68,,,91.99,5.106,5.072,,,13.14,,94.6,1282.25,,107.19,11.47,15473.82,1645.0,64.3,105.08,,115.31,1.2328
1702,2006-07-12,85.91,65.69,,,,5.106,5.062,,,14.49,,95.8,1268.25,,107.25,11.475,15249.32,1616.75,64.9,105.08,,115.34,1.2287
1703,2006-07-13,85.79,65.79,,,,5.067,5.05,,,17.79,,96.27,1247.5,,107.47,11.405,15097.95,1589.75,68.0,105.28,,116.08,1.2361
1704,2006-07-14,86.09,65.84,,,,5.069,5.048,,,18.05,,98.25,1242.25,,107.47,11.45,14845.24,1575.0,68.9,105.38,,116.11,1.2344
1705,2006-07-17,86.96,65.84,,,,5.067,5.074,,,18.64,,95.9,1240.5,,107.5,11.01,,1580.25,69.5,105.31,,117.33,1.2528
1706,2006-07-18,87.01,65.64,,,,5.136,5.129,,,17.74,,92.63,1245.75,,106.84,10.455,14437.24,1586.75,69.8,104.86,,116.83,1.2475
1707,2006-07-19,86.46,65.89,,,,5.055,5.108,,,15.55,,94.55,1262.5,,107.59,11.055,14500.26,1590.75,66.1,105.41,,116.96,1.2434
1708,2006-07-20,86.22,66.01,,,,5.028,5.092,,,16.21,,93.05,1254.25,,107.91,11.005,14946.84,1577.25,66.4,105.62,,116.12,1.2358
1709,2006-07-21,85.93,65.97,,,,5.049,5.069,,,17.4,,91.25,1244.75,,107.72,10.785,14821.26,1561.25,66.1,105.56,,116.15,1.2366
1710,2006-07-24,86.34,65.99,,,99.61,5.049,5.074,,,14.98,,90.19,1267.5,,107.72,10.87,14794.5,1594.5,64.9,105.56,,117.15,1.2529
1711,2006-07-25,86.64,65.93,,,94.97,5.069,5.145,,,14.85,,90.9,1271.5,,107.5,10.895,15005.24,1592.25,63.7,105.44,,116.35,1.2408
1712,2006-07-26,85.93,66.04,,,89.23,5.038,5.114,,,14.62,,91.48,1273.25,,107.78,11.03,14884.07,1595.75,63.7,105.64,,115.75,1.238
1713,2006-07-27,85.87,66.04,,,95.29,5.04,5.108,,,14.94,,93.03,1272.25,,107.72,11.34,15179.78,1594.5,63.6,105.64,,114.74,1.2316
1714,2006-07-28,85.44,66.24,,,93.16,4.994,5.064,,,14.33,,93.36,1284.25,,108.28,11.32,15342.87,1621.25,63.7,106.0,,114.65,1.2327
1715,2006-07-31,85.3,66.27,,,92.79,4.988,5.074,,,14.95,,93.22,1281.75,,108.28,11.325,15456.81,1618.75,63.4,106.03,,114.56,1.2265
1716,2006-08-01,85.05,66.3,,,92.67,4.981,5.119,,,15.05,,94.95,1276.75,,108.28,11.695,15440.91,1593.75,61.8,106.03,,114.56,1.2302
1717,2006-08-02,85.05,66.37,,,91.34,4.967,5.103,,,14.34,,95.71,1284.25,,108.53,12.203,15464.29,1609.75,66.2,106.16,,115.04,1.2312
1718,2006-08-03,85.02,66.39,,,89.24,4.963,5.108,,,14.46,,94.69,1287.25,,108.69,12.045,15470.37,1621.25,66.1,106.17,,114.48,1.222
1719,2006-08-04,84.57,66.58,,,90.68,4.899,5.074,,,14.34,,94.55,1286.0,,109.25,12.44,15499.18,1615.5,62.5,106.55,,114.44,1.2235
1720,2006-08-07,84.75,66.54,,,89.58,4.923,5.11,,,15.23,,95.05,1282.25,,109.09,12.23,15154.06,1602.5,61.6,106.38,,115.69,1.2315
1721,2006-08-08,84.66,66.55,,,88.09,4.923,5.114,,,15.23,,94.73,1276.75,,108.97,12.22,15464.66,1592.5,59.2,106.42,,115.36,1.2254
1722,2006-08-09,84.71,66.52,,,,4.941,5.072,,,15.2,,95.41,1271.5,,108.78,12.53,15656.59,1595.0,58.4,106.38,,115.16,1.234
1723,2006-08-10,85.08,66.5,,,,4.939,5.061,,,14.46,,93.11,1275.5,,108.66,12.07,15630.91,1597.5,60.7,106.36,,116.28,1.2445
1724,2006-08-11,85.52,66.38,,,,4.975,5.074,,,14.3,,92.87,1272.25,,108.28,11.853,15565.02,1596.0,58.8,106.06,,116.315,1.2432
1725,2006-08-14,85.64,66.3,,,,5.001,5.094,,,14.26,,92.14,1273.25,,107.97,12.128,15857.11,1600.25,58.0,105.81,,115.94,1.2368
1726,2006-08-15,85.22,66.54,,,,4.935,5.108,,,13.42,,91.22,1287.75,,108.72,12.056,15816.19,1640.5,59.4,106.28,,115.875,1.2292
1727,2006-08-16,84.88,66.74,,,57.01,4.865,5.067,,,12.41,,92.1,1299.0,,109.31,12.259,16071.36,1676.25,59.9,106.7,,115.9,1.2324
1728,2006-08-17,85.04,66.74,,,,4.869,5.087,,,12.24,,90.12,1301.0,,109.31,11.973,16020.84,1677.75,59.9,106.66,,115.77,1.2322
1729,2006-08-18,85.09,66.85,,,,4.847,5.105,,,11.64,,89.6,1307.0,,109.62,12.01,16105.98,1685.0,59.3,106.86,,115.81,1.2334
1730,2006-08-21,84.63,66.91,,,80.68,4.817,5.089,,,12.22,,91.55,1302.25,,109.78,12.325,15969.04,1668.5,58.0,106.94,,116.47,1.2335
1731,2006-08-22,85.18,66.94,,,78.75,4.811,5.104,,,12.19,,91.38,1302.0,,109.88,12.245,16181.17,1666.5,59.6,106.97,,116.39,1.2357
1732,2006-08-23,85.13,66.94,,,81.15,4.813,5.088,,,12.4,,91.23,1297.75,,109.88,12.498,16163.03,1658.25,59.4,106.91,,116.46,1.239
1733,2006-08-24,85.28,66.97,,,79.7,4.807,5.082,,,12.4,,90.58,1296.0,,110.0,12.297,15960.62,1657.25,58.7,106.94,,117.26,1.2395
1734,2006-08-25,85.38,67.02,,,81.94,4.783,5.096,,,12.31,,90.91,1297.5,,110.12,12.359,15938.66,1660.75,58.3,107.03,,117.31,1.2399
1735,2006-08-28,85.23,67.02,,,79.47,4.7931,5.058,,,12.18,,89.92,1303.75,,110.09,12.014,15762.59,1670.5,57.1,106.94,,116.705,1.2288
1736,2006-08-29,84.91,67.06,,,81.8,4.7851,5.083,,,12.28,,89.23,1305.0,,110.19,12.142,15890.56,1676.0,57.7,106.97,,117.02,1.2268
1737,2006-08-30,84.97,67.14,,,80.77,4.7554,5.051,,,12.22,,90.24,1305.0,,110.31,12.498,15872.02,1684.5,58.1,107.12,,117.36,1.2309
1738,2006-08-31,85.05,67.26,,,79.84,4.7317,5.051,,,12.31,,91.4,1305.5,,110.69,12.9,16140.76,1683.0,59.8,107.42,,117.06,1.2299
1739,2006-09-01,84.94,67.3,,,77.19,4.7236,5.001,,,11.96,,91.17,1312.5,,110.75,12.955,16134.25,1690.5,56.7,107.48,,117.1,1.2302
1740,2006-09-04,,,,,,,5.0193,,,,,91.17,,,,,16358.07,,,,,116.17,1.2332
1741,2006-09-05,85.0,67.16,,,80.18,4.7849,4.99,,,12.63,,93.23,1314.5,,110.12,13.005,16385.96,1704.75,55.1,107.19,,116.56,1.234
1742,2006-09-06,85.1,67.11,,,82.96,4.7988,4.968,,,13.74,,92.5,1302.75,,109.91,13.065,16284.09,1675.75,57.4,107.06,,116.44,1.2428
1743,2006-09-07,85.53,67.14,,,86.18,4.7928,4.967,,,13.88,,90.06,1296.25,,110.03,12.563,16012.41,1668.25,55.8,107.09,,116.95,1.2473
1744,2006-09-08,85.95,67.23,,,83.7,4.7768,4.945,,,13.16,,88.97,1310.5,,110.22,12.163,16080.46,1671.0,56.4,107.27,,116.94,1.2483
1745,2006-09-11,85.92,67.16,,,85.78,4.8046,4.943,,,12.99,,86.09,1311.5,,109.94,11.108,15794.38,1683.5,56.3,107.08,,117.82,1.2501
1746,2006-09-12,85.92,67.26,,,80.99,4.7747,4.922,,,11.92,,85.65,1325.0,,110.31,11.025,15719.34,1715.25,56.9,107.25,,117.45,1.2495
1747,2006-09-13,85.87,67.3,,,81.55,4.7648,4.901,,,11.18,,85.94,1329.0,,110.38,11.085,15750.05,1724.25,57.5,107.31,,117.57,1.2526
1748,2006-09-14,85.66,67.22,,,81.93,4.7926,4.926,,,11.55,,84.46,1329.5,,110.16,10.835,15942.39,1726.25,57.5,107.12,,117.47,1.2578
1749,2006-09-15,85.99,67.2,,,59.52,4.7965,4.939,,,11.76,,84.03,1332.25,,110.12,10.76,15866.93,1734.0,55.9,107.08,,117.6,1.2555
1750,2006-09-18,85.81,67.17,,,80.97,4.8104,4.949,,,11.78,,85.44,1334.25,,109.94,11.175,,1734.0,56.2,106.97,,117.6,1.2515
1751,2006-09-19,85.94,67.44,,,81.77,4.7387,4.948,,,11.98,,84.05,1330.5,,110.72,10.83,15874.28,1724.0,56.2,107.5,,117.46,1.2509
1752,2006-09-20,85.81,67.46,,,80.83,4.7347,4.937,,,11.39,,84.49,1336.5,,110.84,11.027,15718.67,1745.25,55.0,107.61,,116.36,1.2426
1753,2006-09-21,85.18,67.75,,,85.95,4.6419,4.921,,,12.25,,84.79,1330.25,,112.03,11.137,15834.23,1736.25,59.5,107.97,,116.7,1.2352
1754,2006-09-22,85.2,67.93,,,85.74,4.5907,4.924,,,12.59,,85.81,1326.0,,112.59,11.202,15634.67,1722.5,69.5,108.33,,116.575,1.2361
1755,2006-09-25,85.29,68.08,,,82.01,4.5438,4.9108,,,12.12,,85.88,1335.75,,113.03,11.217,15633.81,1746.75,70.2,108.58,,117.14,1.2435
1756,2006-09-26,85.63,67.99,,,81.59,4.5867,4.875,,,11.53,,86.06,1346.75,,112.88,11.395,15557.45,1755.0,66.7,108.39,,117.44,1.2437
1757,2006-09-27,85.66,67.97,,,81.08,4.6042,4.869,,,11.58,,86.95,1347.75,,112.75,11.6,15947.87,1758.75,65.8,108.34,,117.73,1.247
1758,2006-09-28,85.72,67.89,,,84.74,4.6179,4.853,,,11.72,,88.05,1347.25,,112.41,11.645,16024.85,1755.0,63.5,108.16,,117.96,1.2525
1759,2006-09-29,85.97,67.88,,,84.31,4.6335,4.877,,,11.98,,87.08,1345.4,,112.41,11.45,16127.58,1752.75,63.1,108.06,,118.18,1.2507
1760,2006-10-02,85.59,67.97,,,85.46,4.6118,4.891,,,12.57,,86.95,1340.5,,112.53,11.55,16254.29,1729.0,62.6,108.2,,118.05,1.2453
1761,2006-10-03,85.71,67.99,,,86.57,4.6156,4.912,,,12.24,,83.81,1343.25,,112.56,10.955,16242.09,1735.25,61.0,108.2,,117.82,1.2486
1762,2006-10-04,85.84,68.16,,,82.5,4.5626,4.906,,,11.86,,81.67,1358.25,,113.0,10.705,16082.55,1774.0,66.3,108.58,,117.85,1.252
1763,2006-10-05,85.92,68.0,,,87.5,4.6096,4.931,,,11.98,,82.94,1360.75,,112.5,10.98,16449.33,1783.25,66.0,108.25,,119.01,1.2601
1764,2006-10-06,86.44,67.7,,,85.63,4.6962,4.939,,,11.56,,83.13,1358.75,,111.56,11.085,16436.06,1781.5,63.7,107.61,,119.02,1.2602
1765,2006-10-09,86.52,,,,84.76,4.698,4.9466,,,11.68,,84.0,1359.25,,,11.33,,1785.25,,,,119.67,1.2715
1766,2006-10-10,87.02,67.56,,,83.62,4.7579,5.0,,,11.52,,83.05,1360.75,,111.03,11.135,16477.25,1785.25,63.1,107.25,,119.74,1.2722
1767,2006-10-11,87.12,67.44,,,88.4,4.7818,5.02,,,11.62,,83.09,1359.0,,110.62,11.245,16400.57,1788.0,62.0,106.98,,119.38,1.2679
1768,2006-10-12,86.92,67.47,,,86.87,4.7758,5.066,,,11.09,,83.64,1370.75,,110.69,11.295,16368.81,1814.25,60.7,107.05,,119.6,1.2734
1769,2006-10-13,87.12,67.39,,,86.61,4.8017,5.048,,,10.75,,85.42,1373.5,,110.34,11.598,16536.54,1820.75,60.3,106.88,,119.625,1.273
1770,2006-10-16,87.0,67.47,,,82.29,4.7817,5.089,,,11.09,,86.26,1376.0,,110.53,11.828,16692.76,1822.75,59.1,107.02,,118.59,1.2679
1771,2006-10-17,86.87,67.52,,,66.99,4.7736,5.094,,,11.73,,85.54,1371.75,,110.62,11.698,16611.59,1801.75,61.1,107.11,,118.92,1.2698
1772,2006-10-18,86.88,67.57,,,79.1,4.7576,5.093,,,11.34,,85.41,1372.5,,110.78,11.743,16653.0,1796.5,59.1,107.16,,118.28,1.2571
1773,2006-10-19,86.24,67.51,,,77.71,4.7896,5.097,,,10.9,,86.83,1374.25,,110.59,12.085,16551.36,1804.25,58.4,107.03,,118.72,1.2591
1774,2006-10-20,86.27,67.52,,,78.6,4.7915,5.09,,,10.63,,85.96,1375.0,,110.62,11.89,16651.63,1800.25,56.6,107.02,,118.715,1.259
1775,2006-10-23,86.71,67.4,,,84.73,4.8337,5.115,,,11.08,,84.01,1380.75,,110.12,11.6,16788.82,1816.0,58.6,106.77,,119.34,1.2669
1776,2006-10-24,86.63,67.42,,,87.39,4.8277,5.13,,,10.78,,84.69,1384.75,,110.12,11.78,16780.47,1807.75,57.7,106.8,,118.94,1.2638
1777,2006-10-25,86.38,67.59,,,85.9,4.7694,5.124,,,10.66,,85.15,1389.25,,110.69,11.82,16699.3,1822.0,57.1,107.08,,118.38,1.2536
1778,2006-10-26,85.89,67.79,,,81.6,4.7214,5.108,,,10.56,,86.45,1393.0,,111.34,12.17,16811.6,1834.5,58.3,107.47,,117.58,1.2494
1779,2006-10-27,85.56,67.96,,,82.71,4.6774,5.095,,,10.8,,86.62,1384.75,,111.84,12.015,16669.07,1813.0,59.5,107.75,,117.6,1.2491
1780,2006-10-30,85.59,67.99,,,80.16,4.6754,5.073,,,11.2,,87.54,1383.25,,111.91,12.195,16351.85,1818.25,58.5,107.75,,117.61,1.2492
1781,2006-10-31,85.32,68.23,,,76.4,4.604,5.083,,,11.1,,87.45,1383.25,,112.66,12.212,16399.39,1824.25,60.9,108.22,,116.79,1.2435
1782,2006-11-01,85.32,68.41,,,78.89,4.5704,5.062,,,11.51,,89.26,1373.0,,113.16,12.417,16375.26,1800.75,63.8,108.53,,117.22,1.2453
1783,2006-11-02,85.34,68.3,,,77.08,4.5999,5.071,,,11.42,,90.48,1371.25,,112.81,12.598,16350.02,1798.0,63.5,108.31,,117.1,1.245
1784,2006-11-03,85.71,67.9,,,75.19,4.723,5.085,,,11.16,,90.68,1368.5,,111.62,12.585,,1795.25,60.9,107.47,,117.98,1.2534
1785,2006-11-06,85.75,67.95,,,70.46,4.697,5.089,,,11.16,,90.5,1383.75,,111.72,12.713,16364.76,1818.75,58.9,107.52,,118.17,1.2547
1786,2006-11-07,85.43,68.12,,,67.5,4.6671,5.088,,,11.09,,90.47,1389.0,,112.22,12.628,16393.41,1833.25,60.9,107.86,,117.59,1.2488
1787,2006-11-08,85.41,68.23,,,62.08,4.6412,5.098,,,10.75,,89.11,1391.5,,112.56,12.507,16215.74,1843.25,63.5,108.05,,117.83,1.2509
1788,2006-11-09,85.18,68.23,,,60.42,4.625,5.106,,,11.01,,91.77,1384.0,,112.56,13.01,16198.57,1832.0,62.0,108.06,,117.79,1.2421
1789,2006-11-10,85.05,68.36,,,61.06,4.5935,5.095,,,10.79,,90.81,1384.75,,112.97,13.077,16112.43,1839.75,63.5,108.28,,117.52,1.2388
1790,2006-11-13,85.36,68.32,,,36.14,4.6132,5.099,,,10.86,,90.2,1388.0,,112.81,12.855,16022.49,1855.0,65.1,108.16,,117.63,1.2432
1791,2006-11-14,85.24,68.46,,,60.77,4.568,5.094,,,10.5,,90.13,1397.75,,113.28,12.861,16289.55,1877.75,66.3,108.39,,117.63,1.2436
1792,2006-11-15,85.34,68.28,,,58.58,4.623,5.077,,,10.31,,89.9,1401.5,,112.78,12.917,16243.47,1882.75,66.2,108.03,,117.88,1.2458
1793,2006-11-16,85.5,68.16,,,62.48,4.6743,5.102,,,10.16,,89.6,1405.0,,112.31,12.922,16163.87,1891.75,64.5,107.75,,118.22,1.2479
1794,2006-11-17,85.37,68.36,,,64.3,4.6032,5.095,,,10.05,,89.71,1404.75,,112.81,12.779,16091.73,1888.25,65.0,108.17,,117.54,1.2419
1795,2006-11-20,85.42,68.42,,,65.98,4.5993,5.068,,,9.97,,89.67,1405.25,,112.94,12.721,15725.94,1892.75,63.6,108.22,,118.04,1.2436
1796,2006-11-21,85.24,68.48,,,65.3,4.5776,5.062,,,9.9,,90.63,1406.25,,113.12,13.072,15734.14,1897.0,62.7,108.34,,117.86,1.2408
1797,2006-11-22,84.65,68.52,,,63.62,4.5619,5.066,,,10.14,,90.67,1408.5,,113.22,13.03,15914.23,1905.75,62.9,108.42,,116.76,1.2266
1798,2006-11-23,84.48,,,,,,5.0623,,,,,,,,,,,,,,,116.28,1.2237
1799,2006-11-24,83.71,68.61,,,66.48,4.5598,5.048,,,10.73,,90.67,1403.0,,113.44,13.03,15734.6,1901.75,63.0,108.5,,115.89,1.2087
1800,2006-11-27,83.51,68.67,,,71.6,4.5324,5.032,,,12.3,,92.34,1383.5,,113.59,13.485,15885.38,1860.5,65.1,108.59,,116.11,1.2062
1801,2006-11-28,83.21,68.78,,,66.56,4.505,5.052,,,11.62,,91.85,1388.5,,113.88,13.62,15855.26,1863.75,67.1,108.81,,116.05,1.2023
1802,2006-11-29,83.44,68.73,,,60.3,4.5245,5.03,,,10.83,,91.58,1402.25,,113.69,13.566,16076.2,1877.25,66.9,108.72,,116.43,1.2102
1803,2006-11-30,82.92,68.95,,,61.39,4.462,5.025,,,10.91,,93.17,1403.0,,114.38,13.925,16274.33,1876.25,68.5,109.11,,115.68,1.1975
1804,2006-12-01,82.48,69.11,,,62.33,4.4385,5.028,,,11.66,,92.84,1400.5,,114.62,14.006,16321.78,1863.5,72.25,109.41,,115.23,1.1932
1805,2006-12-04,82.49,69.12,,,62.11,4.4287,5.006,,,11.23,,92.88,1410.75,,114.59,14.061,16303.59,1885.0,70.1,109.38,,115.37,1.1933
1806,2006-12-05,82.45,69.1,,,65.87,4.4462,4.995,,,11.27,,92.45,1416.75,,114.47,13.845,16265.76,1889.5,71.6,109.34,,114.95,1.1921
1807,2006-12-06,82.77,68.96,,,66.49,4.489,4.999,,,11.33,,90.74,1414.75,,114.06,13.615,16371.28,1882.75,75.0,109.06,,115.32,1.1959
1808,2006-12-07,82.8,68.96,,,68.65,4.487,4.973,,,12.67,,90.9,1408.75,,114.06,13.861,16473.36,1858.0,75.6,109.06,,115.14,1.1952
1809,2006-12-08,83.33,68.72,,,71.34,4.5476,4.96,,,12.07,,90.04,1422.25,,113.31,13.719,16417.82,1867.5,71.1,108.56,,116.29,1.2053
1810,2006-12-11,83.12,68.85,,,72.84,4.5221,4.944,,,10.71,,90.58,1426.75,,113.72,13.85,16527.99,1876.75,68.3,108.78,,116.76,1.2013
1811,2006-12-12,82.97,68.97,,,74.78,4.4927,4.932,,,10.65,,90.14,1425.0,,113.97,13.813,16637.78,1862.5,64.7,109.02,,116.7,1.199
1812,2006-12-13,82.97,68.67,,,79.06,4.587,4.942,,,10.18,,90.24,1426.5,,112.97,13.747,16692.93,1866.5,65.2,108.45,,117.4,1.2056
1813,2006-12-14,83.65,68.61,,,82.57,4.6008,4.947,,,9.97,,90.03,1438.25,,112.72,13.785,16829.2,1885.0,64.5,108.31,,117.76,1.2137
1814,2006-12-15,84.06,68.61,,,84.63,4.5988,4.919,,,10.05,,88.34,1438.25,,112.69,12.823,16914.31,1889.0,64.25,108.3,,118.15,1.2207
1815,2006-12-18,83.98,68.66,,,84.26,4.5849,4.918,,,10.6,,88.17,1434.75,,112.72,12.382,16962.11,1870.5,62.7,108.34,,118.05,1.2217
1816,2006-12-19,83.46,68.63,,,78.91,4.5928,4.964,,,10.3,,89.24,1436.25,,112.69,12.57,16776.88,1862.75,63.4,108.33,,118.01,1.2129
1817,2006-12-20,83.52,68.65,,,84.68,4.6007,4.973,,,10.26,,89.09,1435.25,,112.56,12.51,17011.04,1857.25,61.5,108.33,,118.34,1.2165
1818,2006-12-21,83.57,68.82,,,83.94,4.5473,4.973,,,10.53,,88.7,1429.75,,113.03,12.358,17047.83,1844.75,61.8,108.67,,118.29,1.2163
1819,2006-12-22,83.94,68.57,,,83.41,4.6284,4.996,,,11.36,,88.8,1420.25,,112.19,12.508,17104.96,1823.5,65.3,108.16,,118.99,1.2198
1820,2006-12-25,,,,,,,4.9881,,,,,,,,,,17092.89,,,,,118.84,1.2196
1821,2006-12-26,84.07,68.68,,,85.28,4.6045,4.995,,,11.26,,89.46,1428.75,,112.47,12.603,17169.19,1833.0,64.6,108.27,,119.12,1.2219
1822,2006-12-27,83.94,68.5,,,83.01,4.6542,4.994,,,10.64,,89.94,1437.0,,111.91,12.803,17223.15,1838.75,65.1,107.86,,118.77,1.2255
1823,2006-12-28,83.82,68.39,,,88.72,4.6862,5.004,,,10.99,,90.88,1433.75,,111.53,12.823,17224.81,1834.0,65.9,107.59,,118.895,1.2218
1824,2006-12-29,83.72,68.37,,,88.16,4.7002,5.017,,,11.56,,91.04,1428.5,,111.44,12.818,17225.83,1834.5,66.8,107.47,,118.98,1.2196
1825,2007-01-01,,,,,,,5.0167,,,,,,,,,,,,,,,118.88,1.2166
1826,2007-01-02,83.2,68.46,,,,4.6842,5.047,,,,,,1428.5,,111.72,12.818,,1834.5,67.6,107.59,,118.83,1.2131
1827,2007-01-03,83.92,68.56,,,87.63,4.6622,5.062,,,12.04,,89.87,1424.75,,111.94,12.555,,1838.5,70.9,107.75,,119.34,1.225
1828,2007-01-04,84.32,68.72,,,88.19,4.6084,5.051,,,11.51,,89.36,1427.5,,112.41,12.727,17353.67,1871.75,72.0,108.06,,118.83,1.232
1829,2007-01-05,84.63,68.63,,,90.17,4.6462,5.054,,,12.14,,86.6,1416.5,,112.16,12.13,17091.59,1856.75,67.4,107.88,,118.69,1.2374
1830,2007-01-08,84.6,68.62,,,92.04,4.6582,5.048,,,12.0,,86.96,1422.5,,112.12,12.26,,1863.0,64.3,107.81,,118.69,1.2348
1831,2007-01-09,84.74,68.64,,,92.76,4.6622,5.088,,,11.91,,87.76,1420.5,,112.12,12.498,17237.77,1870.0,61.8,107.81,,119.3,1.2415
1832,2007-01-10,85.08,68.56,,,93.78,4.6903,5.082,,,11.47,,87.53,1424.5,,111.81,12.35,16942.4,1894.0,62.2,107.69,,119.51,1.2461
1833,2007-01-11,85.31,68.38,,,85.97,4.7385,5.102,100.59,,10.87,,87.61,1431.0,,111.19,12.375,16838.17,1909.25,63.0,107.31,,120.3,1.2496
1834,2007-01-12,85.03,68.28,,,85.18,4.7831,5.084,100.3,,10.15,,89.45,1440.75,,110.81,12.798,17057.01,1921.75,61.2,107.11,,120.3,1.2475
1835,2007-01-15,,,,,,4.779,5.092,,,,,,,,,,17209.92,,,,,120.42,1.2483
1836,2007-01-16,85.05,68.38,,,85.3,4.7528,5.099,100.39,,10.74,,89.31,1438.75,,110.97,12.54,17202.46,1915.25,60.9,107.23,,120.79,1.2486
1837,2007-01-17,84.98,68.25,,,84.93,4.7852,5.124,100.24,,10.59,,90.36,1438.75,,110.56,12.813,17261.35,1900.75,60.1,106.98,,120.62,1.247
1838,2007-01-18,84.91,68.37,,,83.66,4.7488,5.128,100.23,,10.85,,89.62,1433.25,,110.94,12.608,17370.93,1865.5,58.0,107.19,,121.26,1.2472
1839,2007-01-19,84.86,68.31,,,82.49,4.7833,5.142,100.33,,10.4,,90.81,1436.75,,110.78,12.845,17310.44,1866.0,57.2,107.05,,121.21,1.2485
1840,2007-01-22,85.02,68.38,,,84.43,4.761,5.115,100.39,,10.77,,90.48,1431.0,,110.94,12.925,17424.18,1851.75,57.2,107.14,,121.62,1.2492
1841,2007-01-23,84.67,68.25,,,81.48,4.8097,5.13,100.24,,10.34,,92.17,1435.5,,110.41,13.185,17408.57,1846.5,57.2,106.89,,121.68,1.2427
1842,2007-01-24,84.94,68.24,,,77.51,4.8139,5.14,100.2,,9.89,,92.49,1446.25,,110.31,13.201,17507.4,1874.75,57.5,106.88,,120.88,1.2482
1843,2007-01-25,85.11,68.07,,,80.45,4.8792,5.144,99.93,,11.22,,92.48,1429.25,,109.72,13.422,17458.3,1850.75,60.75,106.5,,121.62,1.2479
1844,2007-01-26,85.28,68.04,,,81.36,4.8774,5.121,99.89,,11.13,,91.95,1427.5,,109.53,13.31,17421.93,1838.75,60.3,106.44,,121.41,1.2537
1845,2007-01-29,85.1,68.02,,,81.68,4.8938,5.12,,,11.45,,91.73,1426.25,,109.41,13.19,17470.46,1846.25,60.0,106.36,,121.73,1.2519
1846,2007-01-30,85.03,68.08,,,78.9,4.8754,5.125,,,10.96,,91.88,1434.0,,109.5,13.319,17490.19,1848.75,61.9,106.45,,121.68,1.2514
1847,2007-01-31,84.61,68.26,,,77.28,4.8141,5.119,100.09,,10.42,,92.97,1443.0,,110.12,13.514,17383.42,1862.0,61.6,106.75,,120.74,1.2445
1848,2007-02-01,84.63,68.22,,,73.5,4.8407,5.123,100.0,,10.31,,93.69,1450.75,,110.06,13.672,17519.5,1862.75,61.3,106.67,,120.8,1.2439
1849,2007-02-02,84.96,68.27,,,72.44,4.8265,5.142,100.21,,10.08,,92.07,1453.0,,110.09,13.327,17547.11,1866.75,56.1,106.72,,121.13,1.2499
1850,2007-02-05,85.08,68.36,,,70.29,4.8102,5.136,100.15,,10.55,,92.72,1453.75,,110.31,13.515,17344.8,1865.0,54.9,106.84,,120.19,1.2481
1851,2007-02-06,84.78,68.5,,,68.55,4.7695,5.146,100.62,,10.65,,93.08,1453.25,,110.78,13.63,17406.86,1863.0,56.3,107.12,,120.05,1.2397
1852,2007-02-07,84.75,68.59,,,70.32,4.7493,5.16,100.72,,10.32,,92.89,1455.75,,110.97,13.667,17292.32,1882.5,60.5,107.3,,120.585,1.2404
1853,2007-02-08,84.7,68.61,,,73.18,4.7379,5.149,100.8,,10.44,,93.66,1454.0,,111.09,13.732,17292.48,1881.25,58.9,107.33,,121.13,1.2459
1854,2007-02-09,84.87,68.45,,,74.39,4.7857,5.142,100.61,,11.1,,95.0,1443.0,,110.5,13.879,17504.33,1852.0,60.1,106.98,,121.71,1.2476
1855,2007-02-12,85.15,68.41,,,79.12,4.8098,5.157,100.57,,11.61,,94.3,1438.0,,110.31,13.679,,1845.0,60.0,106.86,,121.77,1.2536
1856,2007-02-13,84.73,68.38,,,75.72,4.8118,5.182,100.44,,10.34,,94.47,1449.5,,110.19,13.881,17621.45,1855.5,59.8,106.8,,121.27,1.2472
1857,2007-02-14,84.2,68.66,,,74.0,4.7418,5.15,100.86,,10.23,,94.96,1458.5,,111.03,13.933,17752.64,1882.25,59.8,107.34,,120.31,1.239
1858,2007-02-15,84.01,68.76,,,70.34,4.71,5.16,101.09,,10.22,,94.88,1459.5,,111.31,13.94,17897.23,1890.5,61.1,107.52,,119.39,1.235
1859,2007-02-16,84.09,68.82,,,70.74,4.6961,5.183,101.2,,10.02,,95.08,1459.0,,111.5,13.97,17875.65,1886.75,60.7,107.59,,119.41,1.2353
1860,2007-02-19,,,,,,4.692,5.1726,,,,,,,,,,17940.09,,,,,119.69,1.2331
1861,2007-02-20,84.19,68.88,,,65.87,4.6802,5.182,101.23,,10.24,,93.41,1461.75,,111.62,13.812,17939.12,1898.25,60.9,107.67,,120.015,1.2356
1862,2007-02-21,84.21,68.85,,,67.37,4.6941,5.171,101.3,,10.2,,96.66,1460.5,,111.47,14.258,17913.21,1904.0,57.8,107.59,,120.94,1.238
1863,2007-02-22,84.32,68.72,,,66.05,4.7339,5.201,101.07,,10.18,,96.52,1459.25,,111.06,14.241,18108.79,1913.75,57.5,107.33,,121.49,1.238
1864,2007-02-23,84.07,68.91,,,70.71,4.6723,5.189,101.39,,10.58,,97.04,1453.75,,111.62,14.589,18188.42,1904.5,57.8,107.69,,121.09,1.2324
1865,2007-02-26,83.93,69.1,,,70.33,4.6307,5.172,101.6,,11.15,,97.48,1452.5,,112.19,14.69,18215.35,1897.25,61.6,107.98,,120.64,1.229
1866,2007-02-27,83.48,69.52,,,110.42,4.5128,5.12,102.16,,18.31,,97.11,1395.25,,113.41,14.545,18119.92,1810.0,70.3,108.78,,118.09,1.2179
1867,2007-02-28,83.57,69.4,,,91.64,4.5775,5.145,102.14,,15.42,,95.03,1409.0,,113.0,14.1,17604.12,1825.0,69.8,108.56,,118.73,1.2191
1868,2007-03-01,83.68,69.41,,,99.47,4.5519,5.123,101.7,,15.82,,93.99,1405.0,,112.88,13.53,17453.51,1817.25,72.9,108.58,,117.72,1.2239
1869,2007-03-02,83.74,69.56,,,104.17,4.5028,5.106,102.06,,18.61,,91.02,1385.75,,113.25,12.845,17217.93,1785.75,76.7,108.84,,117.19,1.2138
1870,2007-03-05,84.15,69.57,,,101.2,4.495,5.089,101.95,,19.63,,90.33,1372.25,,113.25,12.64,16642.25,1773.25,74.5,108.81,,115.59,1.2206
1871,2007-03-06,84.07,69.54,,,93.65,4.536,5.114,101.8,,15.96,,91.32,1395.5,,113.22,12.877,16844.5,1804.5,67.1,108.75,,116.78,1.2234
1872,2007-03-07,83.78,69.65,,,94.41,4.4929,5.103,102.11,,15.24,,92.26,1393.25,,113.5,13.0,16764.62,1797.0,71.3,108.94,,115.69,1.2163
1873,2007-03-08,84.1,69.63,,,93.97,4.5183,5.082,101.88,,14.29,,92.63,1404.75,,113.38,13.017,17090.31,1814.0,69.8,108.94,,117.15,1.2272
1874,2007-03-09,84.24,69.33,,,91.82,4.591,5.085,101.42,,14.09,,92.14,1417.5,,112.5,12.87,17164.04,1807.25,63.6,108.38,,118.32,1.2316
1875,2007-03-12,83.86,69.49,,,90.02,4.5614,5.094,101.59,,13.99,,91.9,1419.5,,112.84,12.985,17292.39,1817.25,65.3,108.61,,117.57,1.2249
1876,2007-03-13,83.73,69.72,,,94.53,4.4907,5.078,101.89,,18.13,,91.77,1392.0,,113.31,12.863,17178.84,1783.25,72.2,109.06,,116.02,1.2169
1877,2007-03-14,83.61,69.63,,,98.08,4.5397,5.062,101.83,,17.27,,90.79,1401.75,,113.0,12.74,16676.89,1807.5,69.7,108.94,,117.26,1.217
1878,2007-03-15,83.68,69.59,,,99.55,4.5436,5.03,101.8,,16.43,,91.43,1403.5,,112.94,12.987,16860.39,1803.75,67.9,108.86,,117.15,1.213
1879,2007-03-16,83.23,69.57,,,102.74,4.5494,5.022,101.7,,16.79,,92.4,1399.0,,112.88,13.127,16744.15,1803.0,67.0,108.78,,116.74,1.2082
1880,2007-03-19,83.39,69.51,,,93.9,4.5691,5.032,101.59,,14.59,,92.44,1415.75,,112.56,13.147,17009.55,1820.25,66.0,108.62,,117.61,1.2111
1881,2007-03-20,83.11,69.59,,,89.55,4.5553,5.057,101.46,,13.27,,93.11,1423.5,,112.78,13.285,17163.2,1831.25,66.0,108.77,,117.25,1.2118
1882,2007-03-21,82.77,69.73,,,94.13,4.5375,5.046,101.47,,12.19,,93.25,1445.0,,112.41,13.237,,1864.0,66.2,108.58,,117.41,1.2087
1883,2007-03-22,83.09,69.48,,,95.52,4.5888,5.051,101.22,,12.93,,93.84,1445.0,,112.06,13.403,17419.2,1857.75,67.2,108.53,,118.09,1.2139
1884,2007-03-23,83.28,69.41,,,96.37,4.6165,5.048,101.03,,12.95,,92.86,1447.0,,111.84,13.152,17480.61,1850.5,68.7,108.38,,118.05,1.2187
1885,2007-03-26,83.08,69.52,,,95.95,4.6066,5.063,101.34,,13.16,,93.8,1445.25,,112.03,13.34,17521.96,1857.25,68.2,108.53,,117.75,1.2107
1886,2007-03-27,83.01,69.46,,,101.0,4.6046,5.031,101.15,,13.48,,93.6,1440.5,,111.75,13.21,17365.05,1849.25,69.7,108.39,,116.87,1.2165
1887,2007-03-28,83.03,69.45,,,104.79,4.6244,5.041,101.3,,14.98,,94.18,1429.5,,111.59,13.387,17254.73,1829.25,69.9,108.38,,117.98,1.2172
1888,2007-03-29,83.09,69.4,,,102.31,4.6443,5.051,100.98,,15.14,,93.44,1431.5,,111.56,13.278,17263.94,1827.0,65.9,108.25,,117.81,1.2137
1889,2007-03-30,82.93,69.36,,,99.78,4.6483,5.033,101.05,,14.64,,93.63,1431.25,,111.25,13.39,17287.65,1829.75,67.9,108.12,,117.79,1.2157
1890,2007-04-02,82.87,69.4,,,98.92,4.6463,5.048,100.65,,14.53,,93.98,1433.25,,111.34,13.293,17028.41,1829.0,65.9,108.16,,118.87,1.2228
1891,2007-04-03,83.15,69.34,,,94.98,4.6702,5.052,100.8,,13.46,,93.73,1447.25,,111.19,13.375,17244.05,1853.75,63.8,108.0,,118.77,1.2193
1892,2007-04-04,82.96,69.39,,,96.12,4.6542,5.041,100.88,,13.24,,94.81,1448.5,,111.28,13.57,17544.09,1858.25,66.1,108.12,,118.692,1.2148
1893,2007-04-05,82.68,69.31,,,93.6,4.6842,5.017,100.57,,13.23,,95.09,1452.75,,111.03,13.694,17491.42,1867.25,64.0,107.95,,119.07,1.2233
1894,2007-04-06,82.99,69.05,,,,4.757,5.028,,,,,,1452.75,,110.31,,17484.78,1867.25,,107.39,,119.285,1.2222
1895,2007-04-09,83.098,69.1,,,92.3,4.7506,5.022,100.28,,13.14,,94.74,1454.5,,110.38,13.766,17743.76,1863.0,58.3,107.44,,119.12,1.2174
1896,2007-04-10,82.704,69.19,,,87.37,4.7244,5.016,100.48,,12.68,,95.38,1456.0,,110.56,13.888,17664.69,1868.5,60.2,107.58,,119.29,1.2199
1897,2007-04-11,82.671,69.14,,,93.47,4.7365,5.015,100.49,,13.49,,95.41,1448.5,,110.44,13.85,17670.07,1851.75,58.7,107.48,,119.0,1.2161
1898,2007-04-12,82.369,69.15,,,91.38,4.7405,5.03,100.47,,12.71,,95.13,1455.5,,110.47,13.82,17540.42,1866.75,57.9,107.48,,119.23,1.2147
1899,2007-04-13,82.129,69.08,,,88.71,4.7648,5.002,100.47,,12.2,,96.56,1461.25,,110.25,14.058,17363.95,1870.75,57.8,107.31,,119.26,1.215
1900,2007-04-16,82.073,69.2,,,83.98,4.7366,5.001,100.59,,11.98,,97.2,1475.5,,110.59,14.05,17628.3,1887.25,58.7,107.45,,118.95,1.2088
1901,2007-04-17,81.831,69.38,,,83.68,4.6863,4.99,100.76,,12.14,,96.92,1479.0,,111.12,13.992,17527.45,1891.25,59.3,107.8,,118.45,1.203
1902,2007-04-18,81.743,69.52,,,80.59,4.6562,4.989,101.17,,12.42,,97.03,1480.25,,111.47,13.949,17667.33,1887.25,59.2,108.03,,118.25,1.2047
1903,2007-04-19,81.644,69.48,,,77.91,4.6682,4.983,101.09,,12.54,,96.33,1480.25,,111.34,13.716,17371.97,1888.0,59.4,107.98,,118.66,1.2071
1904,2007-04-20,81.643,69.48,,,79.18,4.6743,4.976,101.0,,12.07,,97.38,1493.0,,111.28,13.938,17452.62,1901.5,59.1,108.0,,118.72,1.2085
1905,2007-04-23,81.738,69.58,,,79.33,4.6462,4.965,101.06,,13.04,,97.16,1488.25,,111.47,14.033,17455.37,1902.0,57.8,108.12,,118.48,1.2011
1906,2007-04-24,81.546,69.69,,,77.83,4.6242,4.948,101.28,,13.12,,96.25,1488.5,,111.72,13.769,17451.77,1909.25,58.8,108.33,,118.68,1.2057
1907,2007-04-25,81.428,69.61,,,80.79,4.6602,4.958,101.23,,13.21,,96.21,1500.75,,111.5,13.752,17236.16,1933.0,57.8,108.17,,119.53,1.2087
1908,2007-04-26,81.75,69.47,,,81.67,4.7005,4.936,101.04,,12.79,,94.89,1502.75,,111.06,13.32,17429.17,1945.0,58.7,107.91,,119.48,1.2055
1909,2007-04-27,81.529,69.45,,,80.66,4.6985,4.919,100.84,,12.45,,95.42,1502.0,,110.91,13.443,17400.41,1945.75,57.8,107.84,,119.61,1.2057
1910,2007-04-30,81.447,69.72,,,85.33,4.6282,4.845,101.16,,14.22,,95.66,1488.5,,111.75,13.445,,1918.25,59.8,108.33,,119.8,1.2145
1911,2007-05-01,81.595,69.69,,,81.28,4.6422,4.891,100.78,,13.51,,94.79,1492.75,,111.72,13.245,17274.98,1924.75,58.9,108.22,,120.16,1.2143
1912,2007-05-02,81.74,69.68,,,82.59,4.6502,4.88,100.75,,13.08,,94.48,1501.0,,111.72,13.214,17394.92,1937.75,61.1,108.17,,120.36,1.2159
1913,2007-05-03,81.949,69.58,,,78.81,4.6824,4.874,100.67,,13.09,,95.79,1508.25,,111.44,13.393,,1945.5,60.8,107.95,,120.27,1.2097
1914,2007-05-04,81.741,69.71,,,77.1,4.6442,4.867,100.95,,12.91,,96.53,1514.25,,111.84,13.415,,1947.5,57.1,108.22,,120.18,1.2116
1915,2007-05-07,81.676,69.75,,,78.51,4.6322,4.851,101.0,,13.15,,96.63,1514.25,,111.94,13.527,17669.83,1945.75,54.5,108.23,,119.99,1.2181
1916,2007-05-08,81.939,69.76,,,79.9,4.6382,4.901,101.01,,13.21,,96.21,1512.25,,111.84,13.489,17656.84,1944.5,54.3,108.27,,120.11,1.2188
1917,2007-05-09,82.016,69.62,,,85.89,4.6717,4.854,100.94,,12.88,,95.52,1515.5,,111.34,13.361,17748.12,1951.25,53.3,107.95,,119.84,1.2198
1918,2007-05-10,82.292,69.7,,,83.58,4.6419,4.843,100.98,,13.6,,93.36,1499.25,,111.56,13.04,17736.96,1925.5,52.8,108.14,,120.19,1.2181
1919,2007-05-11,82.116,69.63,,,79.47,4.6757,4.851,100.87,,12.95,,94.09,1512.25,,111.31,13.21,17553.72,1949.5,52.4,107.97,,120.265,1.2191
1920,2007-05-14,82.066,69.6,,,82.02,4.6996,4.84,100.64,,13.96,,93.79,1508.75,,111.12,13.142,17677.94,1935.25,52.5,107.84,,120.22,1.2147
1921,2007-05-15,81.755,69.54,,,76.68,4.7096,4.834,100.6,,14.01,,94.39,1508.5,,110.88,13.226,17512.98,1922.5,51.2,107.69,,120.72,1.2222
1922,2007-05-16,82.163,69.57,,,70.26,4.7156,4.745,100.71,,13.5,,92.57,1518.0,,110.94,12.843,17529.0,1940.25,51.6,107.69,,121.291,1.2271
1923,2007-05-17,82.318,69.41,,,72.94,4.7597,4.796,100.57,,13.51,,91.97,1515.25,,110.44,12.806,17498.6,1929.25,52.7,107.36,,121.06,1.227
1924,2007-05-18,82.197,69.27,,,75.43,4.8062,4.83,100.2836,,12.76,,92.64,1528.0,,109.94,12.926,17399.58,1944.75,56.7,107.05,,121.11,1.2275
1925,2007-05-21,82.364,69.35,,,71.82,4.7881,4.84,100.26,,13.3,,92.89,1528.0,,110.09,13.057,17556.87,1955.25,55.4,107.14,,121.615,1.2297
1926,2007-05-22,82.386,69.22,,,72.36,4.8325,4.906,100.13,,13.06,,92.35,1525.25,,109.59,12.919,17680.05,1959.25,54.6,106.88,,121.52,1.2275
1927,2007-05-23,82.31,69.14,,,71.44,4.8488,4.885,100.12,,13.24,,92.72,1525.5,,109.25,13.035,17705.12,1949.25,56.0,106.7,,121.358,1.2275
1928,2007-05-24,82.406,69.16,,,74.36,4.8448,4.895,99.99,,14.08,,91.42,1511.5,,109.28,12.852,17696.97,1921.0,56.5,106.69,,121.76,1.2269
1929,2007-05-25,82.331,69.15,,,72.42,4.8654,4.887,100.09,,13.34,,91.7,1517.25,,109.25,12.935,17481.21,1932.0,56.9,106.66,,121.77,1.2282
1930,2007-05-28,,,,,,4.862,4.8738,,,,,,,,,,17587.59,,,,,121.59,1.225
1931,2007-05-29,82.31,69.11,,,72.48,4.8878,4.829,100.05,,13.53,,91.97,1522.5,,109.09,13.158,17672.56,1945.5,56.5,106.5,,121.59,1.2258
1932,2007-05-30,82.433,69.12,,,71.61,4.8695,4.831,100.09,,12.83,,91.41,1534.0,,109.16,13.155,17588.26,1961.5,57.6,106.5,,121.75,1.2251
1933,2007-05-31,82.301,69.09,,,72.2,4.892,4.747,99.85,,13.05,,92.43,1533.0,,109.16,13.409,17875.75,1971.25,58.9,106.39,,122.13,1.2358
1934,2007-06-01,82.322,68.9,,,70.19,4.9557,4.776,99.13,,12.78,,93.84,1539.5,,108.53,13.681,17958.88,1971.25,58.0,105.97,,122.06,1.23
1935,2007-06-04,82.058,69.02,,,70.74,4.9291,4.775,99.1,,13.29,,93.76,1540.25,,108.94,13.686,17973.42,1975.75,54.7,106.12,,121.34,1.218
1936,2007-06-05,81.89,68.87,,,69.24,4.997,4.816,98.96,,13.63,,93.6,1533.75,,108.44,13.757,18053.81,1975.0,55.3,105.84,,121.01,1.2167
1937,2007-06-06,81.897,68.91,,,72.06,4.9703,4.799,99.03,,14.87,,93.53,1516.5,,108.38,13.664,18040.93,1953.0,58.9,105.95,,120.88,1.2239
1938,2007-06-07,82.294,68.53,,,75.83,5.1405,4.814,98.32,,17.06,,92.22,1489.25,,107.03,13.435,18053.38,1921.5,70.8,105.23,,121.71,1.2347
1939,2007-06-08,82.691,68.49,,,70.69,5.1074,4.76,98.158,,14.84,,90.16,1522.5,,106.88,12.999,17779.09,1948.0,79.1,105.19,,121.72,1.2351
1940,2007-06-11,82.712,68.49,,,68.73,5.1682,4.739,98.06,,14.71,,91.36,1525.25,,106.72,13.237,17834.48,1944.5,69.5,105.16,,121.62,1.2418
1941,2007-06-12,82.891,68.15,,,69.48,5.2971,4.722,97.52,,16.67,,90.55,1507.5,,105.56,13.055,17760.91,1932.0,85.2,104.52,,122.57,1.244
1942,2007-06-13,83.035,68.31,,,68.81,5.2021,4.664,97.72,,14.73,,90.49,1530.25,,106.19,13.027,17732.77,1951.25,84.6,104.72,,122.955,1.2461
1943,2007-06-14,83.128,68.26,,,63.52,5.2254,4.653,97.7814,,13.64,,90.93,1539.5,,106.03,13.135,17842.29,1965.25,78.3,104.62,,123.4,1.2419
1944,2007-06-15,82.851,68.42,,,64.03,5.169,4.573,98.15,,13.94,,91.32,1547.75,,106.41,13.234,17971.49,1983.75,70.6,104.91,,123.44,1.2413
1945,2007-06-18,82.715,68.53,,,66.76,5.1376,4.542,98.14,,13.42,,91.49,1546.0,,106.62,13.211,18149.52,1981.5,68.1,105.09,,123.42,1.2402
1946,2007-06-19,82.544,68.73,,,67.24,5.0876,4.696,98.43,,12.85,,92.15,1549.0,,107.16,13.303,18163.61,1981.0,68.4,105.52,,123.47,1.2384
1947,2007-06-20,82.518,68.61,,,76.8,5.1379,4.721,98.33,,14.67,,91.5,1527.0,,106.78,13.228,18211.68,1961.75,71.4,105.25,,123.74,1.2412
1948,2007-06-21,82.731,68.52,,,74.76,5.1863,4.7,98.13,,14.21,,90.7,1535.75,,106.12,13.075,18240.3,1979.75,76.3,104.75,,123.69,1.2292
1949,2007-06-22,82.336,68.63,,,78.35,5.1363,4.714,98.17,,15.75,,91.09,1520.5,,106.38,13.008,18188.63,1962.0,76.3,104.97,,123.87,1.2294
1950,2007-06-25,82.325,68.86,,,78.07,5.0862,4.77,98.5,,16.65,,90.77,1513.5,,107.03,12.866,18087.48,1955.0,79.0,105.41,,123.04,1.2286
1951,2007-06-26,82.295,68.78,,,82.01,5.0842,4.873,98.56,,18.89,,89.46,1497.75,,106.78,12.27,18066.11,1939.5,77.2,105.27,,123.15,1.2292
1952,2007-06-27,82.316,68.89,,,78.48,5.0865,4.789,98.56,,15.53,,89.39,1519.0,,107.12,12.21,17849.28,1969.5,79.4,105.48,,123.16,1.2314
1953,2007-06-28,82.333,68.74,,,76.04,5.1096,4.768,98.44,,15.54,,90.17,1517.25,,106.78,12.379,17932.27,1969.25,75.5,105.2,,123.16,1.2215
1954,2007-06-29,81.92,69.05,,,76.94,5.0265,4.802,98.9,,16.23,,90.24,1515.5,,107.75,12.353,18138.36,1970.0,77.5,105.7,,123.17,1.2216
1955,2007-07-02,81.395,69.18,,,75.56,4.9892,4.869,98.48,,15.4,,91.39,1531.0,,108.03,12.622,18146.3,1986.0,76.0,105.94,,122.47,1.2158
1956,2007-07-03,81.435,69.03,,,74.63,5.0455,4.945,98.43,,14.92,,90.86,1536.25,,107.5,12.569,18149.9,1999.0,73.5,105.59,,122.66,1.2171
1957,2007-07-04,,,,,,5.044,4.9479,,,,,,,,,,18168.72,,,,,122.95,1.2173
1958,2007-07-05,81.538,68.72,,,75.86,5.144,4.945,97.95,,15.48,,90.2,1534.5,,106.56,12.469,18221.48,2012.0,76.5,104.94,,123.36,1.2176
1959,2007-07-06,81.465,68.59,,,74.85,5.1866,4.937,97.794,,14.72,,90.78,1542.5,,106.09,12.648,18140.94,2023.0,74.4,104.61,,123.335,1.218
1960,2007-07-09,81.433,68.74,,,73.05,5.1361,4.911,97.56,,15.16,,91.85,1542.5,,106.47,12.714,18261.98,2022.5,74.4,104.84,,121.29,1.2012
1961,2007-07-10,80.86,69.15,,,79.99,5.0295,4.941,98.45,,17.57,,92.11,1520.0,,107.66,12.867,18252.67,2006.0,78.1,105.62,,122.27,1.2047
1962,2007-07-11,80.73,69.03,,,81.55,5.0902,4.95,98.31,,16.64,,91.8,1531.0,,107.19,12.869,18049.51,2023.5,77.0,105.42,,122.4,1.2034
1963,2007-07-12,80.635,68.9,,,76.6,5.1302,4.971,98.1,,15.54,,92.65,1555.75,,106.84,13.078,17984.14,2048.75,75.5,105.12,,121.9,1.2024
1964,2007-07-13,80.576,68.94,,,76.65,5.097,4.969,98.15,,15.15,,92.52,1560.0,,106.97,13.011,18238.95,2060.75,73.1,105.16,,121.93,1.2026
1965,2007-07-16,80.522,69.19,,,72.56,5.0427,4.942,98.4441,,15.59,,92.39,1559.75,,107.72,12.968,,2062.5,71.1,105.61,,122.0,1.2005
1966,2007-07-17,80.54,69.07,,,72.41,5.0533,4.961,98.24,,15.63,,92.33,1558.75,,107.28,12.923,18217.27,2074.75,69.8,105.34,,121.9,1.2005
1967,2007-07-18,80.424,69.32,,,73.57,5.0387,4.956,98.43,,16.0,,93.39,1554.75,,107.97,13.198,18015.58,2073.75,71.4,105.84,,122.109,1.2038
1968,2007-07-19,80.419,69.26,,,72.02,5.0201,4.986,98.49,,15.23,,94.0,1559.75,,107.78,13.285,18116.57,2079.5,68.9,105.73,,121.27,1.2005
1969,2007-07-20,80.288,69.5,,,73.76,4.9539,4.958,98.74,,16.95,,94.9,1545.0,,108.41,13.315,18157.93,2069.25,72.2,106.23,,121.28,1.2006
1970,2007-07-23,80.354,69.5,,,74.56,4.9539,5.004,98.84,,16.81,,94.47,1549.0,,108.38,13.244,17963.64,2067.5,75.3,106.17,,120.11,1.2029
1971,2007-07-24,80.077,69.58,,,79.32,4.9085,5.008,98.7,,18.55,,94.93,1522.5,,108.47,13.359,18002.03,2039.5,76.7,106.34,,120.46,1.2134
1972,2007-07-25,80.652,69.71,,,75.31,4.9024,4.982,98.78,,18.1,,93.41,1524.75,,108.88,13.068,17858.42,2040.5,78.4,106.59,,118.46,1.203
1973,2007-07-26,80.453,70.18,,,87.38,4.8059,4.918,99.01,,20.74,,91.86,1488.0,,109.91,12.878,17702.09,2014.5,93.5,107.53,,118.96,1.2128
1974,2007-07-27,80.946,70.15,,,97.23,4.7672,4.849,98.99,,24.17,,91.47,1458.0,,109.78,12.643,17283.81,1977.5,92.6,107.39,,118.61,1.2086
1975,2007-07-30,80.849,70.11,,,97.45,4.8061,4.859,98.57,,20.87,,92.06,1480.75,,109.62,12.834,17289.3,2007.25,97.9,107.22,,118.42,1.2013
1976,2007-07-31,80.77,70.22,,,104.08,4.7327,4.946,98.722,,23.52,,92.43,1462.0,,110.06,12.95,17248.89,1959.75,96.4,107.42,,118.98,1.2035
1977,2007-08-01,80.872,70.24,,,108.86,4.794,4.904,98.37,,23.67,,91.96,1470.0,,110.06,12.888,16870.98,1974.5,94.3,107.45,,119.14,1.2033
1978,2007-08-02,80.713,70.26,,,100.8,4.7715,4.903,98.6,,21.22,,92.06,1481.75,,110.22,12.935,16984.11,1994.0,92.0,107.47,,118.04,1.1879
1979,2007-08-03,80.177,70.47,,,104.05,4.6781,4.818,98.69,,25.16,,93.12,1443.0,,110.62,13.1,16979.86,1953.5,95.4,107.88,,118.05,1.1908
1980,2007-08-06,80.255,70.37,,,95.22,4.7391,4.874,98.47,,22.94,,92.97,1467.75,,110.19,12.977,16914.46,1976.5,97.5,107.67,,118.8,1.197
1981,2007-08-07,80.479,70.33,,,85.96,4.7841,4.941,98.56,,21.56,,92.83,1482.5,,110.19,13.041,16921.77,1988.0,86.9,107.56,,119.69,1.1954
1982,2007-08-08,80.343,69.93,,,82.52,4.885,4.95,98.29,,21.45,,93.38,1504.0,,108.94,13.118,17029.28,2013.25,92.9,106.86,,118.29,1.1968
1983,2007-08-09,80.744,70.16,,,99.87,4.7798,4.768,98.1,,26.48,,91.54,1458.0,,109.12,12.655,17170.6,1959.5,118.5,107.38,,118.51,1.1992
1984,2007-08-10,80.679,70.23,,,108.91,4.8116,4.542,97.73,,28.3,,92.74,1451.0,,109.31,12.825,16764.09,1943.0,116.4,107.48,,118.39,1.1988
1985,2007-08-13,81.048,70.27,,,108.57,4.7659,4.692,98.32,,26.57,,92.64,1455.0,,109.47,12.812,16800.05,1956.5,111.7,107.53,,117.42,1.2105
1986,2007-08-14,81.489,70.43,,,114.96,4.7243,4.644,98.36,,27.68,,92.48,1434.25,,109.81,12.707,16844.61,1928.75,106.8,107.88,,116.32,1.2186
1987,2007-08-15,81.822,70.54,,,121.67,4.7282,4.072,97.84,,30.67,,92.48,1414.5,,109.56,12.518,16475.61,1892.5,102.7,108.19,,114.06,1.2168
1988,2007-08-16,81.729,70.99,,,142.99,4.7025,3.854,98.91,,30.83,,89.53,1424.5,,110.59,11.465,16148.49,1870.5,109.8,108.86,,114.25,1.2051
1989,2007-08-17,81.426,70.77,,,133.87,4.6886,3.718,98.62,,29.99,,90.73,1450.0,,109.84,11.772,15273.68,1906.25,106.9,108.59,,114.365,1.2083
1990,2007-08-20,81.4,70.94,,,125.04,4.6296,3.278,98.7999,,26.33,,90.69,1449.0,,110.25,11.709,15732.48,1911.75,109.5,108.78,,114.15,1.2067
1991,2007-08-21,81.492,71.12,,,122.6,4.5963,3.7,99.3,,25.25,,90.64,1450.25,,110.62,11.489,15901.34,1933.75,114.4,109.08,,115.62,1.2064
1992,2007-08-22,81.249,70.97,,,117.47,4.6491,3.658,98.9166,,22.89,,90.98,1468.75,,110.38,11.546,15900.64,1959.0,112.6,108.84,,116.02,1.2074
1993,2007-08-23,81.145,70.97,,,117.42,4.6589,3.948,98.56,,22.62,,90.94,1466.5,,110.69,11.623,16316.32,1953.5,111.4,108.81,,116.38,1.2036
1994,2007-08-24,80.667,70.89,,,111.95,4.6136,4.247,98.78,,20.72,,92.18,1483.5,,110.84,11.925,16248.97,1983.5,104.4,108.66,,116.41,1.2009
1995,2007-08-27,80.739,71.05,,,115.24,4.5705,4.485,99.19,,22.72,,92.0,1469.75,,111.34,11.752,16301.39,1964.5,103.9,108.84,,114.34,1.2012
1996,2007-08-28,80.756,71.32,,,119.79,4.5062,4.176,99.35,,26.3,,91.64,1438.25,,111.62,11.754,16287.49,1921.75,106.6,109.5,,115.84,1.1992
1997,2007-08-29,80.7,71.24,,,113.22,4.5646,3.989,99.45,,23.81,,91.9,1465.5,,111.47,11.837,16012.83,1975.0,107.5,109.39,,115.94,1.2035
1998,2007-08-30,80.794,71.45,,,112.66,4.5119,3.989,99.79,,25.06,,91.69,1461.5,,112.09,11.791,16153.82,1988.75,110.3,109.83,,115.77,1.2081
1999,2007-08-31,80.791,71.34,,,109.27,4.5272,4.084,99.51,,23.38,,92.78,1476.75,,111.78,12.063,16569.09,2008.75,111.0,109.48,,115.77,1.2088
2000,2007-09-03,,,,,,,3.7967,,,,,,,,,,16524.93,,,,,116.24,1.2099
2001,2007-09-04,80.88,71.34,,,104.87,4.5525,4.3652,99.04,,22.78,,94.09,1489.5,,111.66,12.281,16420.47,2038.75,110.24,109.53,,115.12,1.2036
2002,2007-09-05,80.622,71.69,,,107.91,4.4649,4.378,99.7,,24.58,,93.98,1476.5,,112.5,12.19,16158.45,2017.25,113.5,110.23,,115.39,1.2008
2003,2007-09-06,80.472,71.59,,,106.6,4.5192,4.31,99.27,,23.99,,95.87,1479.5,,112.28,12.365,16257.0,2017.75,110.5,109.95,,113.39,1.1884
2004,2007-09-07,79.959,72.1,,,108.22,4.3874,4.086,99.5,,26.23,,96.56,1459.75,,113.53,12.592,16122.16,1984.5,116.9,111.0,,113.38,1.1884
2005,2007-09-10,79.816,72.3,,,107.07,4.322,4.028,99.75,,27.38,,96.9,1455.25,,114.19,12.532,15764.97,1982.25,120.4,111.23,,114.26,1.1888
2006,2007-09-11,79.704,72.15,,,103.75,4.3737,4.109,99.68,,25.27,,98.11,1472.75,,114.0,12.667,15877.67,2007.5,123.5,110.86,,114.12,1.1844
2007,2007-09-12,79.365,72.01,,,106.95,4.416,3.989,99.48,,24.96,,98.06,1476.25,,113.53,12.625,15797.6,2010.25,124.5,110.58,,114.59,1.1849
2008,2007-09-13,79.513,71.75,,,104.63,4.4663,4.04,99.35,,24.76,,97.68,1485.0,,112.81,12.514,15821.19,2014.75,122.1,110.02,,115.26,1.1908
2009,2007-09-14,79.617,71.82,,,104.39,4.4564,3.992,99.26,,24.92,,97.67,1498.0,,112.97,12.544,16127.42,2015.25,123.4,110.12,,115.37,1.1896
2010,2007-09-17,79.72,71.83,,,102.22,4.466,4.096,99.26,,26.48,,98.48,1489.75,,113.0,12.739,,1996.5,121.6,110.06,,115.91,1.1808
2011,2007-09-18,79.209,71.85,,,92.33,4.4698,4.005,99.59,,20.35,,98.47,1533.0,,112.78,12.767,15801.8,2049.75,114.4,110.17,,116.01,1.1834
2012,2007-09-19,79.3,71.7,,,97.7,4.5439,3.916,99.31,,20.03,,99.26,1541.5,,111.78,12.956,16381.54,2054.5,106.25,109.73,,114.64,1.1714
2013,2007-09-20,78.582,71.25,,,97.38,4.6996,3.818,99.01,,20.45,,100.67,1531.75,,110.25,13.321,16413.79,2048.25,118.8,108.64,,115.48,1.1719
2014,2007-09-21,78.597,71.39,,,98.14,4.6302,3.785,99.27,,19.0,,100.54,1534.5,,110.75,13.474,16312.61,2059.0,103.2,108.89,,115.49,1.1724
2015,2007-09-24,78.527,71.45,,,94.27,4.6381,3.811,,,19.37,,100.59,1531.75,,110.88,13.497,,2070.25,102.8,108.94,,114.66,1.1655
2016,2007-09-25,78.313,71.52,,,94.33,4.6301,3.792,99.58,,18.6,,100.52,1529.0,,110.81,13.482,16401.73,2088.0,106.5,109.05,,115.44,1.1695
2017,2007-09-26,78.493,71.52,,,89.49,4.6242,3.714,99.318,,17.63,,100.07,1536.25,,110.72,13.416,16435.74,2100.0,104.9,109.05,,115.55,1.1726
2018,2007-09-27,78.338,71.7,,,87.57,4.5689,3.704,99.522,,17.0,,100.67,1544.5,,111.34,13.517,16832.22,2112.25,103.3,109.38,,114.74,1.163
2019,2007-09-28,77.719,71.72,,,87.13,4.5944,3.806,99.56,,18.0,,102.05,1538.0,,111.34,13.794,16785.69,2104.5,103.7,109.28,,114.82,1.1643
2020,2007-10-01,77.904,71.77,,,84.48,4.5491,3.899,99.61,,17.84,,102.6,1556.5,,111.72,13.729,16845.96,2125.75,104.9,109.34,,115.71,1.175
2021,2007-10-02,78.303,71.86,,,88.74,4.5275,3.984,99.62,,18.49,,100.18,1554.5,,112.0,13.327,17046.78,2126.0,103.6,109.61,,116.56,1.1799
2022,2007-10-03,78.573,71.82,,,87.65,4.5608,3.958,99.638,,18.8,,100.1,1550.75,,111.84,13.349,17199.89,2111.25,101.8,109.47,,116.41,1.1745
2023,2007-10-04,78.481,71.89,,,89.38,4.5156,3.942,99.99,,18.44,,101.2,1552.25,,112.09,13.389,17092.49,2113.5,102.0,109.62,,116.88,1.1773
2024,2007-10-05,78.308,71.48,,,83.91,4.6376,3.971,98.998,,16.91,,101.67,1570.75,,110.78,13.379,17065.04,2161.25,98.1,108.77,,116.985,1.1784
2025,2007-10-08,78.672,,,,84.96,4.64,3.9781,99.11,,17.46,,100.51,1562.75,,,13.25,,2170.75,,,,117.19,1.183
2026,2007-10-09,78.526,71.46,,,79.93,4.6535,4.023,99.45,,16.12,,101.11,1576.25,,110.78,13.475,17159.9,2184.75,91.4,108.67,,117.148,1.1835
2027,2007-10-10,78.375,71.47,,,87.46,4.6554,4.062,99.6,,16.67,,101.5,1573.25,,110.78,13.562,17177.89,2187.0,86.6,108.7,,117.37,1.1817
2028,2007-10-11,78.078,71.43,,,95.78,4.6435,4.118,99.4999,,18.88,,102.96,1565.25,,110.62,13.883,17458.98,2157.25,82.4,108.66,,117.59,1.1853
2029,2007-10-12,78.224,71.32,,,90.63,4.6872,4.215,99.4001,,17.73,,102.56,1574.5,,110.38,13.803,17331.17,2189.75,79.6,108.47,,117.61,1.1847
2030,2007-10-15,78.088,71.38,,,86.18,4.6812,4.267,99.25,,19.25,,103.71,1560.25,,110.44,13.757,17358.15,2171.25,79.3,108.62,,116.94,1.182
2031,2007-10-16,78.251,71.47,,,91.47,4.6572,4.259,99.56,,20.02,,103.68,1547.5,,110.41,13.562,17137.92,2166.75,82.8,108.8,,116.49,1.1788
2032,2007-10-17,78.12,71.91,,,89.48,4.5542,4.01,100.4,,18.54,,103.72,1552.5,,111.69,13.656,16955.31,2187.25,93.5,109.56,,115.46,1.1694
2033,2007-10-18,77.59,72.1,,,83.37,4.4991,3.849,100.26,,18.5,,104.59,1546.75,,112.16,13.711,17106.09,2196.5,92.3,109.89,,114.56,1.1677
2034,2007-10-19,77.407,72.46,,,91.56,4.3973,3.822,100.99,,22.96,,104.55,1505.75,,113.22,13.553,16814.37,2140.25,95.8,110.56,,114.53,1.1663
2035,2007-10-22,78.06,72.5,,,88.17,4.4128,3.976,100.71,,21.64,,103.41,1513.5,,113.41,13.475,16438.47,2162.25,97.4,110.53,,114.86,1.1734
2036,2007-10-23,77.589,72.48,,,86.42,4.4127,4.031,100.94,,20.41,,103.83,1525.5,,113.19,13.572,16450.58,2202.5,96.3,110.52,,114.18,1.1716
2037,2007-10-24,77.546,72.74,,,89.14,4.3466,3.854,101.2501,,20.8,,104.17,1522.0,,113.94,13.515,16358.39,2193.5,104.9,111.03,,113.963,1.1653
2038,2007-10-25,77.278,72.69,,,90.82,4.3872,3.952,101.25,,21.17,,104.9,1525.0,,113.78,13.835,16284.17,2183.75,103.8,110.86,,114.21,1.1647
2039,2007-10-26,77.027,72.59,,,95.36,4.4026,3.951,101.13,,19.56,,107.15,1542.5,,113.5,14.212,16505.63,2197.75,102.04,110.64,,114.18,1.1644
2040,2007-10-29,76.837,72.63,,,95.01,4.385,3.971,101.29,,19.87,,107.84,1547.0,,113.66,14.365,16698.08,2206.0,99.1,110.66,,114.7,1.1649
2041,2007-10-30,76.773,72.61,,,100.37,4.3868,3.948,101.23,,21.07,,107.19,1536.0,,113.59,14.267,16651.01,2208.25,96.34,110.66,,114.78,1.1584
2042,2007-10-31,76.479,72.29,,,93.62,4.4728,3.922,100.8175,,18.53,,108.21,1554.9,,112.59,14.377,16737.63,2243.0,90.18,110.02,,115.39,1.1595
2043,2007-11-01,76.594,72.73,,,97.53,4.3478,3.786,100.45,,23.21,,107.99,1515.75,,113.84,14.27,16870.4,2206.0,100.25,110.8,,114.46,1.1571
2044,2007-11-02,76.337,73.03,,,97.46,4.3184,3.62,100.95,,23.01,,110.01,1517.5,,114.5,14.546,16517.48,2214.0,103.64,111.34,,114.72,1.1562
2045,2007-11-05,76.425,72.96,,,97.29,4.3377,3.749,100.59,,24.31,,110.32,1505.5,,114.19,14.732,16268.92,2203.25,102.56,111.16,,114.3,1.1529
2046,2007-11-06,76.04,72.84,,,92.7,4.3804,3.834,100.528,,21.39,,112.03,1525.0,,113.75,15.327,16249.63,2224.0,98.4,110.88,,114.71,1.144
2047,2007-11-07,75.412,72.96,,,98.17,4.3007,3.435,100.55,,26.49,,113.41,1482.75,,113.72,15.272,16096.68,2171.5,107.98,111.17,,112.61,1.134
2048,2007-11-08,75.456,73.19,,,97.36,4.2888,3.419,100.55,,26.16,,113.95,1475.5,,114.06,15.467,15771.57,2096.0,112.08,111.62,,112.71,1.1271
2049,2007-11-09,75.4,73.38,,,97.86,4.2095,3.258,101.2,,28.5,,113.58,1455.0,,114.69,15.499,15583.42,2032.25,112.08,111.98,,110.66,1.121
2050,2007-11-12,75.902,,,,98.09,4.229,3.3969,101.34,,31.09,,109.91,1440.25,,,14.719,15197.09,1980.0,,,,109.62,1.1294
2051,2007-11-13,75.881,73.25,,,92.58,4.2694,3.48,100.62,,24.1,,108.71,1483.25,,114.41,14.571,15126.63,2057.25,102.5,111.72,,111.14,1.1257
2052,2007-11-14,75.814,73.23,,,94.39,4.2539,3.419,100.1601,,25.94,,110.87,1478.0,,114.41,15.029,15499.56,2048.0,95.36,111.59,,111.27,1.123
2053,2007-11-15,76.069,73.67,,,92.96,4.1403,3.321,100.9,,28.06,,107.13,1458.0,,115.41,14.452,15396.3,2024.0,102.22,112.38,,110.48,1.1225
2054,2007-11-16,75.827,73.72,,,92.8,4.1747,3.429,101.0,,25.49,,107.09,1460.25,,115.56,14.483,15154.61,2045.75,99.14,112.45,,110.98,1.1186
2055,2007-11-19,75.78,74.03,,,91.13,4.0771,3.371,101.25,,26.01,,105.88,1437.5,,116.22,14.136,15042.56,2018.5,101.04,113.02,,109.77,1.1147
2056,2007-11-20,75.205,74.1,,,91.34,4.0942,3.347,101.25,,24.88,,107.71,1446.0,,116.25,14.478,15211.52,2026.0,109.2,113.16,,109.72,1.106
2057,2007-11-21,75.073,74.3,,,94.49,4.0161,3.12,101.53,,26.84,,108.68,1417.75,,116.5,14.4,14837.66,1996.0,112.2,113.39,,108.35,1.1017
2058,2007-11-22,,,,,,4.011,3.0916,,,,,,,,,,14888.77,,,,,108.49,1.101
2059,2007-11-23,75.053,74.31,,,89.62,4.0065,3.222,101.29,,25.61,,112.22,1442.0,,116.88,14.715,,2023.0,112.1,113.45,,108.12,1.1019
2060,2007-11-26,74.859,74.92,,,91.55,3.8447,3.124,102.12,,28.91,,112.47,1409.25,,118.78,14.817,15135.21,1990.5,126.9,114.59,,108.12,1.1019
2061,2007-11-27,75.096,74.6,,,90.7,3.9515,3.172,101.63,,26.28,,110.78,1426.5,,117.62,14.474,15222.85,2023.0,133.4,113.95,,108.8,1.1051
2062,2007-11-28,75.076,74.29,,,91.62,4.0461,3.017,101.03,,24.11,,108.91,1470.5,,116.94,14.329,15153.78,2086.0,127.4,113.42,,109.96,1.1108
2063,2007-11-29,75.588,74.6,,,91.08,3.9325,2.96,101.17,,23.97,,108.24,1471.5,,117.78,14.237,15513.74,2091.0,133.6,114.0,,109.76,1.1167
2064,2007-11-30,76.147,74.51,,,88.88,3.9492,3.155,101.17,,22.87,,106.45,1483.75,,117.19,13.963,15680.67,2085.0,131.5,113.92,,111.24,1.1321
2065,2007-12-03,75.935,74.87,,,87.45,3.8534,2.99,101.35,,23.61,,107.21,1475.5,,118.0,14.011,15628.97,2065.5,136.11,114.58,,110.44,1.127
2066,2007-12-04,75.694,74.9,,,86.85,3.902,3.074,101.45,,23.79,,108.95,1463.25,,118.0,14.271,15480.19,2052.75,141.7,114.66,,109.86,1.1171
2067,2007-12-05,76.413,74.84,,,83.08,3.9547,3.063,100.83,,22.53,,108.42,1487.0,,117.66,14.27,15608.88,2091.75,140.4,114.7,,110.91,1.1284
2068,2007-12-06,76.383,74.49,,,81.51,4.0171,3.073,99.93,,20.96,,108.88,1507.5,,116.62,14.44,15874.08,2116.5,138.5,114.17,,111.36,1.1279
2069,2007-12-07,76.288,74.03,,,82.47,4.1087,3.031,99.4201,,20.85,,107.95,1507.25,,115.19,14.325,15956.37,2122.5,139.96,113.31,,111.66,1.1283
2070,2007-12-10,76.062,73.94,,,81.5,4.1625,3.031,99.52,,20.74,,109.75,1518.75,,114.81,14.674,15924.39,2129.0,126.89,113.17,,111.79,1.1281
2071,2007-12-11,76.222,74.56,,,82.58,3.9732,2.934,99.78,,23.59,,110.23,1478.0,,116.44,14.695,16044.72,2080.5,140.6,114.39,,110.88,1.1299
2072,2007-12-12,76.144,74.25,,,89.41,4.0913,2.867,99.54,,22.47,,110.46,1490.25,,115.66,14.655,15932.26,2098.25,142.8,113.73,,111.99,1.1342
2073,2007-12-13,76.562,73.93,,,88.19,4.2127,2.887,99.66,,22.56,,108.47,1488.0,,114.5,14.072,15536.52,2083.25,139.2,113.22,,112.31,1.1414
2074,2007-12-14,77.436,73.67,,,85.82,4.2418,2.882,98.92,,23.27,,107.66,1478.5,,113.81,13.826,15514.51,2063.0,139.38,112.8,,113.26,1.1509
2075,2007-12-17,77.401,73.87,,,85.38,4.1507,2.995,99.49,,24.52,,107.83,1456.75,,114.34,13.826,15249.79,2019.0,138.73,113.17,,112.85,1.1494
2076,2007-12-18,77.412,74.16,,,80.83,4.1217,3.032,99.45,,22.64,,108.92,1466.5,,115.28,14.014,15207.86,2019.75,141.5,113.64,,112.85,1.1494
2077,2007-12-19,77.587,74.36,,,83.47,4.0335,2.898,100.38,,21.68,,108.65,1465.0,,115.72,14.073,15030.51,2026.75,147.83,113.75,,113.29,1.1546
2078,2007-12-20,77.794,74.55,,,79.44,4.0545,2.954,100.56,,20.58,,108.36,1474.75,,116.56,14.196,15031.6,2068.0,154.7,113.52,,113.16,1.1582
2079,2007-12-21,77.721,74.03,,,82.87,4.1718,2.949,99.8899,,18.47,,110.0,1498.0,,115.0,14.346,15257.0,2106.75,145.5,112.44,,114.05,1.155
2080,2007-12-24,77.572,73.88,,,79.85,4.2144,3.288,,,18.6,,110.15,1506.5,,114.38,14.52,,2117.5,144.0,112.09,,114.16,1.1565
2081,2007-12-25,,,,,,,3.3024,,,,,,,,,,15552.59,,,,,114.2,1.1586
2082,2007-12-26,77.15,73.63,,,80.79,4.2827,3.316,98.856,,18.66,,111.91,1509.75,,113.53,14.695,15653.54,2129.0,141.3,111.59,,114.22,1.1511
2083,2007-12-27,76.607,73.93,,,84.36,4.2027,3.114,99.5,,20.26,,112.22,1489.75,,114.44,14.678,15564.69,2101.0,140.9,112.22,,113.84,1.1401
2084,2007-12-28,76.218,74.34,,,84.03,4.077,3.15,99.98,,20.74,,113.69,1485.5,,115.69,14.77,15307.78,2094.5,144.0,112.91,,112.37,1.1267
2085,2007-12-31,76.695,74.59,,,82.19,4.0347,3.247,99.99,,22.5,,113.05,1477.25,,116.38,14.797,,2074.25,145.4,113.39,,111.65,1.132
2086,2008-01-01,,,,,,,3.2451,,,,,,,,,,,,,,,111.82,1.1313
2087,2008-01-02,75.972,75.16,,,80.58,3.9071,3.239,100.94,,23.17,,116.02,1373.75,,117.91,15.167,,2039.5,148.7,114.39,,109.263,1.1192
2088,2008-01-03,75.889,75.16,,,79.33,3.8937,3.233,100.98,,22.49,,117.25,1374.0,,117.75,15.382,,2045.75,145.6,114.34,,109.51,1.1115
2089,2008-01-04,75.793,75.38,,,81.46,3.8746,3.196,101.1,,23.94,,116.79,1338.25,,118.09,15.346,14691.41,1954.5,138.1,114.98,,108.63,1.1071
2090,2008-01-07,76.174,75.46,,,79.51,3.8349,3.253,101.5499,,23.79,,116.29,1336.75,,118.41,15.18,14500.55,1944.75,130.9,115.16,,109.23,1.1178
2091,2008-01-08,76.111,75.46,,,79.59,3.7803,3.218,101.4,,25.43,,118.76,1312.25,,118.28,15.707,14528.67,1898.0,124.0,115.16,,107.66,1.1122
2092,2008-01-09,76.419,75.67,,,89.37,3.8253,3.228,101.28,,24.12,,118.95,1326.75,,118.81,15.734,14599.16,1926.0,128.0,115.47,,109.88,1.1162
2093,2008-01-10,75.934,75.31,,,84.98,3.8893,3.249,100.881,,23.45,,120.54,1336.25,,117.44,16.173,14388.11,1930.25,125.3,114.81,,109.62,1.1044
2094,2008-01-11,75.978,75.63,,,84.66,3.7948,3.093,101.19,,23.68,,121.08,1323.0,,118.25,16.273,14110.79,1895.0,130.9,115.44,,108.96,1.1
2095,2008-01-14,75.613,75.71,,,86.96,3.7722,3.16,101.25,,22.9,,121.84,1335.5,,118.5,16.325,,1924.5,130.56,115.5,,108.25,1.0929
2096,2008-01-15,75.574,76.01,,,81.13,3.6806,3.151,101.76,,23.34,,121.73,1303.25,,119.53,16.205,13972.63,1881.5,131.9,116.09,,106.77,1.0913
2097,2008-01-16,76.258,76.01,,,80.51,3.7401,3.13,101.26,,24.38,,118.92,1291.25,,119.19,15.807,13504.51,1850.5,133.0,116.03,,107.345,1.0989
2098,2008-01-17,76.174,76.29,,,84.99,3.6303,2.98,101.84,,28.46,,118.7,1255.0,,120.09,15.93,13783.45,1825.5,135.1,116.55,,106.4,1.1005
2099,2008-01-18,76.383,76.3,,,77.24,3.6371,2.845,102.304,,27.18,,118.85,1240.5,,119.59,16.138,13861.29,1819.0,137.1,116.67,,106.83,1.0993
2100,2008-01-21,76.866,,,,,3.633,2.8487,,,,,,,,,,13325.94,,,,,105.63,1.1102
2101,2008-01-22,76.346,76.97,,,86.58,3.4187,2.289,102.36,,31.01,,119.94,1224.5,,120.78,16.03,12573.05,1770.5,147.3,117.83,,107.06,1.0968
2102,2008-01-23,76.401,77.22,,,82.68,3.6054,2.229,102.24,,29.02,,118.91,1256.75,,121.44,15.902,12829.06,1777.0,165.1,118.2,,106.75,1.0918
2103,2008-01-24,75.692,76.37,,,81.31,3.7111,2.398,101.66,,27.78,,122.0,1267.5,,118.97,16.273,13092.78,1806.5,171.7,116.67,,107.15,1.0866
2104,2008-01-25,75.973,76.6,,,79.0,3.5568,2.264,102.11,,29.08,,122.67,1249.25,,119.88,16.428,13629.16,1763.0,178.8,117.05,,106.8,1.0978
2105,2008-01-28,75.579,76.63,,,76.43,3.5825,2.269,102.1399,,27.78,,124.89,1269.75,,119.97,16.69,13087.91,1779.75,170.2,117.0,,106.97,1.0896
2106,2008-01-29,75.545,76.37,,,77.46,3.6806,2.481,101.4801,,27.32,,124.62,1277.25,,119.31,16.745,13478.86,1781.5,161.8,116.53,,107.04,1.0939
2107,2008-01-30,75.032,76.1,,,76.41,3.6414,2.141,101.53,,27.62,,124.02,1265.75,,118.31,16.711,13345.03,1781.0,146.71,116.0,,106.23,1.0842
2108,2008-01-31,75.178,76.5,,,75.21,3.5968,1.946,102.38,,26.2,,124.25,1294.75,,119.31,16.948,13592.47,1817.25,153.7,116.72,,106.251,1.0807
2109,2008-02-01,75.445,76.7,,,73.94,3.5963,2.125,102.38,,24.02,,122.31,1312.25,,119.78,16.824,13497.16,1833.0,144.7,117.05,,106.51,1.0887
2110,2008-02-04,75.37,76.59,,,73.9,3.6444,2.238,102.09,,25.99,,121.76,1294.0,,119.19,16.74,13859.7,1796.25,142.0,116.81,,106.69,1.088
2111,2008-02-05,76.116,76.86,,,75.06,3.5664,2.213,102.7099,,28.24,,119.2,1258.5,,119.78,16.303,13745.5,1754.5,145.9,117.44,,106.531,1.0991
2112,2008-02-06,76.141,76.79,,,74.63,3.594,2.095,102.33,,28.97,,121.17,1245.25,,119.38,16.508,13099.24,1717.75,146.2,117.31,,106.38,1.0971
2113,2008-02-07,76.938,76.37,,,72.0,3.7703,2.218,100.93,,27.66,,121.84,1255.5,,117.81,16.735,13207.15,1736.5,150.4,116.53,,107.31,1.1032
2114,2008-02-08,76.67,76.67,,,72.6,3.6503,2.233,101.25,,28.01,,123.48,1245.5,,118.72,17.075,13017.24,1746.0,153.0,117.08,,107.74,1.1073
2115,2008-02-11,76.584,76.82,,,71.41,3.6182,2.243,101.88,,27.6,,124.07,1253.5,,119.28,17.433,,1766.75,149.8,117.33,,106.83,1.1022
2116,2008-02-12,76.315,76.59,,,72.52,3.6617,2.285,101.18,,26.33,,121.98,1265.0,,118.5,17.218,13021.96,1759.5,148.5,116.89,,107.34,1.102
2117,2008-02-13,76.399,76.59,,,71.44,3.7359,2.275,100.97,,24.88,,121.86,1279.0,,118.06,17.326,13068.3,1789.75,146.1,116.98,,108.282,1.1081
2118,2008-02-14,76.155,76.18,,,69.23,3.8221,2.28,100.66,,25.54,,121.94,1266.25,,116.41,17.23,13626.45,1763.75,144.2,116.23,,107.79,1.0972
2119,2008-02-15,76.101,76.32,,,74.72,3.7647,2.207,100.94,,25.02,,121.31,1266.5,,117.0,17.098,13622.56,1756.0,146.6,116.44,,107.8,1.0933
2120,2008-02-18,76.257,,,,,,2.1976,,,,,,,,,,13635.4,,,,,108.16,1.1016
2121,2008-02-19,75.998,75.98,,,69.6,3.9076,2.243,100.364,,25.59,,124.49,1270.75,,116.06,17.49,13757.91,1751.0,147.5,115.62,,107.92,1.0943
2122,2008-02-20,76.116,75.83,,,71.29,3.8921,2.229,99.7,,24.4,,125.56,1274.25,,115.91,17.745,13310.37,1758.75,154.3,115.3,,108.05,1.0982
2123,2008-02-21,75.601,76.36,,,69.65,3.786,2.203,101.03,,25.12,,127.09,1262.25,,117.25,17.94,13688.28,1745.5,160.6,116.48,,107.41,1.0902
2124,2008-02-22,75.52,76.31,,,65.47,3.8054,2.202,100.69,,24.06,,126.9,1270.75,,117.06,18.025,13500.46,1750.5,161.5,116.5,,107.19,1.0849
2125,2008-02-25,75.529,75.89,,,68.92,3.91,2.192,100.33,,23.03,,125.92,1286.75,,115.84,18.08,13914.57,1755.0,158.1,115.62,,108.03,1.0885
2126,2008-02-26,74.763,76.05,,,68.59,3.8577,2.116,100.632,,21.9,,127.05,1298.0,,116.0,18.712,13824.72,1766.25,149.2,115.95,,107.35,1.076
2127,2008-02-27,74.213,76.12,,,67.56,3.8519,1.967,100.4,,22.69,,128.67,1295.75,,116.22,19.202,14031.3,1769.75,142.91,116.06,,106.37,1.0627
2128,2008-02-28,73.721,76.62,,,66.61,3.6716,1.89,101.2999,,23.53,,129.54,1281.0,,117.72,19.63,13925.51,1753.75,145.2,117.14,,104.95,1.051
2129,2008-02-29,73.714,77.34,,,69.81,3.5186,1.833,102.02,,26.54,,130.54,1246.5,,119.69,19.808,13603.02,1717.75,155.2,118.69,,103.77,1.0422
2130,2008-03-03,73.704,77.39,,,71.02,3.5524,1.648,101.41,,26.28,,131.77,1247.25,,119.67,20.073,12992.18,1706.25,152.2,118.7,,103.52,1.041
2131,2008-03-04,73.664,77.25,,,69.95,3.6299,1.644,100.95,,25.52,,129.38,1242.25,,119.0,19.738,12992.28,1712.0,155.7,118.58,,103.37,1.0394
2132,2008-03-05,73.479,76.85,,,68.51,3.6832,1.51,100.46,,24.6,,132.35,1250.75,,117.55,20.685,12972.06,1729.0,164.9,118.0,,103.91,1.0359
2133,2008-03-06,73.001,77.09,,,74.53,3.594,1.4079,100.81,,27.55,,130.82,1223.25,,117.95,20.131,13215.42,1683.75,171.4,118.53,,102.58,1.022
2134,2008-03-07,73.027,77.38,,,76.02,3.5411,1.444,100.66,,27.49,,130.43,1208.0,,118.42,20.158,12782.8,1678.25,172.6,119.31,,102.7,1.0248
2135,2008-03-10,72.993,77.75,,,77.45,3.4661,1.362,100.869,,29.38,,130.11,1190.75,,119.86,19.698,12532.13,1646.25,169.6,120.09,,101.44,1.0189
2136,2008-03-11,73.277,77.08,,,73.76,3.5997,1.551,100.17,,26.36,,130.68,1239.25,,118.27,19.676,12658.28,1720.0,155.3,118.7,,103.27,1.0324
2137,2008-03-12,72.404,77.58,,,73.94,3.4399,1.402,100.81,,27.22,,131.27,1224.75,,120.02,19.911,12861.13,1704.25,154.3,119.72,,101.48,1.0147
2138,2008-03-13,72.072,77.46,,,75.56,3.5261,1.341,99.64,,27.29,,133.05,1228.5,,119.39,20.339,12433.44,1718.0,162.7,119.59,,100.68,1.0103
2139,2008-03-14,71.657,78.05,,,80.99,3.4716,1.193,100.168,,31.16,,133.8,1206.75,,120.7,20.574,12241.6,1687.5,167.2,120.91,,99.03,0.9979
2140,2008-03-17,71.459,78.43,,,80.71,3.2988,1.019,100.18,,32.24,,134.17,1193.75,,121.48,20.222,11787.51,1659.25,168.8,121.69,,97.1,0.9843
2141,2008-03-18,71.571,77.93,,,72.97,3.5035,0.846,100.18,,25.79,,134.4,1248.25,,120.64,19.89,11964.16,1735.0,159.2,120.7,,99.82,0.999
2142,2008-03-19,72.144,78.27,,,70.5,3.3301,0.616,101.28,,29.84,,126.53,1213.75,,121.19,18.395,12260.44,1688.5,159.9,120.94,,98.62,0.9965
2143,2008-03-20,72.747,78.38,,,66.97,3.341,0.529,100.83,,26.62,,123.14,1239.0,,120.95,16.805,,1714.0,158.6,119.83,,99.38,1.0067
2144,2008-03-21,,,,,,,0.5854,,,,,,,,,,12482.57,,,,,99.57,1.0087
2145,2008-03-24,72.949,77.61,,,68.82,3.5582,1.06,100.78,,25.73,,122.99,1265.75,,118.8,17.067,12480.09,1783.25,161.0,118.22,,100.74,1.0188
2146,2008-03-25,72.276,77.64,,,68.65,3.511,1.306,100.99,,25.72,,125.19,1265.75,,119.06,17.762,12745.22,1790.0,160.7,118.53,,100.08,1.0087
2147,2008-03-26,71.506,77.67,,,69.56,3.464,1.285,99.79,,26.08,,127.12,1249.75,,118.81,18.346,12706.63,1774.25,157.7,118.66,,99.16,0.9916
2148,2008-03-27,71.66,77.54,,,69.0,3.5242,1.295,100.33,,25.88,,127.1,1244.0,,118.17,18.513,12604.58,1756.0,152.4,118.36,,99.53,0.992
2149,2008-03-28,71.678,77.73,,,68.79,3.4414,1.377,,,25.71,,124.77,1233.25,,118.53,17.9,12820.47,1744.0,145.9,118.7,,99.12,0.9925
2150,2008-03-31,71.802,77.91,,,67.64,3.445,1.336,100.1201,,25.61,,122.77,1238.25,,118.8,17.275,12525.54,1754.5,145.5,118.95,,99.85,0.9945
2151,2008-04-01,72.563,77.39,,,66.96,3.5583,1.388,99.73,,22.68,,118.28,1284.75,,117.64,16.855,12656.42,1821.75,141.9,117.72,,102.29,1.0085
2152,2008-04-02,72.259,77.22,,,67.61,3.6058,1.372,99.48,,23.43,,119.93,1285.25,,117.45,17.147,13189.36,1826.25,146.2,117.42,,102.29,1.0106
2153,2008-04-03,72.217,77.18,,,66.11,3.5944,1.393,99.9999,,23.21,,121.18,1287.75,,117.55,17.447,13389.9,1831.25,139.7,117.42,,101.52,1.0055
2154,2008-04-04,72.021,77.59,,,64.56,3.47,1.351,100.9,,22.45,,121.66,1286.25,,119.11,17.722,13293.22,1833.75,140.2,118.31,,101.535,1.0062
2155,2008-04-07,72.202,77.29,,,67.4,3.545,1.392,100.716,,22.42,,123.47,1286.5,,118.34,18.087,13450.23,1829.75,132.9,117.48,,108.18,1.0162
2156,2008-04-08,72.232,77.31,,,67.3,3.564,1.377,100.9,,22.36,,122.3,1285.25,,118.27,17.675,13250.43,1818.75,128.2,117.47,,101.822,1.0024
2157,2008-04-09,71.833,77.73,,,75.24,3.481,1.3,101.23,,22.81,,124.9,1274.5,,119.42,18.17,13111.89,1801.25,128.7,118.19,,102.06,1.0083
2158,2008-04-10,72.117,77.5,,,75.47,3.5451,1.213,101.1,,21.98,,124.14,1277.0,,119.03,18.013,12945.3,1822.75,127.8,117.55,,100.95,1.0004
2159,2008-04-11,71.808,77.74,,,74.74,3.477,1.203,101.55,,23.46,,123.5,1249.75,,119.67,17.668,13323.73,1770.25,129.4,118.2,,100.975,1.001
2160,2008-04-14,71.875,77.66,,,72.39,3.5128,1.065,101.47,,23.82,,123.73,1245.5,,119.3,17.768,12917.51,1760.25,127.4,117.92,,101.82,1.0081
2161,2008-04-15,72.023,77.45,,,68.15,3.6061,1.168,99.93,,22.78,,124.17,1250.25,,118.42,17.83,12990.58,1760.75,129.9,117.41,,101.8,0.9991
2162,2008-04-16,71.408,76.87,,,66.36,3.7137,1.122,100.3,,20.53,,126.34,1285.25,,117.0,18.305,13146.13,1826.25,144.0,116.59,,102.48,1.0061
2163,2008-04-17,71.68,76.69,,,65.09,3.7253,1.285,100.16,,20.37,,125.62,1286.5,,116.69,18.287,13398.3,1831.0,149.7,116.36,,103.75,1.0179
2164,2008-04-18,72.012,76.58,,,62.09,3.7081,1.341,99.8499,,20.13,,121.93,1302.25,,116.44,17.802,13476.45,1867.0,144.1,116.14,,103.675,1.0183
2165,2008-04-21,71.647,76.73,,,63.43,3.7313,1.321,100.4082,,20.5,,122.25,1302.5,,117.08,17.342,13696.55,1878.0,135.2,116.39,,102.87,1.003
2166,2008-04-22,71.329,76.68,,,62.84,3.6985,1.295,100.01,,20.87,,123.26,1295.0,,117.16,17.698,13547.82,1859.0,129.1,116.25,,103.452,1.0157
2167,2008-04-23,71.819,76.65,,,59.74,3.7373,1.219,100.4204,,20.26,,121.1,1292.75,,116.98,17.155,13579.16,1869.5,125.6,116.08,,104.247,1.0349
2168,2008-04-24,72.535,76.25,,,62.75,3.8347,1.26,99.58,,20.06,,118.49,1300.25,,116.11,16.652,13540.87,1884.75,129.2,115.31,,104.4,1.0346
2169,2008-04-25,72.79,76.1,,,65.99,3.8722,1.367,98.92,,19.59,,118.53,1311.25,,115.59,16.846,13863.47,1885.0,131.0,115.06,,104.425,1.0338
2170,2008-04-28,72.787,76.26,,,66.48,3.8311,1.387,99.84,,19.64,,119.3,1311.75,,116.03,17.011,13894.37,1890.5,130.1,115.34,,104.0,1.0372
2171,2008-04-29,72.895,76.32,,,65.42,3.8253,1.485,100.37,,20.24,,116.81,1305.5,,116.11,16.54,,1903.0,126.5,115.39,,103.943,1.035
2172,2008-04-30,72.509,76.57,,,64.69,3.7337,1.352,100.7799,,20.79,,115.25,1300.25,,116.89,16.502,13849.99,1887.25,119.1,115.81,,103.943,1.035
2173,2008-05-01,73.275,76.55,,,63.06,3.7688,1.408,100.42,,18.88,,113.36,1325.75,,117.14,16.121,13766.86,1947.25,115.2,115.73,,105.3,1.0559
2174,2008-05-02,73.5,76.21,,,63.68,3.8591,1.525,100.78,,18.18,,114.31,1330.0,,116.23,16.381,14049.26,1954.25,111.8,114.97,,105.365,1.0577
2175,2008-05-05,73.19,76.25,,,70.1,3.8729,1.582,100.89,,18.9,,116.45,1322.5,,116.12,16.746,,1944.5,108.9,115.08,,104.684,1.0516
2176,2008-05-06,72.999,76.12,,,69.04,3.9224,1.633,100.09,,18.21,,116.93,1335.0,,115.42,16.78,,1963.0,110.4,114.84,,104.779,1.0558
2177,2008-05-07,73.514,76.25,,,72.82,3.8495,1.685,100.61,,19.73,,116.07,1309.5,,115.75,16.617,14102.48,1924.5,116.1,115.11,,108.27,1.0508
2178,2008-05-08,73.477,76.54,,,73.45,3.7823,1.659,100.733,,19.4,,117.52,1306.25,,116.77,16.794,13943.26,1929.0,119.7,115.8,,102.8,1.0403
2179,2008-05-09,73.05,76.7,,,73.79,3.7786,1.689,101.066,,19.41,,118.01,1303.25,,117.25,16.843,13655.34,1927.25,121.1,116.06,,102.855,1.041
2180,2008-05-12,72.947,76.67,,,72.0,3.7993,1.817,100.96,,17.79,,117.89,1319.0,,117.25,17.158,13743.36,1962.5,118.3,116.03,,104.62,1.0516
2181,2008-05-13,73.273,76.12,,,68.62,3.9131,1.957,100.32,,17.98,,115.87,1319.0,,115.84,16.763,13953.73,1970.0,120.9,114.92,,105.05,1.0549
2182,2008-05-14,73.399,75.96,,,71.18,3.9188,1.818,100.35,,17.66,,115.46,1322.0,,115.5,16.55,14118.55,1960.5,127.2,114.56,,104.8,1.0563
2183,2008-05-15,73.35,76.31,,,71.16,3.82,1.843,99.99,,16.3,,117.22,1338.75,,116.42,16.627,14251.74,1999.75,125.3,115.28,,104.02,1.0479
2184,2008-05-16,72.844,76.29,,,75.77,3.8541,1.838,100.8799,,16.47,,119.88,1340.0,,116.45,16.904,14219.48,1999.5,122.5,115.22,,104.05,1.0476
2185,2008-05-19,73.045,76.38,,,76.63,3.8351,1.858,101.0,,17.01,,120.69,1344.0,,116.61,16.974,14269.61,1989.75,117.5,115.41,,103.57,1.0367
2186,2008-05-20,72.405,76.65,,,79.8,3.7803,1.849,101.17,,17.58,,122.59,1331.75,,117.3,17.671,14160.09,1973.5,116.6,115.97,,103.04,1.0254
2187,2008-05-21,71.938,76.45,,,80.12,3.8067,1.869,101.0,,18.59,,123.73,1307.25,,116.97,17.998,13926.3,1928.5,115.9,115.64,,104.04,1.0302
2188,2008-05-22,72.277,76.04,,,83.62,3.9226,1.869,100.16,,18.05,,122.38,1307.5,,115.81,17.975,13978.46,1930.5,120.9,114.73,,103.3,1.0233
2189,2008-05-23,71.888,76.39,,,79.63,3.8501,1.858,100.55,,19.55,,123.39,1287.75,,116.86,18.241,14012.2,1922.25,120.4,115.52,,103.325,1.0239
2190,2008-05-26,71.888,,,,,3.842,1.8662,,,,,,,,,,13690.19,,,,,104.191,1.0334
2191,2008-05-27,72.338,76.07,,,79.35,3.9207,1.915,99.874,,19.64,,121.03,1299.0,,115.64,17.425,13893.31,1957.0,121.1,114.81,,104.65,1.0368
2192,2008-05-28,72.547,75.75,,,77.7,3.9994,1.8999,99.23,,19.07,,120.0,1305.75,,114.77,17.38,13709.44,1969.0,126.6,114.12,,105.49,1.049
2193,2008-05-29,73.023,75.51,,,74.2,4.0788,1.879,99.32,,18.14,,116.91,1312.0,,113.94,16.477,14124.47,1987.0,131.6,113.7,,105.5,1.0414
2194,2008-05-30,72.879,75.63,,,73.46,4.0673,1.905,99.345,,17.83,,118.21,1314.75,,114.47,16.827,14338.54,1999.25,130.2,113.95,,105.52,1.0423
2195,2008-06-02,72.929,75.99,,,78.6,3.9668,1.833,99.14,,19.83,,118.94,1299.75,,115.05,16.874,14440.14,1975.25,130.5,114.84,,105.13,1.0419
2196,2008-06-03,73.24,76.33,,,79.72,3.8939,1.854,99.35,,20.24,,117.41,1292.75,,115.89,16.799,14209.17,1962.25,132.7,115.67,,105.24,1.042
2197,2008-06-04,73.424,76.16,,,81.04,3.9822,1.854,99.01,,20.8,,117.19,1291.75,,115.25,16.906,14435.57,1984.75,131.9,115.44,,105.92,1.0384
2198,2008-06-05,73.038,75.88,,,79.35,4.0441,1.859,98.88,,18.63,,116.08,1319.5,,114.25,17.137,14341.12,2020.25,133.8,114.75,,104.9,1.0185
2199,2008-06-06,72.39,76.22,,,88.78,3.9284,1.843,99.485,,23.56,,119.2,1273.75,,115.11,17.397,14489.44,1952.75,139.6,115.42,,104.925,1.0185
2200,2008-06-09,72.854,75.88,,,92.23,4.0248,1.899,98.77,,23.12,,119.08,1277.75,,114.94,17.18,14181.38,1951.75,151.0,114.66,,107.34,1.0421
2201,2008-06-10,73.696,75.41,,,91.98,4.0968,2.013,98.18,,23.18,,115.51,1270.5,,113.95,16.607,14021.17,1937.25,149.6,113.73,,106.96,1.0312
2202,2008-06-11,73.209,75.55,,,93.87,4.0754,1.931,98.35,,24.12,,117.07,1250.0,,114.12,16.829,14183.48,1890.75,144.6,113.98,,107.8,1.0398
2203,2008-06-12,73.859,75.04,,,92.41,4.2148,2.007,98.26,,23.33,,115.62,1255.25,,112.94,16.463,13888.6,1894.0,148.9,112.95,,108.15,1.0469
2204,2008-06-13,74.146,74.86,,,86.91,4.2605,1.992,97.835,,21.22,,115.77,1271.75,,112.55,16.54,13973.73,1929.0,153.7,112.59,,108.165,1.0472
2205,2008-06-16,73.61,74.95,,,84.17,4.2785,1.945,97.86,,20.95,,117.52,1272.0,,112.8,17.214,14354.37,1944.5,143.5,112.75,,107.97,1.041
2206,2008-06-17,73.514,75.06,,,80.89,4.1993,1.982,97.68,,21.13,,117.6,1265.0,,112.81,17.059,14348.37,1940.5,142.2,113.06,,107.82,1.036
2207,2008-06-18,73.44,75.37,,,81.56,4.1422,1.92,98.57,,22.24,,118.47,1250.75,,113.58,17.325,14452.82,1915.75,140.4,113.66,,107.92,1.044
2208,2008-06-19,73.483,75.16,,,77.91,4.2093,1.915,98.01,,21.58,,119.89,1253.5,,113.25,17.457,14130.17,1944.75,136.8,113.23,,107.31,1.0365
2209,2008-06-20,73.03,75.46,,,78.35,4.168,1.869,98.11,,22.87,,119.82,1231.0,,113.45,17.387,13942.08,1895.75,137.8,112.48,,107.315,1.0355
2210,2008-06-23,73.434,75.35,,,78.37,4.1661,1.894,98.09,,22.64,,117.64,1230.25,,113.28,16.782,13857.47,1872.25,136.7,112.25,,107.78,1.041
2211,2008-06-24,73.241,75.62,,,77.41,4.1033,1.859,97.925,,22.42,,118.22,1227.5,,114.12,16.627,13849.56,1865.75,134.8,112.94,,107.8,1.0346
2212,2008-06-25,72.933,75.62,,,76.01,4.1033,1.803,97.69,,21.14,,116.99,1234.5,,113.97,16.499,13829.92,1886.5,129.8,112.78,,106.947,1.0237
2213,2008-06-26,72.487,76.03,,,79.87,4.0311,1.711,98.02,,23.93,,121.33,1196.5,,115.0,17.123,13822.32,1820.75,133.7,113.66,,106.12,1.0181
2214,2008-06-27,72.36,76.2,,,79.54,3.969,1.639,98.0,,23.44,,123.48,1192.0,,115.66,17.62,13544.36,1820.0,132.5,113.83,,106.13,1.0184
2215,2008-06-30,72.463,76.27,,,79.66,3.9749,1.72,98.43,,23.95,,123.08,1193.0,,115.59,17.42,13481.38,1800.25,126.0,113.92,,106.12,1.021
2216,2008-07-01,72.369,76.22,,,79.44,4.0079,1.864,97.95,,23.65,,125.23,1198.25,,115.52,18.2,13463.2,1823.25,128.5,113.88,,105.94,1.0141
2217,2008-07-02,72.029,76.42,,,79.19,3.9594,1.808,98.16,,25.92,,125.5,1174.75,,116.12,18.337,13286.37,1779.25,133.1,114.22,,106.74,1.0264
2218,2008-07-03,72.742,76.42,,,76.44,3.9905,1.853,98.02,,24.78,,123.79,1177.0,,115.88,18.285,13265.4,1776.25,125.1,114.36,,106.81,1.0249
2219,2008-07-04,72.731,,,,,3.975,1.8512,,,,,,1177.0,,,,13237.89,1776.25,,,,106.835,1.0256
2220,2008-07-07,72.67,76.66,,,75.43,3.9092,1.812,98.08,,25.78,,123.15,1163.75,,116.3,17.838,13360.04,1786.5,123.0,114.84,,109.41,1.0336
2221,2008-07-08,73.012,76.81,,,76.03,3.888,1.905,98.24,,23.15,,122.42,1185.75,,116.84,17.88,13033.1,1822.75,118.9,115.23,,106.871,1.0288
2222,2008-07-09,72.58,76.97,,,81.69,3.817,1.803,98.41,,25.23,,123.13,1160.0,,117.19,18.1,13052.13,1785.75,116.1,115.5,,107.066,1.0279
2223,2008-07-10,72.493,77.04,,,79.94,3.7997,1.67,98.539,,25.59,,124.91,1166.5,,117.31,18.245,13067.21,1798.5,118.7,115.67,,106.21,1.0157
2224,2008-07-11,72.096,76.47,,,77.18,3.9731,1.577,97.442,,27.49,,127.39,1151.75,,115.84,18.745,13039.69,1774.75,129.2,114.42,,106.235,1.0159
2225,2008-07-14,71.915,76.79,,,78.83,3.8629,1.455,98.19,,28.48,,129.11,1140.25,,116.73,19.175,13010.16,1756.75,126.0,114.97,,104.81,1.0099
2226,2008-07-15,71.872,76.94,,,73.07,3.8284,1.409,97.16,,28.54,,129.75,1123.5,,116.88,18.941,12754.56,1753.25,126.0,115.42,,105.18,1.0175
2227,2008-07-16,72.064,76.64,,,73.22,3.9383,1.363,97.43,,25.1,,127.64,1153.0,,115.5,18.735,12760.8,1799.0,123.4,114.88,,106.228,1.0197
2228,2008-07-17,72.242,76.24,,,72.46,3.9966,1.389,96.795,,25.01,,128.7,1165.5,,114.64,18.667,12887.95,1794.0,129.4,113.89,,106.95,1.0225
2229,2008-07-18,72.189,76.09,,,70.29,4.0887,1.475,97.02,,24.05,,127.03,1172.5,,114.33,18.135,12803.7,1783.0,131.0,113.61,,106.965,1.0228
2230,2008-07-21,71.99,76.13,,,71.6,4.0397,1.424,97.15,,23.05,,127.8,1173.5,,114.55,18.362,,1781.75,131.1,113.77,,107.23,1.0301
2231,2008-07-22,72.446,76.0,,,68.39,4.1046,1.552,96.42,,21.18,,125.78,1186.25,,114.16,17.945,13184.96,1778.25,124.9,113.47,,107.89,1.0374
2232,2008-07-23,72.811,75.8,,,67.25,4.1204,1.547,96.82,,21.31,,122.39,1194.5,,113.61,17.4,13312.93,1803.25,123.7,113.02,,107.38,1.0359
2233,2008-07-24,72.933,76.34,,,74.9,3.9987,1.634,97.51,,23.44,,122.31,1165.75,,115.0,17.246,13603.31,1773.75,123.8,114.16,,107.85,1.0387
2234,2008-07-25,72.86,76.01,,,73.7,4.1029,1.741,96.45,,22.91,,122.92,1165.75,,113.81,17.325,13334.76,1794.75,123.4,113.44,,107.87,1.0363
2235,2008-07-28,72.649,76.4,,,74.9,4.0066,1.695,97.467,,24.23,,123.03,1147.0,,115.03,17.417,13353.78,1768.0,122.7,114.27,,108.08,1.046
2236,2008-07-29,73.309,76.32,,,71.03,4.0439,1.721,97.24,,22.03,,121.54,1173.75,,114.89,17.33,13159.45,1796.25,121.3,114.11,,108.15,1.0485
2237,2008-07-30,73.322,76.29,,,67.21,4.0498,1.7,96.96,,21.21,,119.69,1196.75,,114.83,17.422,13367.79,1810.5,133.8,114.11,,107.81,1.0475
2238,2008-07-31,73.227,76.58,,,72.95,3.9579,1.67,97.81,,22.94,,121.05,1179.0,,115.5,17.75,13376.81,1808.0,131.7,114.83,,107.81,1.0504
2239,2008-08-01,73.424,76.71,,,72.73,3.9424,1.659,97.42,,22.57,,120.37,1172.25,,115.91,17.481,13094.59,1787.25,118.3,115.03,,107.685,1.0497
2240,2008-08-04,73.462,76.65,,,73.17,3.9697,1.71,96.952,,23.49,,119.11,1160.75,,115.7,17.103,12933.18,1766.0,117.2,114.84,,107.81,1.0536
2241,2008-08-05,73.881,76.55,,,70.28,4.0225,1.736,96.475,,21.14,,116.25,1195.0,,115.28,16.537,12914.66,1823.25,110.3,114.7,,107.81,1.0587
2242,2008-08-06,74.244,76.4,,,71.6,4.0599,1.634,96.705,,20.23,,115.84,1199.75,,114.66,16.472,13254.89,1850.5,112.3,114.48,,107.81,1.0624
2243,2008-08-07,74.547,76.91,,,73.11,3.9276,1.68,97.85,,21.15,,115.17,1180.0,,116.25,16.227,13124.99,1840.25,118.8,115.59,,110.17,1.082
2244,2008-08-08,75.845,76.84,,,73.05,3.9352,1.685,97.28,,20.66,,113.46,1204.25,,116.38,15.303,13168.41,1878.0,109.1,115.31,,110.18,1.0824
2245,2008-08-11,76.125,76.65,,,75.59,3.9981,1.797,96.58,,20.12,,108.67,1217.0,,115.56,14.595,13430.91,1897.25,107.4,114.88,,110.17,1.0874
2246,2008-08-12,76.152,77.0,,,72.4,3.9011,1.854,97.61,,21.17,,106.87,1203.5,,116.5,14.462,13303.6,1899.0,110.9,115.72,,110.17,1.0858
2247,2008-08-13,76.208,76.91,,,79.41,3.939,1.849,97.53,,21.55,,109.09,1196.5,,116.08,14.824,13023.05,1895.75,112.3,115.41,,110.17,1.0964
2248,2008-08-14,76.669,77.1,,,74.37,3.8973,1.864,97.29,,20.34,,106.86,1205.75,,116.91,14.214,12956.8,1920.0,111.8,115.81,,110.17,1.0953
2249,2008-08-15,77.18,77.26,,,74.1,3.8443,1.848,97.78,,19.58,,103.92,1211.75,,117.48,12.801,13019.41,1919.75,112.1,116.09,,110.505,1.096
2250,2008-08-18,77.117,77.44,,,72.85,3.8179,1.777,97.47,,20.98,,105.7,1194.0,,117.92,13.087,13165.45,1897.75,112.8,116.39,,110.17,1.0908
2251,2008-08-19,76.839,77.38,,,77.5,3.8367,1.803,97.08,,21.28,,107.16,1180.5,,117.58,13.093,12865.05,1873.5,110.1,116.27,,110.17,1.098
2252,2008-08-20,76.958,77.56,,,73.42,3.8047,1.695,97.19,,20.42,,107.09,1185.75,,118.05,13.029,12851.69,1870.25,110.7,116.66,,110.17,1.087
2253,2008-08-21,76.196,77.42,,,73.75,3.8328,1.711,97.18,,19.82,,110.07,1187.5,,117.73,13.719,12752.21,1861.5,109.4,116.31,,110.17,1.0973
2254,2008-08-22,76.805,77.27,,,73.56,3.8742,1.71,97.47,,18.81,,109.35,1204.25,,117.69,13.47,12666.04,1883.75,109.8,116.02,,110.035,1.099
2255,2008-08-25,76.793,77.61,,,77.03,3.7856,1.68,97.96,,20.97,,108.33,1178.5,,118.55,13.365,12878.66,1849.25,109.6,116.81,,109.61,1.1
2256,2008-08-26,77.251,77.59,,,73.14,3.7799,1.695,97.95,,20.49,,108.64,1183.75,,118.62,13.572,12778.71,1845.75,108.2,116.78,,109.54,1.0972
2257,2008-08-27,77.051,77.68,,,72.0,3.7649,1.654,97.815,,19.76,,109.42,1194.0,,118.8,13.468,12752.96,1856.0,104.1,116.98,,109.42,1.0978
2258,2008-08-28,77.151,77.6,,,68.05,3.7836,1.736,97.8499,,19.43,,109.84,1210.0,,118.78,13.604,12768.25,1859.75,103.0,116.83,,108.79,1.0959
2259,2008-08-29,77.381,77.54,,,68.07,3.8247,1.726,97.1,,20.65,,109.57,1194.5,,118.19,13.607,13072.87,1829.25,103.0,116.69,,108.815,1.1014
2260,2008-09-01,,,,,,,1.7208,,,,,,,,,,12834.18,,,,,108.65,1.1064
2261,2008-09-02,78.061,77.88,,,69.65,3.7383,1.669,97.716,,21.99,,106.33,1188.5,,118.98,13.05,12609.47,1806.0,102.4,117.39,,108.35,1.1067
2262,2008-09-03,78.087,78.06,,,69.93,3.7046,1.706,97.7599,,21.43,,106.03,1187.25,,119.45,12.86,12689.59,1788.5,105.9,117.69,,106.73,1.1115
2263,2008-09-04,78.61,78.26,,,72.38,3.6282,1.675,98.225,,24.03,,105.38,1148.5,,119.94,12.856,12557.66,1730.0,115.2,117.92,,107.68,1.1159
2264,2008-09-05,78.932,78.17,,,70.39,3.6986,1.756,97.72,,23.06,,105.32,1153.0,,119.94,12.245,12212.23,1724.25,111.8,117.61,,107.765,1.119
2265,2008-09-08,79.589,78.15,,,67.94,3.6948,1.695,98.07,,22.64,,105.28,1179.0,,120.11,11.99,12624.46,1715.0,116.3,117.41,,107.28,1.126
2266,2008-09-09,79.247,78.45,,,70.68,3.5741,1.654,98.12,,25.47,,103.91,1138.5,,121.05,11.64,12400.65,1683.0,123.8,117.86,,107.72,1.1363
2267,2008-09-10,79.845,78.3,,,70.63,3.637,1.634,97.67,,24.52,,100.03,1145.25,,120.55,10.817,12346.63,1691.75,123.7,117.48,,106.98,1.138
2268,2008-09-11,80.146,78.42,,,71.03,3.648,1.629,97.59,,24.39,,97.81,1163.0,,120.84,10.49,12102.5,1729.5,126.1,117.64,,107.94,1.1292
2269,2008-09-12,78.966,78.02,,,70.26,3.7224,1.47,97.62,,25.66,,100.3,1169.25,,119.45,10.735,12214.76,1727.5,125.4,116.97,,107.945,1.1305
2270,2008-09-15,78.909,79.2,,,79.37,3.3904,0.792,97.3,,31.7,,103.25,1107.0,,122.19,11.075,,1669.75,160.3,119.17,,105.52,1.1218
2271,2008-09-16,79.068,79.11,,,74.38,3.4394,0.696,92.625,,30.3,,102.4,1127.25,,122.55,10.462,11609.72,1681.5,168.4,118.98,,104.319,1.1031
2272,2008-09-17,78.095,79.57,,,93.04,3.421,0.558,92.2999,,36.22,,111.58,1074.0,,122.89,11.62,11749.79,1595.5,162.0,119.98,,105.5,1.1088
2273,2008-09-18,78.019,79.47,,,89.33,3.5492,0.218,92.5,,33.1,,117.68,1114.25,,122.8,12.648,11489.3,1657.0,163.5,119.94,,107.42,1.1024
2274,2008-09-19,77.68,77.92,,,79.37,3.8162,1.006,93.835,,32.07,,113.44,1157.0,,119.22,12.425,11920.86,1688.0,162.3,116.83,,107.45,1.1052
2275,2008-09-22,76.151,77.79,,,83.92,3.8465,0.904,91.905,,33.85,,119.25,1124.75,,117.45,13.4,12090.59,1618.25,158.1,115.14,,105.719,1.0848
2276,2008-09-23,76.468,77.75,,,84.77,3.8048,0.803,92.488,,35.72,,116.92,1098.0,,117.05,13.12,,1599.0,159.5,114.86,,106.08,1.0905
2277,2008-09-24,76.788,78.13,,,86.66,3.8123,0.457,91.15,,35.19,,117.42,1104.0,,117.36,13.384,12115.03,1620.5,163.8,115.23,,106.32,1.0876
2278,2008-09-25,76.994,77.74,,,82.96,3.854,0.772,91.4,,32.82,,115.71,1124.5,,116.77,13.222,12006.53,1628.5,176.3,114.34,,106.05,1.092
2279,2008-09-26,76.953,77.97,,,87.81,3.8577,0.838,92.028,,34.74,,116.57,1125.5,,117.44,13.458,11893.16,1623.25,183.6,114.81,,105.995,1.0905
2280,2008-09-29,77.471,78.98,,,99.86,3.576,0.132,90.5899,,46.72,,117.34,1029.75,,119.83,12.981,11743.61,1460.5,201.0,116.58,,106.07,1.1209
2281,2008-09-30,79.448,78.06,,,92.23,3.822,0.91,91.54,,39.39,,115.56,1080.0,,117.17,12.231,11259.86,1553.0,208.5,114.62,,105.94,1.1254
2282,2008-10-01,79.463,78.41,,,89.76,3.742,0.813,89.01,,39.81,,116.41,1079.5,,118.2,12.72,11368.26,1527.25,200.5,115.09,,105.21,1.1354
2283,2008-10-02,80.439,78.96,,,95.29,3.626,0.691,89.785,,45.26,,110.77,1035.5,,119.39,11.065,11154.76,1459.0,206.7,115.5,,105.3,1.1259
2284,2008-10-03,80.313,78.98,,,94.68,3.598,0.487,90.16,,45.14,,109.31,1019.25,,119.64,11.27,10938.14,1426.0,204.8,116.0,,105.32,1.1293
2285,2008-10-06,81.675,79.95,,,104.82,3.461,0.452,87.32,,52.05,,113.64,964.25,,121.97,11.23,10473.09,1355.0,217.3,117.97,,101.46,1.1405
2286,2008-10-07,80.973,79.6,,,106.47,3.51,0.701,89.272,,53.68,,115.71,916.75,,120.73,11.325,10155.9,1285.0,221.1,117.14,,110.09,1.1274
2287,2008-10-08,80.913,78.81,,,104.99,3.655,0.655,88.668,,57.53,,118.93,892.0,,118.28,11.717,9203.32,1268.5,239.8,114.94,,99.51,1.1285
2288,2008-10-09,81.163,78.28,,,108.05,3.783,0.518,85.335,,63.92,,116.3,823.5,,116.52,11.82,9157.49,1220.5,250.1,113.53,,101.1,1.151
2289,2008-10-10,82.997,78.45,,,116.0,3.88,0.244,77.23,,69.95,,112.7,802.0,,116.62,10.545,8276.43,1231.0,264.6,113.55,,100.67,1.1384
2290,2008-10-13,81.876,,,,110.07,3.9,0.1877,81.28,,54.99,,110.53,927.75,,115.05,10.737,,1407.0,,112.25,,101.96,1.1358
2291,2008-10-14,81.363,77.77,,,105.64,4.085,0.259,87.41,,55.13,,110.14,913.25,,114.78,11.018,9447.57,1314.5,230.4,112.14,,99.72,1.1336
2292,2008-10-15,82.05,77.9,,,114.93,3.949,0.238,85.9999,,69.25,,110.07,814.25,,114.25,10.142,9547.47,1177.5,220.5,111.97,,101.24,1.1335
2293,2008-10-16,82.455,78.06,,,119.48,3.97,0.497,86.01,,67.61,,105.55,852.0,,114.39,9.607,8458.45,1271.5,218.9,112.3,,101.65,1.1358
2294,2008-10-17,82.413,77.93,,,117.45,3.936,0.808,85.42,,70.33,,103.34,844.5,,113.05,9.31,8693.82,1259.5,207.3,111.92,,101.675,1.1372
2295,2008-10-20,83.1,78.05,,,115.98,3.863,1.083,85.49,,52.97,,103.64,901.5,,113.48,9.665,9005.59,1308.5,191.6,113.02,,100.327,1.1522
2296,2008-10-21,83.99,78.69,,,114.28,3.737,1.083,86.35,,53.11,,100.76,870.25,,115.17,10.05,9306.25,1241.0,192.9,114.5,,97.86,1.1651
2297,2008-10-22,85.37,78.95,,,123.31,3.598,1.027,86.82,,69.65,,96.45,813.75,,115.86,9.452,8674.69,1196.5,203.8,115.25,,97.478,1.1591
2298,2008-10-23,85.36,79.33,,,121.61,3.688,0.96,86.38,,67.8,,93.76,826.25,,117.95,9.5,8460.98,1202.0,229.7,115.84,,94.27,1.1663
2299,2008-10-24,86.44,78.81,,,128.09,3.678,0.874,86.07,,79.13,,95.81,777.0,,116.95,9.295,7649.08,1140.0,239.4,115.12,,94.3,1.1671
2300,2008-10-27,86.934,78.69,,,134.87,3.684,0.762,85.83,,80.06,,97.46,745.75,,117.33,9.195,7162.9,1110.5,237.0,115.12,,93.194,1.1566
2301,2008-10-28,87.028,78.46,,,127.46,3.849,0.767,85.473,,66.96,,97.15,849.75,,116.36,8.79,7621.92,1256.5,229.9,114.36,,98.2,1.1511
2302,2008-10-29,85.071,78.28,,,124.73,3.862,0.548,85.81,,69.96,,98.92,838.0,,115.03,9.805,8211.9,1242.5,217.2,114.06,,97.52,1.1326
2303,2008-10-30,84.556,78.11,,,121.52,3.966,0.37,86.42,,62.9,,96.89,872.5,,114.31,9.785,9029.76,1293.5,209.4,113.58,,98.79,1.1389
2304,2008-10-31,85.633,78.0,,,116.94,3.974,0.447,85.15,,59.89,,94.22,878.25,,113.12,9.73,8576.98,1285.5,207.2,113.08,,98.44,1.1595
2305,2008-11-03,86.354,78.34,,,116.19,3.914,0.442,86.76,,53.68,,95.35,880.5,,113.55,9.75,,1290.0,204.6,113.8,,99.0,1.1768
2306,2008-11-04,84.784,78.8,,,116.29,3.723,0.487,87.4,,47.73,,99.35,914.25,,115.36,10.13,9114.6,1329.0,203.0,115.12,,99.733,1.1629
2307,2008-11-05,84.606,79.08,,,117.03,3.702,0.396,88.69,,54.56,,97.4,869.0,,116.62,10.455,9521.24,1254.75,217.5,115.45,,98.22,1.1602
2308,2008-11-06,85.893,79.09,,,125.0,3.694,0.31,88.65,,63.68,,96.06,815.5,,116.8,10.055,8899.14,1189.0,189.0,115.45,,97.276,1.1774
2309,2008-11-07,85.907,78.87,,,116.37,3.797,0.284,87.99,,56.1,,96.32,847.25,,116.36,9.963,8583.0,1237.0,178.1,115.06,,98.09,1.1786
2310,2008-11-10,85.912,79.09,,,116.53,3.76,0.218,87.0,,59.98,,97.93,832.5,,117.64,10.22,9081.43,1205.0,173.2,115.53,,97.97,1.1785
2311,2008-11-11,87.075,,,,114.11,,0.2409,88.45,,61.44,,96.12,804.0,,118.44,9.805,8809.3,1171.5,173.2,116.0,,97.291,1.187
2312,2008-11-12,87.47,79.51,,,123.26,3.737,0.147,89.03,,66.46,,94.21,764.5,,118.09,9.48,8695.51,1112.0,173.2,116.66,,94.8,1.1871
2313,2008-11-13,86.938,79.22,,,117.12,3.852,0.203,88.144,,59.83,,92.44,818.75,,117.02,8.8,8238.64,1183.0,181.4,116.41,,97.57,1.1856
2314,2008-11-14,86.365,79.54,,,118.34,3.731,0.112,87.6,,66.31,,97.39,772.5,,118.55,9.49,8462.39,1104.0,189.5,116.92,,97.02,1.1963
2315,2008-11-17,86.807,79.73,,,115.1,3.647,0.101,88.348,,69.15,,97.3,762.0,,118.81,9.33,8522.58,1107.0,188.4,117.45,,96.41,1.199
2316,2008-11-18,87.372,80.18,,,106.9,3.527,0.132,88.0,,67.64,,95.99,777.5,,120.16,9.55,8328.41,1122.5,191.6,118.47,,96.746,1.2016
2317,2008-11-19,87.312,80.69,,,102.48,3.34,0.071,87.91,,74.26,,96.37,723.5,,122.09,9.31,8273.22,1041.0,192.0,119.25,,96.003,1.2114
2318,2008-11-20,87.969,81.58,,,106.71,3.003,0.015,88.46,,80.86,,98.06,659.25,,125.78,9.025,7703.04,988.0,211.6,120.72,,94.05,1.2256
2319,2008-11-21,88.191,81.41,,,99.48,3.24,0.02,87.26,,72.67,,103.69,703.0,,126.3,9.48,7910.79,1039.5,212.9,120.48,,95.91,1.2224
2320,2008-11-24,86.081,80.82,,,92.31,3.331,0.02,87.3,,64.7,,107.35,759.0,,125.28,10.355,,1095.5,189.0,119.39,,96.87,1.1967
2321,2008-11-25,85.0,81.54,,,90.28,3.113,0.122,88.595,,60.9,,107.36,764.25,,126.91,10.27,8323.93,1084.0,206.2,121.17,,95.447,1.1869
2322,2008-11-26,85.667,81.86,,,89.32,2.987,0.061,88.38,,54.92,,106.16,797.25,,128.05,10.22,8213.22,1143.0,213.9,122.36,,95.607,1.2023
2323,2008-11-27,85.609,,,,,2.996,0.0507,,,,,,,,,,8373.39,,,,,95.429,1.2005
2324,2008-11-28,86.517,82.08,,,88.41,2.922,0.036,88.7499,,55.28,,107.17,806.25,,128.56,10.185,8512.27,1134.5,214.0,122.89,,95.5,1.1978
2325,2008-12-01,86.724,83.1,,,90.49,2.726,0.03,89.37,,68.51,,101.65,726.75,,131.62,9.35,8397.22,1043.0,213.3,124.83,,93.14,1.2044
2326,2008-12-02,86.702,83.2,,,87.08,2.701,0.036,89.324,,62.98,,102.5,760.0,,132.2,9.59,7863.69,1081.5,216.6,125.25,,93.151,1.2063
2327,2008-12-03,87.03,83.32,,,84.72,2.655,0.041,89.62,,60.72,,100.82,779.5,,132.97,9.564,8004.1,1104.5,214.7,125.95,,93.14,1.2102
2328,2008-12-04,86.444,83.75,,,83.94,2.555,0.0177,90.33,,63.64,,100.17,758.5,,134.94,9.491,7924.24,1083.5,216.9,126.64,,92.45,1.1954
2329,2008-12-05,87.121,83.33,,,82.9,2.714,0.02,90.13,,59.93,,98.43,783.5,,134.61,9.401,7917.51,1126.5,216.4,125.62,,92.82,1.219
2330,2008-12-08,85.56,83.13,,,82.1,2.745,0.03,90.57,,58.49,,100.67,815.75,,134.7,9.94,8329.05,1160.5,213.4,125.33,,109.24,1.2063
2331,2008-12-09,85.798,83.45,,,80.75,2.65,0.02,90.72,,58.91,,101.31,800.5,,135.59,9.815,8395.87,1165.5,214.7,125.91,,92.303,1.2054
2332,2008-12-10,85.466,83.4,,,86.46,2.696,0.015,90.55,,55.73,,105.83,806.75,,135.03,10.165,8660.24,1165.5,218.9,125.67,,92.84,1.1991
2333,2008-12-11,83.662,83.66,,,88.68,2.609,0.005,90.44,,55.78,,108.16,786.0,,135.61,10.39,8720.55,1137.0,223.4,126.72,,91.53,1.1857
2334,2008-12-12,83.711,83.83,,,86.27,2.572,0.03,91.18,,54.28,,107.36,797.0,,135.94,10.199,8235.87,1162.0,222.7,127.19,,91.07,1.1769
2335,2008-12-15,82.101,84.02,,,82.03,2.516,0.015,91.45,,56.76,,109.46,784.25,,136.31,10.589,8664.66,1142.0,214.5,127.48,,90.5,1.158
2336,2008-12-16,80.196,84.7,,,79.99,2.261,0.025,92.76,,52.37,,110.27,824.75,,138.48,10.674,8568.02,1188.0,194.9,129.2,,88.738,1.1199
2337,2008-12-17,78.577,85.22,,,75.17,2.203,0.005,93.89,,49.84,,113.65,815.0,,140.48,11.389,8612.52,1175.5,182.1,129.7,,87.32,1.0733
2338,2008-12-18,79.702,85.7,,,81.26,2.064,0.025,94.75,,47.34,,112.61,804.5,,142.55,11.089,8667.23,1172.5,194.6,130.09,,89.505,1.0786
2339,2008-12-19,81.07,85.47,,,87.69,2.13,0.02,94.49,,44.93,,109.58,793.25,,142.62,10.819,8588.52,1158.0,195.8,129.86,,89.27,1.1009
2340,2008-12-22,81.188,85.34,,,87.04,2.18,0.015,94.96,,44.56,,110.86,783.25,,140.69,10.829,8723.78,1144.0,194.6,126.92,,90.16,1.0937
2341,2008-12-23,81.441,85.28,,,86.39,2.184,0.015,95.31,,45.02,,109.67,770.5,,141.0,10.233,,1131.5,193.8,127.14,,90.84,1.0879
2342,2008-12-24,81.002,85.15,,,85.1,2.188,0.01,95.42,,44.21,,110.96,777.0,,140.47,10.323,8517.1,1127.0,193.8,126.72,,90.5,1.0728
2343,2008-12-25,80.715,,,,,,0.0101,,,,,,,,,,8599.5,,,,,90.514,1.0769
2344,2008-12-26,80.97,85.36,,,83.74,2.134,0.015,95.79,,43.38,,114.0,781.0,,141.17,10.503,8739.52,1135.5,193.5,127.33,,90.77,1.0724
2345,2008-12-29,81.431,85.49,,,83.96,2.114,0.02,96.5,,43.9,,114.54,782.5,,140.89,10.783,8747.17,1122.5,192.1,127.75,,90.652,1.0574
2346,2008-12-30,80.627,85.56,,,80.89,2.055,0.081,96.03,,41.63,,113.84,800.25,,141.42,10.955,8859.56,1153.0,192.6,127.3,,90.29,1.0558
2347,2008-12-31,81.151,84.92,,,85.6,2.219,0.127,95.25,,40.0,,115.71,812.0,,138.05,11.27,,1159.5,190.0,125.75,,90.65,1.0429
2348,2009-01-01,81.096,,,,,,0.1065,,,,,,,,,,,,,,,90.667,1.0647
2349,2009-01-02,81.501,84.19,,,84.41,2.362,0.081,95.13,,39.19,,115.08,925.5,,135.47,11.465,,1200.0,183.1,124.3,,91.79,1.0791
2350,2009-01-05,82.579,83.89,,,90.89,2.476,0.091,95.05,,39.08,,112.25,927.5,,133.02,11.245,9043.12,1212.0,171.0,124.17,,93.217,1.1086
2351,2009-01-06,82.825,83.82,,,90.33,2.457,0.137,95.29,,38.56,,113.32,930.5,,132.69,11.42,9080.84,1218.0,160.4,124.36,,93.38,1.1164
2352,2009-01-07,82.104,83.89,,,93.99,2.496,0.101,94.85,,43.39,,110.14,905.25,,132.69,11.08,9239.24,1186.5,151.7,124.48,,92.68,1.1038
2353,2009-01-08,81.571,84.05,,,93.14,2.441,0.081,95.55,,42.56,,111.81,906.75,,133.02,11.072,8876.42,1196.5,149.9,125.31,,91.36,1.094
2354,2009-01-09,82.483,84.19,,,91.52,2.398,0.066,96.1,,42.82,,111.88,885.5,,133.14,11.295,8836.8,1168.5,138.0,125.55,,90.37,1.114
2355,2009-01-12,83.247,84.58,,,93.26,2.314,0.066,96.47,,45.84,,107.43,868.0,,134.83,10.725,,1153.0,134.8,126.33,,89.43,1.1149
2356,2009-01-13,84.262,84.56,,,92.5,2.297,0.117,96.19,,43.27,,107.4,868.5,,134.83,10.655,8413.91,1151.0,119.5,126.22,,89.341,1.118
2357,2009-01-14,84.364,84.96,,,99.88,2.206,0.107,96.016,,49.14,,105.83,839.75,,136.88,10.452,8438.45,1112.5,119.4,126.97,,89.16,1.1153
2358,2009-01-15,84.534,84.98,,,96.44,2.204,0.107,96.0,,51.0,,105.68,839.25,,137.14,10.42,8023.31,1124.25,129.5,127.02,,89.94,1.1219
2359,2009-01-16,84.045,84.65,,,98.79,2.341,0.117,96.2,,46.11,,109.94,848.5,,136.22,11.195,8230.15,1144.0,126.9,126.53,,90.9,1.1202
2360,2009-01-19,85.141,,,,,2.494,0.1242,,,,,,,,,,8256.85,,,,,90.62,1.1321
2361,2009-01-20,86.378,84.52,,,104.02,2.379,0.117,96.1,,56.65,,111.92,806.0,,134.92,11.158,8065.79,1094.5,136.5,126.27,,89.81,1.147
2362,2009-01-21,85.321,83.71,,,100.81,2.55,0.122,95.14,,46.42,,111.25,836.75,,131.66,11.315,7901.64,1128.5,151.0,124.75,,89.05,1.1554
2363,2009-01-22,85.482,83.43,,,98.87,2.601,0.107,95.11,,47.29,,112.4,825.5,,129.94,11.357,8051.74,1119.25,153.1,124.14,,89.126,1.1536
2364,2009-01-23,85.582,83.24,,,95.7,2.615,0.101,95.14,,47.27,,117.26,823.5,,129.61,11.932,7745.25,1111.25,155.3,123.91,,88.76,1.1461
2365,2009-01-26,84.39,83.13,,,96.17,2.646,0.107,94.83,,45.69,,118.96,830.75,,129.23,12.102,7682.14,1126.5,145.3,123.66,,89.24,1.1382
2366,2009-01-27,84.404,83.62,,,95.48,2.584,0.142,95.89,,42.25,,117.75,839.25,,131.2,12.167,8061.07,1132.75,141.2,124.72,,89.33,1.1399
2367,2009-01-28,84.588,83.04,,,98.22,2.668,0.183,95.57,,39.66,,116.26,871.5,,128.92,11.963,8106.29,1178.25,136.7,123.84,,90.462,1.1524
2368,2009-01-29,85.488,82.49,,,98.98,2.869,0.228,95.08,,42.63,,118.41,842.75,,127.14,12.14,8251.24,1153.0,147.8,122.83,,89.91,1.1541
2369,2009-01-30,85.834,82.4,,,98.72,2.851,0.244,95.04,,44.84,,121.27,822.5,,126.7,12.56,7994.05,1126.25,162.9,122.67,,89.9,1.1605
2370,2009-02-02,86.112,82.95,,,96.48,2.726,0.264,95.64,,45.52,,118.5,821.25,,128.77,12.41,7873.98,1135.75,163.4,123.72,,89.36,1.162
2371,2009-02-03,85.004,82.43,,,92.25,2.886,0.32,93.93,,43.06,,116.58,831.5,,126.97,12.295,7825.51,1154.75,161.2,122.55,,89.37,1.1442
2372,2009-02-04,85.772,82.23,,,91.57,2.939,0.304,94.17,,43.85,,117.85,829.75,,126.64,12.465,8038.94,1161.0,172.5,122.11,,89.42,1.1578
2373,2009-02-05,86.062,82.34,,,92.26,2.908,0.294,94.5,,43.73,,119.42,840.5,,126.91,12.745,7949.65,1181.5,173.7,122.38,,91.15,1.1712
2374,2009-02-06,85.286,82.08,,,94.01,2.997,0.294,94.48,,43.37,,119.43,867.75,,125.84,13.155,8076.62,1222.75,182.1,121.83,,91.92,1.0824
2375,2009-02-09,84.879,81.96,,,94.38,2.988,0.284,94.18,,43.64,,116.62,865.0,,125.67,12.825,7969.03,1222.75,170.2,121.56,,91.31,1.1672
2376,2009-02-10,85.567,82.72,,,95.98,2.807,0.32,95.46,,46.67,,119.42,827.0,,127.91,13.125,7945.94,1179.5,172.3,123.09,,90.444,1.1562
2377,2009-02-11,85.845,82.94,,,94.67,2.797,0.32,95.29,,44.53,,123.38,831.5,,128.73,13.515,,1171.5,157.0,123.67,,90.29,1.1606
2378,2009-02-12,85.94,83.12,,,91.04,2.788,0.299,95.23,,41.25,,123.99,835.5,,129.28,13.505,7705.36,1192.25,151.0,124.16,,90.67,1.1612
2379,2009-02-13,86.095,82.38,,,91.93,2.895,0.315,95.01,,42.93,,123.08,820.0,,126.28,13.62,7779.4,1176.25,158.7,122.7,,91.86,1.1606
2380,2009-02-16,86.529,,,,,2.9,0.3018,,,,,,,,,,7750.17,,,,,91.71,1.1596
2381,2009-02-17,87.766,83.25,,,95.07,2.653,0.299,95.71,,48.66,,126.38,785.5,,129.34,14.008,7645.51,1129.5,163.2,124.44,,92.276,1.1683
2382,2009-02-18,88.027,82.93,,,89.11,2.768,0.315,94.64,,48.46,,127.78,779.5,,128.66,14.288,7534.44,1127.0,159.2,123.67,,93.63,1.1744
2383,2009-02-19,87.442,82.4,,,88.27,2.855,0.304,93.6,,47.08,,127.56,779.5,,126.27,13.933,7557.65,1117.5,161.9,122.53,,94.011,1.1744
2384,2009-02-20,86.593,82.77,,,90.66,2.797,0.274,93.1401,,49.3,,130.91,769.5,,127.62,14.488,7416.38,1118.75,165.5,123.31,,93.34,1.157
2385,2009-02-23,87.261,82.77,,,93.02,2.759,0.279,93.5,,52.62,,129.97,745.0,,127.89,14.448,7376.16,1082.75,157.4,123.17,,94.4,1.1697
2386,2009-02-24,86.783,82.7,,,89.13,2.8,0.31,93.5,,45.49,,126.64,768.75,,127.88,13.993,7268.56,1110.5,154.4,122.86,,96.55,1.1583
2387,2009-02-25,87.838,82.17,,,88.93,2.932,0.304,91.52,,44.67,,126.21,761.5,,126.19,13.873,7461.22,1101.0,164.3,121.62,,97.39,1.1698
2388,2009-02-26,87.841,82.07,,,89.37,3.0,0.274,91.93,,44.66,,123.13,752.0,,125.78,12.95,7457.93,1079.25,163.0,121.72,,98.334,1.1659
2389,2009-02-27,88.166,81.97,,,91.08,3.02,0.254,92.27,,46.35,,123.11,734.25,,124.61,13.085,7568.42,1064.0,166.6,121.7,,97.62,1.1699
2390,2009-03-02,89.026,82.5,,,93.86,2.864,0.244,91.61,,52.65,,122.79,705.5,,126.02,13.05,7280.15,1033.0,164.0,123.03,,97.054,1.1757
2391,2009-03-03,89.189,82.37,,,90.75,2.886,0.264,90.93,,50.93,,119.34,689.5,,125.77,12.695,7229.72,1019.0,164.9,122.69,,98.535,1.1787
2392,2009-03-04,88.488,82.11,,,85.6,2.976,0.254,89.81,,47.56,,118.44,708.5,,125.06,12.9,7290.96,1048.0,166.3,121.95,,98.992,1.1698
2393,2009-03-05,89.076,82.88,,,89.88,2.813,0.183,91.06,,50.17,,121.19,686.0,,128.27,13.105,7433.49,1030.0,162.2,123.45,,98.13,1.17
2394,2009-03-06,88.552,82.81,,,88.26,2.875,0.208,90.67,,49.33,,123.14,687.75,,128.56,13.323,7173.1,1023.5,159.2,123.45,,98.34,1.1589
2395,2009-03-09,89.292,82.55,,,90.09,2.864,0.208,88.96,,49.68,,119.92,676.0,,127.5,12.95,7086.03,994.0,160.5,123.17,,98.92,1.1583
2396,2009-03-10,88.516,82.15,,,85.36,3.01,0.244,90.11,,44.37,,117.03,716.0,,126.25,12.56,7054.98,1053.0,153.4,122.34,,98.78,1.1592
2397,2009-03-11,87.675,82.39,,,85.35,2.912,0.233,90.64,,43.61,,118.97,720.5,,127.12,12.815,7376.12,1072.0,147.0,122.92,,97.25,1.1554
2398,2009-03-12,87.477,82.55,,,81.81,2.865,0.203,90.38,,41.18,,120.7,751.5,,127.77,12.958,7198.25,1111.5,146.3,123.12,,97.32,1.1868
2399,2009-03-13,87.251,82.6,,,78.13,2.896,0.208,90.53,,42.36,,121.51,754.5,,127.52,13.23,7569.28,1116.5,143.8,123.31,,97.94,1.1846
2400,2009-03-16,86.975,82.36,,,80.07,2.957,0.233,89.41,,43.74,,120.45,754.0,,126.25,12.905,7704.15,1100.75,140.9,122.88,,98.2,1.1845
2401,2009-03-17,86.805,82.14,,,75.21,3.014,0.233,89.54,,40.8,,119.77,775.25,,125.55,12.685,7949.13,1138.75,142.7,122.39,,98.781,1.1804
2402,2009-03-18,84.192,83.83,,,74.8,2.547,0.208,91.78,,40.06,,116.15,791.5,,130.64,11.95,7972.17,1161.25,142.9,126.8,,96.401,1.1411
2403,2009-03-19,83.07,83.68,,,73.56,2.609,0.198,91.73,,43.68,,125.23,780.0,,130.83,13.5,7945.96,1152.0,125.6,126.0,,94.45,1.123
2404,2009-03-20,83.708,83.62,,,73.11,2.634,0.208,90.78,,45.89,,124.91,764.0,,130.97,13.827,,1136.5,124.0,125.86,,95.93,1.1278
2405,2009-03-23,83.465,83.5,,,71.39,2.654,0.208,90.99,,43.23,,124.43,817.25,,128.61,13.862,8215.53,1200.5,119.0,124.28,,97.092,1.1255
2406,2009-03-24,84.098,83.58,,,70.16,2.706,0.213,90.64,,42.93,,120.67,803.5,,129.12,13.344,8488.3,1184.75,119.3,124.19,,98.34,1.1306
2407,2009-03-25,83.697,83.15,,,71.76,2.799,0.193,90.2,,42.25,,122.24,808.25,,127.77,13.424,8479.99,1182.0,118.3,123.17,,97.73,1.1216
2408,2009-03-26,84.084,83.41,,,70.97,2.746,0.147,90.67,,40.36,,122.78,827.25,,128.58,13.607,8636.33,1221.5,120.5,123.66,,98.7,1.1269
2409,2009-03-27,85.142,83.38,,,71.68,2.764,0.137,90.45,,41.04,,120.58,816.0,,128.55,13.251,8626.97,1204.5,117.9,123.33,,97.85,1.1433
2410,2009-03-30,85.745,83.59,,,74.68,2.714,0.142,90.57,,45.54,,119.59,784.25,,128.95,13.023,8236.08,1171.25,116.9,123.77,,98.97,1.1389
2411,2009-03-31,85.511,83.79,,,72.71,2.668,0.208,91.084,,44.14,,120.54,794.75,,129.7,12.975,8109.53,1186.0,117.3,124.08,,98.66,1.1458
2412,2009-04-01,85.421,83.95,,448.13,70.39,2.65,0.208,90.03,,42.28,,120.89,809.25,,130.58,12.965,8351.91,1199.5,112.6,124.28,,99.56,1.1342
2413,2009-04-02,84.322,83.56,,477.04,69.61,2.766,0.213,90.08,,42.04,,118.44,835.5,,129.16,13.015,8719.78,1250.0,111.7,123.38,,100.3,1.1299
2414,2009-04-03,84.176,82.9,,496.35,67.86,2.902,0.208,89.46,,39.7,,116.93,840.5,,126.98,12.725,8749.84,1264.75,119.7,121.97,,100.325,1.131
2415,2009-04-06,84.752,82.79,,494.44,68.26,2.932,0.193,90.15,,40.93,,113.74,830.5,,126.08,12.105,8857.93,1260.5,122.9,121.84,,100.69,1.1414
2416,2009-04-07,85.217,82.93,,468.26,66.39,2.9,0.198,90.17,,40.39,,115.11,814.0,,126.78,12.205,8832.85,1229.25,118.5,122.19,,99.74,1.1481
2417,2009-04-08,85.228,83.14,,477.45,68.72,2.863,0.183,90.23,,38.85,,115.45,822.5,,127.59,12.335,8595.01,1247.0,119.7,122.75,,100.44,1.1563
2418,2009-04-09,85.637,82.82,,518.4,65.22,2.922,0.183,90.2,,36.53,,115.11,852.5,,125.92,12.325,8916.06,1284.5,119.7,122.33,,100.26,1.1531
2419,2009-04-10,85.537,,,,,,0.1877,,,,,,,,,,8964.11,,,,,100.25,1.1546
2420,2009-04-13,84.614,83.21,,521.04,67.51,2.863,0.178,91.5191,,37.81,,116.74,854.0,,127.09,12.763,8924.43,1280.5,116.4,123.11,,98.97,1.1367
2421,2009-04-14,84.795,83.43,,503.18,65.79,2.79,0.172,92.11,,37.67,,116.24,840.25,,127.66,12.76,8842.68,1272.5,107.7,123.59,,99.23,1.1423
2422,2009-04-15,84.93,83.51,,522.24,64.95,2.768,0.152,91.88,,36.17,,116.44,848.5,,127.92,12.795,8742.96,1265.5,105.6,123.8,,99.33,1.1468
2423,2009-04-16,85.203,83.22,,533.46,69.72,2.839,0.137,91.88,,35.79,,114.65,861.5,,126.98,12.25,8755.26,1300.5,109.0,123.22,,99.08,1.1653
2424,2009-04-17,85.896,82.8,,540.26,68.92,2.954,0.142,91.88,,33.94,,113.1,866.75,,125.34,11.785,8907.58,1300.5,115.8,122.28,,99.145,1.1652
2425,2009-04-20,86.662,83.2,,498.33,75.48,2.856,0.132,92.64,,39.18,,115.66,833.0,,126.66,12.1,8924.75,1262.0,115.1,123.03,,98.64,1.1687
2426,2009-04-21,86.499,82.96,,519.19,75.48,2.902,0.152,92.01,,37.14,,115.03,847.75,,125.66,12.055,8711.33,1276.5,115.8,122.41,,98.13,1.1637
2427,2009-04-22,86.297,82.69,,509.46,75.52,2.941,0.137,92.8,,38.1,,116.31,837.0,,124.64,12.3,8727.3,1272.0,120.2,121.92,,97.92,1.1506
2428,2009-04-23,85.403,82.84,,525.52,72.81,2.93,0.107,92.93,,37.15,,118.14,848.75,,125.22,12.75,8847.01,1290.5,120.2,122.08,,97.21,1.1358
2429,2009-04-24,84.716,82.58,,544.59,72.04,3.003,0.107,93.13,,36.82,51.55,119.12,866.5,,124.23,12.915,8707.99,1323.5,125.8,121.55,,97.175,1.1393
2430,2009-04-27,85.667,82.91,,519.27,74.16,2.914,0.096,92.8,,38.32,50.14,118.35,856.75,,125.03,12.95,8726.34,1321.75,125.8,122.3,,96.53,1.1439
2431,2009-04-28,85.171,82.56,,521.12,74.22,3.009,0.127,93.27,,37.95,49.92,116.45,851.75,,123.81,12.395,8493.77,1309.0,122.6,121.67,,97.47,1.1363
2432,2009-04-29,84.642,82.29,,539.28,72.12,3.107,0.101,92.68,,36.08,50.97,117.35,869.0,,122.75,12.754,,1326.25,120.7,121.12,,98.69,1.1402
2433,2009-04-30,84.823,82.25,,541.58,71.42,3.119,0.132,93.52,,36.5,51.12,116.14,870.0,,122.56,12.305,8828.26,1342.0,124.2,120.94,,99.19,1.1351
2434,2009-05-01,84.542,82.12,,528.17,69.82,3.157,0.155,92.56,,35.3,53.2,115.75,876.0,,122.16,12.48,8977.37,1347.0,129.2,120.75,,99.11,1.1357
2435,2009-05-04,83.664,82.19,,558.52,70.36,3.157,0.185,93.52,,34.53,54.47,117.57,902.75,,122.52,13.093,,1371.0,127.8,120.91,,98.92,1.1335
2436,2009-05-05,84.138,82.19,,550.05,70.77,3.161,0.193,93.06,,33.36,53.84,117.85,903.5,,122.55,13.402,,1375.75,125.4,120.95,,98.41,1.1332
2437,2009-05-06,84.001,82.19,,567.61,71.15,3.194,0.188,94.35,,32.45,56.34,118.72,917.25,,122.36,13.692,,1378.25,125.2,121.11,,99.128,1.1297
2438,2009-05-07,83.883,81.7,,550.49,72.79,3.34,0.188,94.2,,33.44,56.71,119.31,907.0,,120.44,14.012,9385.7,1343.0,129.1,120.25,,98.45,1.1035
2439,2009-05-08,82.444,81.72,,575.29,74.66,3.289,0.18,94.65,,32.05,58.63,119.22,924.75,,120.33,13.935,9432.83,1338.0,130.5,120.36,,98.575,1.106
2440,2009-05-11,82.841,82.19,,557.2,76.86,3.165,0.17,95.09,,32.87,58.5,119.05,909.0,,121.75,13.89,9451.98,1345.25,124.7,121.27,,96.46,1.1056
2441,2009-05-12,82.303,82.25,,553.36,77.53,3.178,0.188,94.42,,31.8,58.85,120.41,906.75,,122.02,14.195,9298.61,1333.5,126.3,121.3,,95.37,1.1072
2442,2009-05-13,82.566,82.51,,520.6,81.87,3.112,0.178,94.71,,33.65,58.02,120.67,885.25,,122.94,14.0,9340.49,1292.75,126.2,121.73,,96.0,1.1046
2443,2009-05-14,82.435,82.54,,529.29,79.38,3.092,0.162,95.37,,31.37,58.62,120.98,889.5,,123.11,14.02,9093.73,1302.25,123.5,121.67,,95.11,1.1202
2444,2009-05-15,82.948,82.48,,517.26,80.29,3.134,0.165,95.24,,33.12,56.34,121.34,883.0,,122.92,13.99,9265.02,1302.75,122.3,121.52,,95.21,1.1211
2445,2009-05-18,82.541,82.13,,544.34,76.41,3.234,0.172,95.1,,30.24,59.03,120.1,907.0,,121.78,13.81,9038.69,1337.0,122.1,120.83,,96.117,1.1088
2446,2009-05-19,82.099,82.05,,544.41,74.4,3.245,0.183,94.69,,28.8,60.1,120.75,906.5,,121.69,14.11,9290.29,1342.5,122.7,120.66,,94.911,1.1004
2447,2009-05-20,81.19,82.28,,546.51,77.45,3.188,0.183,95.45,,29.03,62.04,122.14,900.0,,122.45,14.27,9344.64,1341.0,122.6,120.95,,94.13,1.0928
2448,2009-05-21,80.467,81.78,,543.51,84.69,3.379,0.183,94.57,,31.35,61.05,123.91,888.75,,120.33,14.435,9264.15,1316.0,129.8,119.92,,94.74,1.0856
2449,2009-05-22,80.04,81.47,,539.38,87.28,3.45,0.183,94.33,,32.63,61.67,124.91,885.0,,119.31,14.683,9225.81,1309.25,147.2,119.17,,94.78,1.0849
2450,2009-05-25,80.024,,,,,,0.1851,,,,,,,,,,9347.0,,,,,95.05,1.0834
2451,2009-05-26,80.095,81.3,,561.45,91.23,3.547,0.178,94.37,,30.62,62.45,124.21,908.75,,118.66,14.588,9310.81,1359.25,146.1,118.73,,95.38,1.0923
2452,2009-05-27,80.757,80.71,,550.49,90.86,3.738,0.162,94.43,,32.36,63.45,124.22,892.5,,116.69,14.853,9438.77,1352.5,163.8,117.52,,96.798,1.0854
2453,2009-05-28,80.533,80.76,,557.5,88.19,3.612,0.142,94.79,,31.67,65.08,125.26,905.0,,117.09,15.15,9451.39,1366.75,167.5,117.52,,95.43,1.0665
2454,2009-05-29,79.233,81.42,,571.54,83.91,3.461,0.137,95.92,,28.92,66.31,127.48,918.0,,119.09,15.6,9522.5,1384.0,165.4,118.62,,95.32,1.0668
2455,2009-06-01,79.179,80.58,,592.61,84.23,3.68,0.099,95.43,,30.04,68.58,127.44,939.0,,115.98,15.725,9677.75,1418.5,190.3,117.05,,95.601,1.0613
2456,2009-06-02,78.485,80.79,,590.34,83.82,3.613,0.134,95.62,,29.63,68.55,128.02,942.5,,116.77,15.945,9704.31,1427.0,183.9,117.23,,96.07,1.0703
2457,2009-06-03,79.49,81.08,,588.4,84.89,3.536,0.132,96.3,,31.02,66.12,125.57,931.75,,117.67,15.3,9741.67,1426.0,162.9,117.83,,96.643,1.0693
2458,2009-06-04,79.471,80.55,,598.24,81.26,3.716,0.15,95.26,,30.18,68.81,127.74,940.5,,115.89,15.883,9668.96,1441.5,169.0,116.7,,98.81,1.0845
2459,2009-06-05,80.668,79.77,,587.63,82.11,3.84,0.19,95.215,,29.62,68.44,125.18,940.5,,114.67,15.376,9768.01,1443.5,183.4,115.12,,98.66,1.0856
2460,2009-06-08,80.825,79.65,,586.29,82.69,3.897,0.18,94.43,,29.77,68.09,123.87,938.75,,114.88,14.943,9865.63,1439.0,183.0,114.98,,97.477,1.0792
2461,2009-06-09,79.842,79.83,,589.03,81.64,3.862,0.183,95.67,,28.27,70.01,124.15,939.5,,115.08,15.128,9786.82,1449.25,175.3,115.39,,98.149,1.0805
2462,2009-06-10,80.271,79.55,,583.31,86.92,3.947,0.178,95.49,,28.46,71.33,124.15,940.5,,114.12,15.213,9991.49,1444.25,178.4,115.08,,97.63,1.0702
2463,2009-06-11,79.564,79.82,,577.61,85.22,3.862,0.178,96.0,,28.11,72.68,125.1,942.0,,115.0,15.481,9981.33,1440.5,171.7,115.72,,98.37,1.0803
2464,2009-06-12,80.128,80.07,,588.12,85.43,3.792,0.172,96.47,,28.15,72.04,122.33,940.75,,115.78,14.865,10135.82,1435.0,171.8,116.03,,98.405,1.0791
2465,2009-06-15,81.161,80.37,,567.0,85.05,3.715,0.162,96.27,,30.81,70.62,120.62,919.5,,116.62,14.02,10039.67,1407.0,166.5,116.45,,96.5,1.0889
2466,2009-06-16,80.744,80.52,,562.46,88.49,3.649,0.175,96.39,,32.68,70.47,121.23,907.75,,117.16,14.12,9752.88,1394.0,167.2,116.75,,95.74,1.0801
2467,2009-06-17,80.259,80.66,,553.14,86.49,3.686,0.172,96.96,,31.54,71.03,121.72,905.25,,117.78,14.269,9840.85,1403.25,170.1,117.06,,96.57,1.0856
2468,2009-06-18,80.572,79.99,,555.4,83.87,3.808,0.178,96.46,,30.03,71.37,121.54,913.25,,115.67,14.229,9703.72,1399.25,187.3,115.66,,96.76,1.0823
2469,2009-06-19,80.334,80.19,,561.19,84.15,3.773,0.18,96.81,,27.99,69.55,121.75,915.75,,116.0,14.189,9786.26,1413.75,182.3,116.03,,96.27,1.0811
2470,2009-06-22,80.844,80.62,,539.29,86.1,3.685,0.193,96.8,,31.17,67.5,119.77,888.5,,116.36,13.694,9826.27,1377.75,173.2,115.14,,95.119,1.067
2471,2009-06-23,79.846,80.8,,541.47,85.64,3.625,0.205,96.75,,30.58,69.24,120.2,890.25,,117.2,13.834,9549.61,1373.75,173.1,115.48,,95.848,1.0973
2472,2009-06-24,80.537,80.64,,551.38,83.96,3.695,0.198,96.83,,29.05,68.67,121.51,898.0,2415.0,116.56,13.899,9590.32,1397.0,164.9,115.19,,95.943,1.0942
2473,2009-06-25,80.374,81.14,,558.5,82.57,3.544,0.172,97.194,,26.36,70.23,122.18,916.5,2399.0,118.02,13.994,9796.08,1422.75,161.0,116.2,,95.21,1.0829
2474,2009-06-26,79.903,81.3,,565.28,77.6,3.529,0.188,97.63,,25.93,69.16,122.37,914.0,2388.0,118.53,14.117,9877.39,1426.5,159.0,116.41,,95.25,1.0838
2475,2009-06-29,79.908,81.33,,570.47,79.69,3.479,0.183,97.83,,25.35,71.49,122.33,921.25,2432.0,118.56,13.947,9783.47,1431.25,158.4,116.45,,96.331,1.0858
2476,2009-06-30,80.161,81.25,,565.61,79.6,3.536,0.193,97.91,,26.35,69.89,120.6,915.5,2398.0,118.36,13.574,9958.44,1426.0,162.5,116.27,,96.62,1.075
2477,2009-07-01,79.67,81.26,,570.0,79.68,3.548,0.172,96.908,,26.22,69.31,122.41,919.25,2442.0,118.23,13.74,9939.93,1428.5,161.6,116.27,,95.952,1.0873
2478,2009-07-02,80.151,81.52,,551.49,81.32,3.502,0.165,97.53,,27.95,66.73,121.07,893.25,2369.0,118.94,13.393,9876.15,1395.0,149.1,116.84,,96.14,1.0902
2479,2009-07-03,80.453,,,,,,0.1598,,,,,,,2362.0,,,9816.07,1395.0,,,,96.04,1.0866
2480,2009-07-06,80.38,81.56,,560.1,83.2,3.51,0.162,97.47,,29.0,64.05,120.2,891.0,2343.0,118.83,13.227,9680.87,1390.75,148.1,116.84,,94.769,1.089
2481,2009-07-07,80.705,81.71,,542.6,85.63,3.454,0.188,97.31,,30.85,62.93,120.83,879.25,2312.0,119.42,13.209,9647.79,1357.75,138.6,117.28,,92.772,1.0902
2482,2009-07-08,80.631,82.31,,534.43,86.17,3.306,0.183,97.944,,31.3,60.14,118.25,873.75,2282.0,121.25,12.841,9420.75,1356.75,136.5,118.62,,93.04,1.0782
2483,2009-07-09,79.864,81.83,,528.61,82.88,3.412,0.183,97.24,,29.78,60.41,119.15,879.0,2304.0,119.34,12.924,9291.06,1363.25,136.5,117.86,,92.53,1.086
2484,2009-07-10,80.233,82.25,,529.23,81.42,3.297,0.178,97.7,,29.02,59.89,118.67,874.25,2273.0,120.72,12.637,9287.28,1365.75,135.9,118.7,,92.54,1.0866
2485,2009-07-13,80.126,82.11,,541.39,80.58,3.359,0.183,98.11,,26.31,59.69,119.97,895.5,2333.0,120.05,12.785,9050.33,1392.25,137.8,118.33,,93.421,1.0887
2486,2009-07-14,80.184,81.75,,548.4,81.52,3.474,0.183,97.94,,25.02,59.52,120.0,901.5,2362.0,118.66,12.855,9261.81,1396.5,145.0,117.78,,94.177,1.0747
2487,2009-07-15,79.316,81.16,,567.09,85.64,3.614,0.183,96.92,,25.89,61.54,122.15,927.25,2443.0,116.83,13.203,9269.25,1447.0,151.8,116.7,,93.776,1.0736
2488,2009-07-16,79.216,81.34,,571.4,83.64,3.573,0.172,98.12,,25.42,62.02,121.63,935.75,2458.0,117.22,13.23,9344.16,1462.5,148.9,117.02,,94.21,1.0776
2489,2009-07-17,79.347,81.04,,565.37,82.49,3.655,0.172,97.72,,24.34,63.56,121.9,937.0,2471.0,116.27,13.398,9395.32,1477.75,156.3,116.39,,94.19,1.0767
2490,2009-07-20,78.907,81.34,,581.12,80.98,3.612,0.172,98.44,,24.4,65.29,123.37,949.0,2497.0,117.19,13.62,,1490.25,149.7,117.0,,93.533,1.068
2491,2009-07-21,78.927,81.74,,580.48,80.45,3.484,0.188,99.48,,23.87,65.61,123.11,953.5,2518.0,118.33,13.473,9652.02,1503.75,143.9,117.78,,93.569,1.0668
2492,2009-07-22,78.706,81.43,,581.3,75.3,3.544,0.183,99.01,,23.47,65.4,123.94,949.5,2521.0,117.28,13.695,9723.16,1506.25,144.4,117.23,,94.93,1.0736
2493,2009-07-23,78.803,80.85,,594.35,72.8,3.665,0.188,98.26,,23.43,67.16,124.15,969.0,2584.0,115.62,13.765,9792.94,1533.75,147.3,116.03,,94.87,1.0717
2494,2009-07-24,78.749,81.0,,598.52,73.01,3.658,0.188,99.14,,23.09,68.05,123.93,977.75,2579.0,116.09,13.87,9944.55,1547.0,143.6,116.38,,94.795,1.0719
2495,2009-07-27,78.626,80.86,,601.13,74.35,3.725,0.193,98.86,,24.28,68.38,123.98,980.0,2595.0,115.52,13.985,10088.66,1549.25,143.1,116.05,,94.38,1.0766
2496,2009-07-28,78.85,80.9,,602.52,76.68,3.686,0.198,99.22,,25.01,67.23,122.08,976.0,2570.0,115.95,13.735,10087.26,1551.25,140.2,116.08,,95.1,1.0896
2497,2009-07-29,79.63,80.92,,596.01,77.1,3.664,0.203,98.9,,25.61,63.35,120.53,975.0,2597.0,116.47,13.253,10113.24,1550.5,139.6,116.0,,95.56,1.0868
2498,2009-07-30,79.285,81.02,,613.37,73.88,3.615,0.183,99.55,,25.4,66.94,121.52,982.25,2657.0,117.05,13.478,10165.21,1556.5,139.1,116.19,,94.64,1.0681
2499,2009-07-31,78.347,81.57,,617.39,73.47,3.481,0.183,100.26,,25.92,69.45,123.91,984.5,2636.0,119.0,13.933,10356.83,1551.75,138.5,117.28,,94.68,1.0686
2500,2009-08-03,77.639,81.09,,629.17,72.79,3.631,0.19,99.35,,25.56,71.58,124.3,1000.75,2673.0,117.59,14.245,10352.47,1576.5,141.1,116.19,,95.29,1.0591
2501,2009-08-04,77.765,80.97,,650.26,71.05,3.687,0.185,99.1,,24.89,71.42,125.72,1004.75,2669.0,117.05,14.688,10375.01,1580.0,141.0,116.05,,94.796,1.0612
2502,2009-08-05,77.517,80.7,,668.4,70.13,3.762,0.183,99.58,,24.9,71.97,125.28,1000.75,2643.0,116.09,14.753,10252.53,1564.25,145.4,115.52,,95.484,1.0636
2503,2009-08-06,78.065,80.82,,672.61,73.17,3.756,0.175,99.75,,25.67,71.94,124.83,995.0,2660.0,116.47,14.638,10388.09,1551.0,147.7,115.75,,97.43,1.0813
2504,2009-08-07,78.975,80.4,,689.13,71.53,3.856,0.178,99.199,,24.76,70.93,124.39,1006.5,2706.0,115.31,14.661,10412.09,1569.5,153.4,114.94,,97.57,1.081
2505,2009-08-10,79.256,80.77,,681.53,72.59,3.773,0.167,99.99,,24.99,70.6,122.76,1007.5,2690.0,116.41,14.348,10524.26,1562.25,149.1,115.64,,95.92,1.0817
2506,2009-08-11,79.176,81.03,,667.51,75.6,3.672,0.188,100.329,,25.99,69.45,122.85,993.0,2651.0,117.48,14.338,10585.46,1546.25,149.9,116.09,,96.157,1.0756
2507,2009-08-12,78.79,81.0,,673.24,81.28,3.711,0.183,99.1,,25.45,70.16,123.49,1002.25,2686.0,116.86,14.578,10435.0,1568.5,147.5,116.17,,95.27,1.0706
2508,2009-08-13,78.489,81.41,,679.2,79.96,3.604,0.175,100.53,,24.71,70.52,124.0,1013.5,2704.0,118.19,14.98,10517.19,1581.5,145.8,117.02,,94.86,1.0715
2509,2009-08-14,78.885,81.57,,676.11,80.45,3.569,0.175,100.74,,24.27,67.51,122.99,1005.75,2665.0,118.78,14.715,10597.33,1564.75,144.7,117.27,,94.935,1.072
2510,2009-08-17,79.292,81.86,,648.19,84.22,3.472,0.178,100.95,,27.89,66.75,121.32,978.25,2602.0,119.67,13.971,10268.61,1516.0,144.2,117.75,,94.84,1.0733
2511,2009-08-18,78.937,81.73,,651.12,81.11,3.517,0.185,100.42,,26.18,69.19,121.76,989.5,2620.0,119.28,13.956,10284.96,1536.75,136.7,117.52,,94.11,1.0642
2512,2009-08-19,78.469,81.96,,651.42,76.32,3.455,0.167,100.825,,26.26,73.83,122.49,997.0,2620.0,119.86,13.871,10204.0,1548.5,136.0,117.97,,94.257,1.0626
2513,2009-08-20,78.384,82.06,,665.01,76.7,3.428,0.165,100.42,,25.09,72.91,122.08,1004.75,2660.0,120.3,13.876,10383.41,1563.75,131.9,118.11,,94.37,1.0579
2514,2009-08-21,78.044,81.56,,678.35,76.55,3.569,0.167,99.8,,25.01,73.89,123.77,1025.25,2737.0,118.81,14.16,10238.2,1585.25,132.3,117.16,,94.38,1.0583
2515,2009-08-24,78.271,81.85,,681.21,78.47,3.474,0.162,100.39,,25.14,74.37,122.34,1024.5,2769.0,119.77,14.191,10581.05,1583.75,131.1,117.56,,93.9,1.0621
2516,2009-08-25,78.243,82.02,,689.27,77.76,3.438,0.165,100.87,,24.92,72.05,122.64,1026.0,2802.0,120.45,14.306,10497.36,1586.25,130.1,117.88,,94.08,1.0687
2517,2009-08-26,78.661,82.09,,690.2,77.97,3.435,0.152,100.95,,24.95,71.43,122.62,1026.75,2788.0,120.81,14.251,10639.71,1586.25,125.5,118.0,,93.63,1.057
2518,2009-08-27,78.009,82.02,,697.17,75.59,3.464,0.147,100.71,,24.68,72.49,122.81,1029.25,2776.0,120.3,14.216,10473.97,1588.75,125.4,117.86,,93.56,1.0597
2519,2009-08-28,78.366,82.1,,700.17,74.41,3.449,0.14,100.96,,24.76,72.74,124.3,1027.5,2804.0,120.31,14.784,10534.14,1592.25,129.1,118.03,,93.645,1.0597
2520,2009-08-31,78.172,82.32,,699.19,77.12,3.403,0.142,101.33,,26.01,69.96,123.61,1019.75,2775.0,120.94,14.898,10492.53,1574.75,130.7,118.55,,92.707,1.0661
2521,2009-09-01,78.76,82.46,,665.15,81.0,3.368,0.142,100.94,,29.15,68.05,124.0,996.5,2717.0,121.22,15.035,10530.06,1545.25,135.0,118.86,,92.209,1.0602
2522,2009-09-02,78.376,82.77,,663.58,77.07,3.307,0.137,101.36,,28.9,68.05,126.86,994.25,2706.0,122.34,15.34,10280.46,1542.75,137.6,119.39,,92.687,1.062
2523,2009-09-03,78.465,82.65,,664.4,75.48,3.34,0.137,100.95,,27.1,67.96,129.34,1001.75,2697.0,121.91,16.268,10214.64,1553.75,134.1,119.09,,92.97,1.0602
2524,2009-09-04,78.136,82.24,,681.2,77.51,3.445,0.134,100.67,,25.26,68.02,129.22,1014.0,2733.0,120.34,16.263,10187.11,1585.5,127.6,118.39,,93.015,1.0605
2525,2009-09-07,78.024,,,,,,0.142,,,,,,,2779.0,,,10320.94,,,,,92.31,1.0456
2526,2009-09-08,77.323,82.18,,703.56,75.69,3.48,0.134,101.0001,,25.62,71.1,129.62,1025.0,2787.0,119.91,16.488,10393.23,1605.0,123.2,118.44,,92.13,1.0415
2527,2009-09-09,77.09,82.16,,708.19,76.17,3.477,0.145,101.09,,24.32,71.31,129.27,1032.5,2819.0,119.75,16.443,10312.14,1615.75,114.6,118.38,,91.687,1.0384
2528,2009-09-10,76.817,82.69,,722.27,71.39,3.355,0.145,101.24,,23.55,71.94,129.23,1041.75,2818.0,121.75,16.65,10513.67,1634.75,117.4,119.28,,90.66,1.0369
2529,2009-09-11,76.608,82.68,,716.56,72.36,3.349,0.142,101.88,,24.15,69.29,130.47,1037.25,2831.0,121.88,16.676,10444.33,1635.25,114.7,119.36,,90.72,1.0384
2530,2009-09-14,76.695,82.48,,736.01,71.14,3.424,0.137,101.83,,23.86,68.86,129.79,1043.5,2830.0,121.25,16.601,10202.06,1639.5,116.5,118.98,,90.898,1.0337
2531,2009-09-15,76.544,82.31,,737.06,72.25,3.447,0.134,101.75,,23.42,70.93,130.46,1046.0,2839.0,120.56,16.978,10217.62,1646.5,119.6,118.66,,91.02,1.032
2532,2009-09-16,76.236,82.2,,765.47,71.7,3.475,0.086,101.81,,23.69,72.51,132.26,1063.5,2878.0,120.31,17.408,10270.77,1669.25,123.7,118.38,,91.206,1.0288
2533,2009-09-17,76.188,82.49,,760.05,69.36,3.384,0.099,101.96,,23.65,72.47,131.39,1062.75,2899.0,121.5,17.243,10443.8,1671.5,121.8,118.89,,91.27,1.0278
2534,2009-09-18,76.425,82.2,,769.26,70.39,3.469,0.086,101.518,,23.92,72.04,130.98,1061.0,2904.0,120.69,17.043,10370.54,1672.75,121.4,118.33,,91.29,1.03
2535,2009-09-21,76.776,82.19,,750.49,71.0,3.48,0.094,101.73,,24.06,69.71,130.28,1060.5,2860.0,120.97,16.858,,1679.25,118.4,118.75,,90.71,1.022
2536,2009-09-22,76.118,82.33,,772.59,68.26,3.443,0.107,102.04,,23.08,71.76,131.65,1067.25,2869.0,119.16,17.093,,1685.75,118.0,117.03,,91.327,1.0268
2537,2009-09-23,76.047,82.49,,747.54,68.18,3.415,0.101,102.342,,23.49,68.97,131.51,1059.0,2872.0,119.69,16.888,,1677.0,111.9,117.44,,90.823,1.0296
2538,2009-09-24,76.9,82.62,,734.19,70.78,3.379,0.096,102.32,,24.95,65.89,129.5,1044.25,2828.0,119.97,16.273,10544.22,1651.0,109.8,117.7,,89.81,1.0251
2539,2009-09-25,76.812,82.77,,733.19,71.74,3.32,0.101,102.6,,25.61,66.02,128.56,1041.0,2823.0,120.88,16.038,10265.98,1648.5,110.7,117.98,,89.65,1.0277
2540,2009-09-28,77.051,82.92,,752.18,70.54,3.278,0.099,102.74,,24.88,66.84,128.88,1059.0,2882.0,121.44,16.173,10009.52,1674.25,109.9,118.19,,90.221,1.0354
2541,2009-09-29,77.124,82.95,,745.61,68.99,3.293,0.127,102.54,,25.19,66.71,128.92,1054.75,2880.0,121.62,16.156,10100.2,1667.0,115.2,118.3,,89.87,1.0346
2542,2009-09-30,76.653,82.95,,746.31,71.32,3.305,0.122,102.59,,25.61,70.61,130.85,1053.0,2857.0,121.38,16.636,10133.23,1669.0,113.8,118.33,,89.547,1.0423
2543,2009-10-01,77.188,83.41,,721.15,76.25,3.181,0.101,102.71,,28.27,70.82,129.73,1027.5,2800.0,122.66,16.418,9978.64,1622.0,112.6,119.27,,89.61,1.0344
2544,2009-10-02,77.003,83.31,,711.17,76.13,3.219,0.099,102.2,,28.68,69.95,130.2,1021.75,2751.0,122.28,16.208,9731.87,1613.75,107.8,119.22,,89.805,1.0355
2545,2009-10-05,76.642,83.3,,722.17,73.56,3.219,0.096,102.35,,26.84,70.41,131.95,1036.5,2775.0,122.31,16.513,9674.49,1625.5,105.7,119.19,,88.8,1.0268
2546,2009-10-06,76.335,83.2,,731.17,71.5,3.257,0.076,101.9,,25.7,70.88,134.79,1048.5,2849.0,122.03,17.273,9691.8,1652.25,107.2,119.12,,88.538,1.0314
2547,2009-10-07,76.494,83.51,,735.19,71.01,3.186,0.071,102.2,,24.68,69.57,135.4,1053.5,2846.0,122.88,17.478,9799.6,1659.5,105.1,119.72,,88.769,1.0274
2548,2009-10-08,75.966,83.18,,745.15,68.1,3.248,0.066,102.0,,24.18,71.69,136.94,1063.75,2871.0,121.72,17.8,9832.47,1668.0,101.8,119.16,,89.74,1.0316
2549,2009-10-09,76.431,82.66,,747.13,65.54,3.391,0.068,100.82,,23.12,71.77,135.94,1068.0,2867.0,119.97,17.675,10016.39,1677.0,114.7,118.28,,89.785,1.0319
2550,2009-10-12,76.126,,,746.42,64.97,3.386,0.0761,101.32,,23.01,73.27,137.1,1071.5,2898.0,120.12,17.805,,1679.25,,118.55,,89.82,1.022
2551,2009-10-13,75.976,83.02,,741.21,64.97,3.339,0.066,101.306,,22.99,74.15,138.07,1068.75,2868.0,120.91,17.825,10076.56,1678.25,111.1,118.91,,89.41,1.0142
2552,2009-10-14,75.551,82.61,,760.11,68.84,3.423,0.074,100.55,,22.86,75.18,138.03,1087.75,2933.0,119.41,17.893,10060.21,1699.25,115.4,118.16,,90.827,1.0138
2553,2009-10-15,75.481,82.43,,760.13,67.07,3.464,0.063,100.46,,21.72,77.58,136.2,1089.75,2926.0,118.78,17.4,10238.65,1700.0,117.8,117.77,,90.91,1.018
2554,2009-10-16,75.597,82.62,,746.53,69.85,3.41,0.066,100.92,,21.43,78.53,136.32,1082.0,2889.0,119.56,17.405,10257.56,1683.0,117.4,118.12,,90.89,1.0184
2555,2009-10-19,75.51,82.71,,759.61,67.76,3.387,0.068,100.98,,21.49,79.61,137.18,1091.0,2937.0,119.91,17.61,10236.51,1701.75,114.7,118.23,,90.798,1.0122
2556,2009-10-20,75.565,82.96,,751.59,68.63,3.341,0.084,101.7,,20.9,79.12,137.24,1089.5,2917.0,120.66,17.543,10336.84,1709.75,108.9,118.64,,90.88,1.0062
2557,2009-10-21,74.972,82.66,,748.34,78.16,3.393,0.074,101.09,,22.22,81.37,138.01,1078.0,2929.0,119.78,17.81,10333.39,1704.75,111.9,118.02,,91.396,1.004
2558,2009-10-22,75.094,82.64,,753.17,77.6,3.421,0.053,101.31,,20.69,81.19,137.24,1090.75,2894.0,119.62,17.53,10267.17,1714.0,111.2,117.97,,92.05,1.0083
2559,2009-10-23,75.468,82.42,,746.38,79.88,3.49,0.061,100.93,,22.27,80.5,136.96,1077.0,2879.0,119.03,17.711,10282.99,1703.5,113.4,117.59,,92.065,1.0088
2560,2009-10-26,76.061,82.15,,741.32,82.28,3.558,0.056,100.79,,24.31,78.68,135.19,1066.5,2826.0,118.06,17.084,10362.62,1699.5,118.5,117.08,,92.2,1.0188
2561,2009-10-27,76.135,82.56,,729.21,80.41,3.452,0.076,101.46,,24.83,79.55,134.23,1060.5,2825.0,119.12,16.531,10212.46,1671.25,114.1,117.92,,91.624,1.0208
2562,2009-10-28,76.425,82.78,,702.35,85.43,3.415,0.071,101.65,,27.91,77.46,133.6,1038.5,2772.0,119.81,16.231,10075.05,1631.5,113.3,118.25,,90.57,1.0262
2563,2009-10-29,75.917,82.43,,725.25,78.1,3.496,0.058,101.64,,24.76,79.87,135.75,1061.5,2815.0,118.69,16.646,9891.1,1659.0,116.6,117.72,,91.49,1.0181
2564,2009-10-30,76.3,82.91,,718.26,89.9,3.388,0.051,101.81,,30.69,77.0,134.88,1033.0,2726.0,120.16,16.246,10034.74,1617.0,113.5,118.61,,90.09,1.0265
2565,2009-11-02,76.29,82.83,,718.56,91.98,3.424,0.051,101.785,,29.78,78.13,136.64,1039.0,2750.0,119.81,16.431,9802.95,1620.5,113.7,118.48,,90.39,1.0219
2566,2009-11-03,76.386,82.65,,720.61,90.16,3.469,0.051,101.33,,28.81,79.6,140.65,1041.75,2704.0,119.06,17.171,,1627.0,114.0,118.16,,90.39,1.0255
2567,2009-11-04,75.643,82.42,,719.43,85.97,3.52,0.051,101.86,,27.72,80.4,140.96,1047.0,2751.0,118.09,17.395,9844.31,1638.25,116.2,117.83,,90.698,1.0155
2568,2009-11-05,75.741,82.54,,723.01,79.1,3.527,0.041,101.6,,25.43,79.62,141.22,1063.25,2784.0,118.22,17.4,9717.44,1670.75,112.7,118.08,,90.77,1.0159
2569,2009-11-06,75.819,82.67,,722.01,73.72,3.501,0.056,101.78,,24.19,77.43,142.05,1066.25,2782.0,118.44,17.365,9789.35,1681.25,105.0,118.42,,89.88,1.017
2570,2009-11-09,75.026,82.72,,746.13,68.83,3.484,0.053,101.64,,23.15,79.43,142.79,1091.75,2846.0,118.5,17.47,9808.99,1718.0,99.9,118.53,,89.829,1.0072
2571,2009-11-10,75.021,82.71,,744.0,68.49,3.478,0.066,101.4601,,22.84,79.05,142.93,1092.0,2846.0,118.41,17.212,9870.73,1724.0,95.7,118.58,,89.71,1.0073
2572,2009-11-11,75.162,,,756.47,73.05,3.444,0.0684,101.77,,23.04,79.28,144.5,1096.25,2872.0,119.38,17.527,9871.68,1735.25,,119.03,,89.91,1.0079
2573,2009-11-12,75.596,82.87,,750.1,80.77,3.444,0.063,101.55,,24.24,76.94,143.47,1087.25,2870.0,118.91,17.255,9804.49,1725.25,102.2,118.92,,90.28,1.0165
2574,2009-11-13,75.334,82.94,,756.29,80.28,3.423,0.063,102.06,,23.36,76.35,144.77,1091.5,2879.0,119.44,17.37,9770.31,1739.75,97.2,118.95,,89.66,1.0124
2575,2009-11-16,74.91,83.34,,773.18,83.31,3.349,0.058,102.17,,22.89,78.9,147.7,1106.25,2922.0,120.84,18.39,9791.18,1755.0,92.5,119.69,,89.01,1.007
2576,2009-11-17,75.369,83.39,,758.6,83.97,3.323,0.063,102.66,,22.41,79.14,147.73,1107.5,2902.0,121.06,18.377,9729.93,1760.25,91.2,119.75,,89.23,1.0158
2577,2009-11-18,75.185,83.25,,771.22,79.15,3.366,0.03,102.27,,21.63,79.58,147.96,1108.5,2911.0,120.5,18.407,9676.8,1752.0,89.1,119.44,,89.398,1.0101
2578,2009-11-19,75.293,83.36,,752.28,79.27,3.342,0.02,101.98,,22.63,77.46,148.05,1094.25,2862.0,120.81,18.447,9549.47,1721.75,86.9,119.66,,88.9,1.0133
2579,2009-11-20,75.656,83.33,,746.49,75.56,3.369,0.02,101.82,,22.19,77.47,148.67,1090.0,2830.0,120.88,18.433,9497.68,1715.0,87.3,119.56,,88.83,1.0166
2580,2009-11-23,75.085,83.34,,753.53,75.84,3.353,0.025,102.25,,21.16,77.56,151.0,1103.75,2892.0,120.91,18.603,,1742.75,87.7,119.62,,88.9,1.0098
2581,2009-11-24,75.068,83.56,,746.01,75.05,3.305,0.046,102.62,,20.47,76.02,151.16,1103.0,2879.0,121.53,18.448,9401.58,1738.0,83.7,120.09,,88.593,1.0084
2582,2009-11-25,74.269,83.69,,748.45,73.91,3.268,0.046,102.86,,20.48,77.96,153.9,1109.0,2897.0,122.19,18.766,9441.64,1745.75,82.8,120.47,,87.36,0.997
2583,2009-11-26,74.826,,,,,,0.0456,,,,,,,2805.0,123.09,18.52,9383.24,,,,,85.14,1.0049
2584,2009-11-27,74.996,83.97,,735.14,83.24,3.207,0.028,102.95,,24.74,76.05,152.21,1089.5,2833.0,123.19,18.302,9081.52,1710.75,88.9,121.08,,86.48,1.0053
2585,2009-11-30,74.785,84.06,,754.05,81.58,3.198,0.056,103.06,,24.51,77.28,153.09,1094.75,2800.0,123.34,18.495,9345.55,1719.0,86.1,121.17,,86.25,1.0031
2586,2009-12-01,74.365,83.84,,768.55,80.74,3.284,0.056,102.22,,21.92,78.37,155.4,1108.5,2868.0,122.34,19.18,9572.2,1743.5,87.5,120.83,,86.65,0.9988
2587,2009-12-02,74.669,83.67,,774.52,78.26,3.314,0.048,102.26,,21.12,76.6,157.06,1108.0,2874.0,121.94,19.295,9608.94,1743.0,88.1,120.42,,87.56,1.0005
2588,2009-12-03,74.631,83.47,,767.63,78.52,3.379,0.048,102.27,,22.46,76.46,157.75,1098.0,2876.0,120.97,19.102,9977.67,1731.75,93.1,120.06,,88.259,0.9999
2589,2009-12-04,75.911,83.02,,774.6,77.18,3.478,0.051,101.91,,21.25,75.47,151.43,1108.0,2909.0,119.69,18.496,10022.59,1746.5,95.3,119.2,,90.52,1.0164
2590,2009-12-07,75.767,83.22,,765.12,77.75,3.429,0.023,101.65,,22.1,73.93,150.72,1103.75,2896.0,119.97,18.336,10167.6,1735.5,89.8,119.58,,89.29,1.0184
2591,2009-12-08,76.31,83.46,,755.52,79.57,3.39,0.025,102.08,,23.69,72.62,148.05,1090.0,2851.0,120.5,17.785,10140.47,1720.0,86.1,120.14,,88.38,1.0278
2592,2009-12-09,76.038,83.36,,755.29,84.93,3.433,0.03,101.75,,22.66,70.67,145.14,1095.5,2819.0,120.22,17.158,10004.72,1744.0,90.0,120.03,,88.09,1.0258
2593,2009-12-10,76.045,83.13,,752.28,84.56,3.5,0.028,101.95,,22.32,70.54,145.82,1102.0,2847.0,119.41,17.173,9862.82,1751.5,90.9,119.52,,88.23,1.0258
2594,2009-12-11,76.573,82.93,,757.34,82.87,3.55,0.025,101.76,,21.59,69.87,145.01,1108.0,2862.0,118.91,17.084,10107.87,1745.5,94.0,119.02,,89.09,1.0351
2595,2009-12-14,76.351,82.9,,768.08,81.64,3.554,0.028,101.96,,21.15,69.51,145.51,1108.5,2881.0,119.09,17.326,10105.68,1761.25,93.3,118.92,,88.69,1.0314
2596,2009-12-15,76.961,82.68,,762.35,80.99,3.594,0.046,101.4472,,21.49,70.69,145.41,1104.0,2886.0,118.69,17.441,10083.48,1748.25,96.8,118.61,,89.511,1.0399
2597,2009-12-16,76.995,82.73,,763.35,82.05,3.599,0.043,101.91,,20.54,72.66,147.12,1105.75,2924.0,118.66,17.679,10177.41,1753.25,94.4,118.72,,89.85,1.039
2598,2009-12-17,77.694,83.19,,757.31,83.56,3.482,0.043,102.05,,22.51,72.65,143.39,1094.25,2896.0,120.06,17.18,10163.8,1738.75,92.6,119.53,,89.64,1.0464
2599,2009-12-18,77.821,82.97,,759.28,81.75,3.546,0.046,101.9,,21.68,74.42,143.92,1097.75,2917.0,119.44,17.305,10142.05,1760.25,93.8,119.11,,90.44,1.0429
2600,2009-12-21,78.037,82.51,,766.22,79.62,3.68,0.051,101.75,,20.49,73.72,141.91,1108.25,2919.0,118.31,17.02,10183.47,1778.75,102.6,118.3,,91.057,1.0454
2601,2009-12-22,78.25,82.32,,770.38,71.45,3.758,0.076,101.4189,,19.54,74.4,140.71,1113.5,2943.0,116.09,17.015,10378.03,1794.25,107.7,116.23,,91.805,1.0481
2602,2009-12-23,77.897,82.26,,779.29,69.81,3.754,0.066,101.57,,19.71,76.67,141.65,1115.5,2951.0,115.94,17.175,,1805.5,102.4,116.12,,91.64,1.039
2603,2009-12-24,77.84,82.01,,787.62,68.81,3.805,0.048,100.95,,19.47,78.05,143.05,1122.0,2969.0,115.22,17.423,10536.92,1821.25,105.0,115.72,,91.444,1.0369
2604,2009-12-25,77.645,,,,,,0.0456,,,,,,,2969.0,115.3,17.508,10494.71,,,,,91.11,1.0342
2605,2009-12-28,77.633,81.88,,791.05,69.89,3.848,0.063,100.78,,19.93,78.77,143.45,1123.0,2986.0,115.0,17.543,10634.23,1827.75,108.2,115.52,,91.69,1.0354
2606,2009-12-29,77.831,81.99,,787.24,69.1,3.803,0.101,100.94,,20.01,78.87,142.18,1121.75,2987.0,115.41,17.091,10638.06,1825.75,108.9,115.66,,91.97,1.0375
2607,2009-12-30,77.914,82.1,,787.04,70.36,3.793,0.046,100.88,,19.96,79.28,141.46,1122.0,2972.0,115.88,16.779,10546.44,1830.0,104.4,115.84,,92.42,1.0361
2608,2009-12-31,77.86,81.86,,784.24,74.99,3.837,0.061,100.53,,21.68,79.36,141.94,1110.75,2976.0,115.38,16.822,,1812.0,107.5,115.45,,92.91,1.0342
2609,2010-01-01,,,,,,,0.0659,,,,,,,2976.0,115.14,16.898,,,,,,92.92,1.0339
2610,2010-01-04,77.525,81.94,,784.15,73.3,3.823,0.063,101.08,,20.04,81.51,144.8,1128.75,3015.0,115.09,17.44,10654.79,1840.0,106.4,115.53,,92.495,1.0291
2611,2010-01-05,77.619,82.29,,786.54,70.36,3.765,0.066,101.4,,19.35,81.77,144.85,1132.25,3011.0,116.03,17.781,10681.83,1838.5,102.5,116.2,,91.585,1.0337
2612,2010-01-06,77.493,82.13,,776.6,67.65,3.829,0.056,101.05,,19.16,83.18,147.16,1133.0,3006.0,115.31,18.163,10731.45,1831.75,106.9,115.97,,92.356,1.0276
2613,2010-01-07,77.913,82.06,,780.16,67.15,3.827,0.056,101.5,,19.06,82.66,146.79,1137.5,3007.0,115.28,18.333,10681.66,1830.75,104.4,115.84,,93.39,1.0336
2614,2010-01-08,77.471,82.15,,777.51,65.71,3.836,0.051,101.705,,18.13,82.75,147.47,1141.5,3018.0,115.47,18.458,10798.32,1843.25,96.3,116.03,,92.66,1.0236
2615,2010-01-11,77.005,82.15,,784.59,64.87,3.82,0.033,101.3,,17.55,82.52,149.08,1142.5,3005.0,115.19,18.683,,1836.75,93.0,116.03,,92.092,1.0167
2616,2010-01-12,76.954,82.52,,774.13,70.42,3.717,0.048,101.8,,18.25,80.79,146.24,1134.0,2977.0,116.81,18.243,10879.14,1818.75,92.7,116.75,,91.08,1.0188
2617,2010-01-13,76.846,82.28,,783.24,75.53,3.793,0.056,101.43,,17.85,79.65,147.2,1141.5,2978.0,115.94,18.538,10735.03,1835.75,95.5,116.39,,91.433,1.0176
2618,2010-01-14,76.732,82.5,,783.13,74.52,3.742,0.053,101.98,,17.63,79.39,147.99,1145.25,2988.0,116.78,18.643,10907.68,1841.5,91.1,116.75,,91.267,1.0186
2619,2010-01-15,77.323,82.73,,778.52,74.27,3.676,0.061,102.136,,17.91,78.0,146.37,1132.25,2936.0,117.38,18.411,10982.1,1815.5,89.8,117.28,,90.75,1.0249
2620,2010-01-18,77.064,,,,,,0.0558,,,,,,,2958.0,117.61,18.693,10855.08,,,,,90.705,1.0236
2621,2010-01-19,77.5,82.64,,787.29,73.5,3.7,0.058,101.68,,17.58,79.32,147.59,1145.75,2983.0,117.16,18.784,10764.9,1843.0,87.9,117.08,,91.199,1.0326
2622,2010-01-20,78.338,82.82,,777.49,80.36,3.653,0.053,102.24,,18.68,77.74,144.02,1134.0,2914.0,117.97,17.866,10737.52,1820.25,88.3,117.41,,91.192,1.0436
2623,2010-01-21,78.32,83.03,,760.63,88.82,3.595,0.051,102.43,,22.27,76.08,142.8,1111.0,2861.0,118.62,17.496,10868.41,1794.25,87.5,117.81,,90.393,1.0416
2624,2010-01-22,78.277,83.09,,747.6,100.06,3.601,0.051,102.42,,27.31,74.54,141.07,1091.0,2836.0,118.84,16.918,10590.55,1751.0,88.3,117.91,,89.81,1.0418
2625,2010-01-25,78.19,82.98,,750.24,90.58,3.63,0.051,102.32,,25.41,75.26,141.84,1092.5,2806.0,118.31,17.131,10512.69,1751.75,88.1,117.73,,90.415,1.04
2626,2010-01-26,78.432,82.98,,745.38,90.04,3.621,0.071,102.1,,24.55,74.71,142.19,1087.25,2825.0,118.28,16.846,10325.28,1749.75,88.8,117.83,,89.63,1.0459
2627,2010-01-27,78.675,82.93,,745.31,85.86,3.65,0.076,102.16,,23.14,73.67,140.41,1094.5,2783.0,118.34,16.428,10252.08,1762.25,86.3,117.66,,89.95,1.0497
2628,2010-01-28,78.904,82.93,,743.22,87.91,3.642,0.079,102.23,,23.73,73.64,140.29,1079.25,2748.0,118.16,16.202,10414.29,1723.75,87.9,117.7,,89.778,1.0518
2629,2010-01-29,79.462,83.17,,738.19,89.0,3.588,0.076,102.62,,24.62,72.89,140.16,1070.5,2773.0,118.81,16.183,10198.04,1692.5,86.3,118.16,,90.27,1.0608
2630,2010-02-01,79.242,83.0,,746.22,83.73,3.656,0.091,101.98,,22.59,74.43,142.9,1086.25,2795.0,118.16,16.653,10205.02,1709.0,85.3,117.86,,90.76,1.0564
2631,2010-02-02,79.014,83.08,,759.5,80.98,3.639,0.099,102.19,,21.48,77.23,144.59,1097.25,2832.0,118.41,16.736,10371.09,1722.25,83.7,118.02,,90.428,1.0547
2632,2010-02-03,79.372,82.83,,751.0,80.55,3.707,0.101,102.03,,21.6,76.98,143.81,1096.5,2804.0,117.38,16.31,10404.33,1738.75,90.0,117.58,,90.84,1.0581
2633,2010-02-04,79.916,83.22,,730.38,91.42,3.61,0.091,102.3,,26.08,73.14,137.47,1061.75,2710.0,118.78,15.343,10355.98,1688.0,90.9,118.25,,89.41,1.0656
2634,2010-02-05,80.441,83.51,,732.29,88.22,3.571,0.094,102.0,,26.11,71.19,136.15,1059.75,2641.0,119.5,14.823,10057.09,1698.25,89.1,118.86,,89.22,1.0722
2635,2010-02-08,80.302,83.35,,717.48,90.01,3.562,0.099,102.13,,26.51,71.89,137.89,1056.0,2665.0,118.94,15.078,9951.82,1687.75,88.0,118.48,,89.22,1.0728
2636,2010-02-09,79.863,83.17,,715.38,88.8,3.641,0.109,101.7682,,26.0,73.75,139.31,1066.25,2661.0,118.31,15.431,9932.9,1705.25,88.1,118.23,,89.768,1.0652
2637,2010-02-10,80.028,82.93,,719.0,92.18,3.69,0.107,101.34,,25.4,74.52,139.19,1063.25,2697.0,117.56,15.302,9963.99,1698.0,90.2,117.91,,89.93,1.0664
2638,2010-02-11,79.994,82.85,,722.56,89.59,3.721,0.101,100.96,,23.96,75.28,141.57,1076.6,2683.0,117.25,15.592,,1728.75,89.2,117.77,,89.81,1.0707
2639,2010-02-12,80.316,82.99,,727.39,88.16,3.695,0.096,101.32,,22.73,74.13,140.96,1079.0,2676.0,117.56,15.449,10092.19,1736.5,87.0,118.08,,89.95,1.0751
2640,2010-02-15,80.332,,,,,,0.0963,,,,,,,2682.0,117.23,15.523,10013.3,,,,,90.05,1.077
2641,2010-02-16,79.7,83.13,,743.34,81.77,3.663,0.094,101.39,,22.25,77.01,144.82,1093.25,2719.0,117.81,16.15,10034.25,1752.5,85.5,118.31,,90.244,1.0658
2642,2010-02-17,80.376,82.81,,748.51,80.29,3.738,0.099,101.22,,21.72,77.33,144.86,1099.5,2759.0,116.81,16.098,10306.83,1765.0,85.9,117.67,,91.05,1.0776
2643,2010-02-18,80.398,82.61,,752.12,79.2,3.807,0.101,101.19,,20.63,79.06,144.68,1105.5,2780.0,116.19,16.06,10335.69,1774.0,87.2,117.2,,91.977,1.0877
2644,2010-02-19,80.643,82.64,,751.48,77.97,3.776,0.107,101.62,,20.02,79.81,145.12,1106.25,2796.0,116.78,16.413,10123.58,1772.5,84.9,117.19,,91.54,1.0758
2645,2010-02-22,80.507,82.64,,756.48,75.44,3.796,0.094,101.43,,19.94,80.31,143.95,1107.5,2777.0,116.38,16.222,10400.47,1774.25,81.4,117.19,,91.235,1.0755
2646,2010-02-23,80.85,83.04,,753.03,77.82,3.689,0.117,101.92,,21.37,78.86,142.67,1097.25,2728.0,117.88,15.888,10352.1,1754.25,83.9,118.05,,90.16,1.0822
2647,2010-02-24,80.849,83.03,,753.54,75.93,3.693,0.119,102.18,,20.27,80.0,141.9,1103.5,2733.0,117.72,15.94,10198.83,1767.25,83.2,118.08,,90.279,1.0808
2648,2010-02-25,80.787,83.27,,752.35,75.3,3.634,0.122,102.33,,20.1,78.17,143.36,1102.25,2687.0,118.41,16.11,10101.96,1766.75,82.2,118.56,,89.27,1.0811
2649,2010-02-26,80.362,83.49,,756.6,73.13,3.619,0.124,102.44,,19.5,79.66,144.7,1103.5,2724.0,119.19,16.5,10126.03,1771.75,81.2,118.91,,88.921,1.0733
2650,2010-03-01,80.658,83.44,,761.43,73.24,3.608,0.129,102.28,,19.26,78.7,144.62,1114.5,2771.0,118.97,16.449,10172.06,1796.0,79.4,118.88,,89.15,1.079
2651,2010-03-02,80.521,83.44,,767.28,73.43,3.61,0.132,102.51,,19.06,79.68,147.09,1117.5,2794.0,118.84,17.044,10221.84,1805.5,78.4,118.89,,88.74,1.0741
2652,2010-03-03,79.977,83.41,,767.43,72.61,3.621,0.142,102.52,,18.83,80.87,147.86,1118.5,2821.0,118.78,17.309,10253.14,1805.25,78.9,118.91,,88.57,1.0675
2653,2010-03-04,80.561,83.45,,769.49,70.51,3.606,0.142,102.53,,18.72,80.21,146.54,1122.25,2817.0,119.31,17.156,10145.72,1813.0,76.1,118.97,,89.16,1.077
2654,2010-03-05,80.432,83.15,,783.55,71.06,3.685,0.152,102.04,,17.42,81.5,146.81,1136.5,2878.0,118.19,17.362,10368.96,1838.75,78.9,118.5,,90.22,1.0751
2655,2010-03-08,80.432,83.09,,789.39,70.9,3.721,0.152,102.38,,17.79,81.87,145.36,1137.0,2878.0,117.91,17.252,10585.92,1841.5,77.6,118.38,,90.286,1.074
2656,2010-03-09,80.592,83.13,,791.41,71.49,3.701,0.157,102.54,,17.92,81.49,145.14,1140.5,2881.0,117.97,17.318,10567.65,1854.5,76.3,118.52,,89.989,1.0743
2657,2010-03-10,80.445,83.04,,793.13,76.2,3.721,0.152,102.46,,18.57,82.09,143.31,1145.75,2908.0,117.84,16.994,10563.92,1872.0,75.9,118.34,,90.47,1.0705
2658,2010-03-11,80.323,83.03,,794.06,76.16,3.727,0.152,102.29,,18.06,82.11,143.32,1150.5,2894.0,118.12,17.136,10664.95,1878.5,75.6,118.25,,90.648,1.0682
2659,2010-03-12,79.833,83.05,,799.07,73.74,3.703,0.15,102.54,,17.58,81.24,142.48,1151.25,2898.0,118.47,17.024,10751.26,1880.0,76.4,118.25,,90.54,1.0567
2660,2010-03-15,80.251,83.1,,795.1,75.22,3.697,0.152,102.515,,18.0,79.8,142.94,1145.75,2873.0,118.44,17.083,10751.98,1872.75,77.3,118.31,,90.32,1.0615
2661,2010-03-16,79.753,83.32,,809.19,76.41,3.653,0.162,102.71,,17.69,81.7,145.14,1154.75,2907.0,119.19,17.333,10721.71,1884.25,76.9,118.77,,90.29,1.0551
2662,2010-03-17,79.638,83.33,,817.4,73.16,3.642,0.155,103.04,,16.91,82.93,145.36,1161.0,2930.0,119.44,17.502,10846.98,1889.75,74.1,118.77,,90.403,1.0542
2663,2010-03-18,80.225,83.2,,815.22,76.46,3.676,0.155,102.91,,16.62,82.2,145.79,1161.25,2914.0,119.25,17.407,10744.03,1897.5,75.9,118.5,,90.48,1.057
2664,2010-03-19,80.724,83.14,,807.46,76.68,3.693,0.157,102.89,,16.97,80.68,143.23,1156.25,2931.0,119.44,17.017,10824.72,1888.0,79.4,118.36,,90.52,1.0604
2665,2010-03-22,80.651,83.25,,812.29,77.75,3.661,0.142,102.87,,16.87,81.6,142.18,1162.0,2815.0,119.44,16.92,,1904.25,78.5,118.64,,90.34,1.0576
2666,2010-03-23,80.896,83.21,,810.23,78.31,3.689,0.137,102.75,,16.35,81.91,142.73,1169.5,2842.0,117.72,17.012,10774.15,1918.0,78.6,117.28,,90.366,1.0571
2667,2010-03-24,81.838,82.64,,808.08,80.68,3.851,0.142,102.16,,17.55,80.61,140.79,1164.5,2833.0,115.84,16.626,10815.03,1907.25,90.1,116.09,,92.014,1.0717
2668,2010-03-25,82.12,82.43,,810.62,83.82,3.882,0.137,102.08,,18.4,80.53,141.33,1162.75,2875.0,115.03,16.727,10828.85,1905.25,89.5,115.55,,92.513,1.0716
2669,2010-03-26,81.676,82.6,,810.04,81.56,3.851,0.14,102.27,,17.77,80.0,142.79,1163.5,2864.0,115.44,16.894,10996.37,1907.5,87.4,115.95,,92.507,1.0647
2670,2010-03-29,81.358,82.62,,814.59,78.75,3.868,0.132,102.21,,17.59,82.17,143.58,1168.75,2877.0,115.5,17.373,10986.47,1916.0,87.1,115.94,,92.82,1.0658
2671,2010-03-30,81.47,82.61,,815.46,76.91,3.859,0.152,102.25,,17.13,82.37,142.83,1169.5,2871.0,115.66,17.316,11097.14,1921.25,86.2,115.94,,93.52,1.0537
2672,2010-03-31,81.073,82.79,,809.24,77.49,3.833,0.157,102.28,,17.59,83.76,143.97,1165.25,2851.0,116.12,17.512,11089.94,1911.5,85.3,116.25,,93.85,1.0545
2673,2010-04-01,80.776,82.7,,812.24,78.29,3.868,0.162,101.8,,17.47,84.87,145.46,1173.75,2902.0,115.91,17.876,11244.4,1907.75,89.8,116.03,,94.53,1.061
2674,2010-04-02,81.293,82.38,,,,3.943,0.167,,,,,,1173.75,,114.88,,11286.09,1907.75,90.1,115.34,,94.61,1.0611
2675,2010-04-05,81.094,82.16,,824.08,76.97,3.988,0.172,101.23,,17.02,86.62,146.46,1183.0,2907.0,114.38,18.104,11339.3,1929.25,90.1,115.0,,93.794,1.0686
2676,2010-04-06,81.387,82.25,,834.44,76.82,3.956,0.172,101.57,,16.23,86.84,146.74,1185.75,2914.0,114.41,17.917,11282.32,1934.5,88.6,115.22,,93.309,1.0733
2677,2010-04-07,81.443,82.66,,821.35,78.16,3.863,0.17,102.1,,16.62,85.88,148.94,1179.0,2905.0,115.69,18.185,11292.83,1930.75,92.2,116.02,,93.42,1.0732
2678,2010-04-08,81.534,82.58,,820.55,77.06,3.89,0.162,101.8678,,16.48,85.39,148.93,1183.75,2871.0,115.41,18.116,11168.2,1935.75,90.3,115.81,,93.16,1.0662
2679,2010-04-09,81.093,82.61,,833.51,78.24,3.882,0.157,102.17,,16.14,84.92,150.09,1192.5,2923.0,115.66,18.34,11204.34,1947.75,89.8,115.91,,93.18,1.0657
2680,2010-04-12,80.562,82.81,,831.59,80.06,3.838,0.142,102.24,,15.58,84.34,150.13,1192.5,2932.0,116.25,18.403,11251.9,1948.25,88.2,116.25,,93.18,1.0544
2681,2010-04-13,80.507,82.93,,842.39,79.97,3.82,0.157,102.3581,,16.2,84.05,148.99,1193.0,2920.0,116.62,18.238,11161.23,1957.0,86.7,116.58,,93.318,1.0514
2682,2010-04-14,80.19,82.78,,846.35,83.31,3.865,0.16,102.15,,15.59,85.84,149.79,1206.5,2941.0,115.94,18.404,11204.9,1982.25,85.3,116.28,,93.04,1.0564
2683,2010-04-15,80.482,82.84,,834.51,83.1,3.836,0.16,102.66,,15.89,85.51,149.88,1208.5,2941.0,116.03,18.424,11273.79,1990.5,83.9,116.39,,92.15,1.0613
2684,2010-04-16,80.824,83.16,,819.58,86.29,3.77,0.157,102.91,,18.36,83.24,146.86,1190.25,2878.0,116.88,17.669,11102.18,1965.5,82.9,117.08,,92.175,1.0615
2685,2010-04-19,81.0,83.02,,815.44,81.72,3.803,0.157,102.63,,17.34,83.13,146.72,1195.5,2867.0,116.5,17.725,10908.77,1968.75,82.3,116.8,,93.171,1.0683
2686,2010-04-20,81.049,83.03,,825.6,79.65,3.797,0.152,102.86,,15.73,83.85,147.16,1205.5,2910.0,116.75,17.815,10900.68,1980.0,78.3,116.77,,93.054,1.07
2687,2010-04-21,81.161,83.25,,837.45,83.89,3.743,0.155,103.2,,16.32,83.68,148.4,1200.5,2874.0,117.59,18.073,11090.05,1981.25,79.9,117.19,,93.398,1.0798
2688,2010-04-22,81.567,83.11,,843.04,85.76,3.77,0.157,102.86,,16.47,83.7,147.63,1201.75,2831.0,117.28,18.006,10949.09,1992.0,80.1,116.83,,93.95,1.0719
2689,2010-04-23,81.352,82.93,,849.62,88.14,3.817,0.157,102.84,,16.62,85.12,149.03,1212.25,2848.0,116.88,18.189,10914.46,2008.75,85.2,116.45,,93.93,1.0729
2690,2010-04-26,81.481,82.97,,857.01,87.53,3.809,0.157,102.89,,17.47,84.2,149.07,1208.25,2879.0,116.88,18.334,11165.79,2003.0,83.0,116.58,,93.144,1.0877
2691,2010-04-27,82.146,83.49,,833.58,103.23,3.693,0.152,103.38,,22.81,82.44,150.13,1181.0,2778.0,118.44,18.116,11212.66,1964.5,88.9,117.66,,93.96,1.0848
2692,2010-04-28,82.381,83.18,,831.13,101.7,3.767,0.162,103.14,,21.08,83.22,151.37,1190.0,2718.0,117.53,18.107,10924.79,1962.5,87.2,117.0,,94.013,1.0817
2693,2010-04-29,82.003,83.39,,857.09,92.44,3.732,0.165,103.36,,18.44,85.17,150.98,1205.25,2762.0,118.22,18.549,,1996.75,83.3,117.44,,93.83,1.0756
2694,2010-04-30,81.866,83.65,,844.36,101.41,3.659,0.165,103.66,,22.05,86.15,152.52,1183.5,2748.0,119.06,18.611,11057.4,1954.25,85.5,117.91,,93.835,1.0777
2695,2010-05-03,82.272,83.49,,861.5,95.68,3.692,0.167,103.14,,20.19,86.19,152.85,1198.5,2760.0,118.72,18.813,,1982.75,83.6,117.48,,94.71,1.1048
2696,2010-05-04,83.299,83.87,,842.32,101.88,3.598,0.17,103.62,,23.84,82.74,151.03,1172.5,2656.0,120.0,17.818,,1925.25,88.7,118.14,,93.781,1.1178
2697,2010-05-05,84.079,84.13,,827.16,105.59,3.546,0.157,103.55,,24.91,79.97,151.78,1164.0,2634.0,120.53,17.511,,1914.25,95.8,118.67,,90.83,1.1137
2698,2010-05-06,84.894,84.84,,801.28,125.36,3.405,0.114,103.208,,32.8,77.11,154.66,1122.5,2580.0,123.34,17.493,10695.69,1841.75,116.7,119.92,,91.58,1.11
2699,2010-05-07,84.45,84.58,,781.27,135.38,3.42,0.127,102.41,,40.95,75.11,156.35,1107.0,2465.0,122.0,18.429,10364.59,1804.25,112.6,119.69,,91.59,1.1077
2700,2010-05-10,84.156,84.2,,825.36,110.96,3.541,0.152,101.88,,28.84,76.8,155.11,1156.5,2717.0,120.84,18.53,10530.7,1895.25,104.4,118.94,,92.49,1.1116
2701,2010-05-11,84.467,84.21,,824.45,113.95,3.531,0.157,102.07,,28.32,76.37,157.63,1152.25,2701.0,120.78,19.272,10411.1,1891.0,96.8,119.02,,93.169,1.1101
2702,2010-05-12,84.828,84.09,,836.14,116.53,3.571,0.16,102.59,,25.52,75.65,160.58,1169.75,2739.0,120.31,19.64,10394.03,1928.5,93.2,118.8,,92.777,1.1172
2703,2010-05-13,85.207,84.14,,830.16,123.17,3.537,0.162,102.695,,26.68,74.4,158.78,1156.75,2735.0,120.53,19.476,10620.55,1903.0,89.5,118.86,,92.46,1.1332
2704,2010-05-14,86.095,84.65,,805.1,128.34,3.457,0.152,103.12,,31.24,71.61,158.6,1135.25,2599.0,122.03,19.202,10462.51,1865.5,99.8,119.77,,92.485,1.1336
2705,2010-05-17,86.205,84.55,,800.55,120.97,3.491,0.157,103.11,,30.84,70.08,158.64,1134.5,2608.0,121.44,18.835,10235.76,1869.25,96.6,119.58,,91.901,1.1498
2706,2010-05-18,87.162,84.92,,788.08,135.82,3.353,0.172,103.52,,33.55,69.41,156.9,1118.75,2672.0,122.69,18.855,10242.64,1843.75,97.2,120.2,,91.54,1.1523
2707,2010-05-19,86.392,84.89,,775.18,128.44,3.37,0.17,103.54,,35.32,72.48,154.13,1110.0,2594.0,122.78,18.091,10186.84,1824.0,98.1,120.25,,89.37,1.15
2708,2010-05-20,85.565,85.29,,745.51,145.12,3.216,0.162,103.39,,45.79,70.8,153.55,1070.0,2548.0,124.03,17.694,10030.31,1756.25,110.9,120.95,,89.986,1.1479
2709,2010-05-21,85.371,85.46,,761.15,130.67,3.236,0.162,103.64,,40.1,70.04,151.93,1084.5,2555.0,124.88,17.631,9784.54,1775.0,108.7,121.31,,90.025,1.1494
2710,2010-05-24,86.206,85.35,,750.08,123.87,3.198,0.155,103.46,,38.32,70.21,154.24,1071.0,2545.0,124.38,17.982,9758.4,1768.25,107.1,121.17,,90.332,1.1572
2711,2010-05-25,86.779,85.55,,743.5,119.36,3.16,0.167,103.42,,34.61,68.75,154.76,1073.0,2481.0,125.25,17.763,9459.89,1771.25,112.7,121.67,,89.97,1.1599
2712,2010-05-26,87.121,85.27,,747.06,115.68,3.192,0.167,103.25,,35.02,71.51,156.76,1061.25,2520.0,124.47,18.292,9522.66,1747.25,109.9,121.16,,90.879,1.153
2713,2010-05-27,86.185,84.84,,780.58,107.64,3.357,0.167,102.57,,29.68,74.55,156.64,1101.0,2616.0,122.94,18.457,9639.72,1819.5,111.5,120.31,,91.052,1.1591
2714,2010-05-28,86.48,85.09,,778.27,110.13,3.303,0.162,103.13,,32.07,73.97,156.72,1088.5,2607.0,123.22,18.411,9762.98,1807.75,112.1,120.67,,91.07,1.159
2715,2010-05-31,86.588,,,,,3.3,0.1674,,,,,,,2601.0,122.61,18.558,9768.7,,,,,91.1,1.1555
2716,2010-06-01,86.643,85.13,,770.22,109.92,3.263,0.152,102.74,,35.54,72.58,158.25,1069.5,2597.0,123.34,18.54,9711.83,1786.75,110.3,120.67,,92.19,1.1552
2717,2010-06-02,86.793,84.97,,780.08,98.02,3.347,0.152,102.3792,,30.17,72.86,157.7,1096.75,2598.0,122.91,18.304,9603.24,1834.75,105.2,120.38,,92.623,1.1561
2718,2010-06-03,87.136,84.84,,782.61,95.61,3.369,0.145,102.26,,29.46,74.61,156.07,1103.5,2625.0,122.5,17.92,9914.19,1853.5,104.3,120.19,,91.88,1.1621
2719,2010-06-04,88.233,85.58,,748.56,103.31,3.208,0.129,103.01,,35.48,71.51,157.07,1066.0,2542.0,124.91,17.29,9901.19,1790.0,106.4,121.55,,91.915,1.1629
2720,2010-06-07,88.405,85.61,,738.24,102.76,3.146,0.117,103.226,,36.57,71.44,160.05,1048.0,2517.0,124.81,18.153,9520.8,1751.5,106.1,121.66,,91.41,1.1524
2721,2010-06-08,88.394,85.68,,745.17,101.79,3.189,0.119,102.96,,33.7,71.99,160.67,1059.25,2500.0,125.09,18.468,9537.94,1747.25,108.7,121.81,,91.365,1.1479
2722,2010-06-09,87.897,85.61,,754.12,111.77,3.178,0.099,102.96,,33.73,74.38,158.64,1055.5,2552.0,124.88,18.18,9439.13,1738.0,106.6,121.64,,91.309,1.1433
2723,2010-06-10,87.169,85.11,,781.32,108.61,3.325,0.089,102.23,,30.57,75.48,157.65,1083.75,2602.0,123.09,18.342,9542.65,1778.25,103.3,120.62,,91.62,1.1489
2724,2010-06-11,87.507,85.54,,786.6,103.69,3.233,0.079,102.67,,28.79,73.78,158.68,1089.25,2632.0,124.66,18.222,9705.25,1799.75,105.9,121.39,,91.645,1.1493
2725,2010-06-14,86.511,85.34,,798.01,99.92,3.262,0.061,102.26,,28.58,75.12,157.94,1086.25,2680.0,123.81,18.402,9879.85,1803.5,102.9,120.95,,91.474,1.1338
2726,2010-06-15,85.981,85.21,,810.44,99.0,3.308,0.089,102.28,,25.87,76.94,159.22,1109.25,2715.0,123.31,18.569,9887.89,1850.25,99.6,120.72,,91.396,1.1306
2727,2010-06-16,86.083,85.34,,808.03,93.67,3.264,0.096,102.44,,25.92,77.67,158.72,1109.5,2719.0,123.69,18.432,10067.15,1863.0,96.0,120.89,,90.84,1.1115
2728,2010-06-17,85.688,85.68,,808.01,89.65,3.192,0.096,102.86,,25.05,76.79,161.07,1111.75,2726.0,124.91,18.767,9999.4,1866.5,95.2,121.55,,90.7,1.108
2729,2010-06-18,85.699,85.55,,806.2,92.36,3.225,0.101,102.7,,23.95,77.18,162.3,1110.25,2734.0,124.47,19.175,9995.02,1866.5,94.4,121.27,,90.7,1.1085
2730,2010-06-21,85.932,85.51,,806.41,96.01,3.247,0.114,102.99,,24.88,78.61,160.03,1110.5,2762.0,124.28,18.802,10238.01,1856.5,87.8,121.16,,90.54,1.1074
2731,2010-06-22,86.106,85.8,,791.25,101.65,3.165,0.132,103.36,,27.05,77.85,160.05,1090.5,2742.0,124.75,18.896,10112.89,1835.25,85.9,120.91,,89.91,1.1045
2732,2010-06-23,85.741,86.02,,789.47,98.93,3.125,0.129,103.32,,26.91,76.35,159.27,1087.5,2705.0,125.34,18.454,9923.7,1830.75,85.2,121.36,,89.63,1.1016
2733,2010-06-24,85.733,85.98,,775.24,103.69,3.135,0.129,103.5,,29.74,76.51,160.7,1070.5,2640.0,125.03,18.731,9928.34,1806.5,85.4,121.33,,89.15,1.0924
2734,2010-06-25,85.313,86.06,,787.26,97.51,3.11,0.134,103.66,,28.53,78.86,162.03,1074.75,2627.0,125.34,19.105,9737.48,1796.25,84.7,121.48,,89.225,1.093
2735,2010-06-28,85.652,86.38,,782.0,99.01,3.023,0.142,104.15,,29.0,78.25,159.76,1071.0,2663.0,126.28,18.673,9693.94,1793.0,84.2,122.14,,88.649,1.082
2736,2010-06-29,86.025,86.62,,759.51,104.0,2.953,0.167,103.94,,34.13,75.94,160.25,1035.25,2559.0,127.12,18.594,9570.67,1720.5,89.8,122.53,,88.43,1.0778
2737,2010-06-30,86.019,86.67,,750.3,105.16,2.935,0.178,104.34,,34.54,75.63,160.7,1026.5,2568.0,127.5,18.671,9382.64,1695.0,89.7,122.55,,87.6,1.0608
2738,2010-07-01,84.716,86.75,,748.54,100.69,2.954,0.172,103.8,,32.86,72.95,155.65,1021.75,2516.0,128.0,17.76,9191.6,1685.0,93.8,122.61,,87.79,1.0618
2739,2010-07-02,84.427,86.55,,742.41,97.19,2.977,0.17,103.8,,30.12,72.14,155.78,1014.25,2519.0,127.16,17.698,9203.71,1678.25,88.2,122.31,,87.765,1.0627
2740,2010-07-05,84.608,,,,,2.98,0.1775,,,,,,,2507.0,127.98,17.818,9266.78,,,,,87.48,1.0597
2741,2010-07-06,84.083,86.79,,737.59,97.58,2.936,0.17,104.03,,29.65,71.98,154.15,1024.25,2565.0,128.0,17.833,9338.04,1691.5,82.6,122.73,,87.68,1.052
2742,2010-07-07,83.822,86.63,,764.05,92.14,2.984,0.165,103.97,,26.84,74.07,154.64,1059.25,2626.0,127.31,17.979,9279.65,1746.5,86.3,122.44,,88.41,1.0496
2743,2010-07-08,83.824,86.49,,774.38,89.85,3.038,0.152,103.75,,25.71,75.44,154.28,1067.0,2658.0,126.78,17.852,9535.74,1755.0,85.5,122.16,,88.57,1.0579
2744,2010-07-09,83.947,86.34,,780.45,88.58,3.057,0.152,103.75,,24.98,76.09,156.05,1072.5,2679.0,126.28,18.053,9585.32,1768.5,85.1,121.92,,88.61,1.0577
2745,2010-07-12,84.203,86.39,,781.41,91.75,3.066,0.152,103.7476,,24.43,74.95,154.62,1076.5,2681.0,126.34,17.897,9548.11,1777.25,82.2,122.11,,88.793,1.0545
2746,2010-07-13,83.643,86.15,,797.43,90.8,3.123,0.157,103.63,,24.56,77.15,156.52,1089.75,2731.0,125.47,18.237,9537.23,1799.5,80.3,121.66,,88.27,1.052
2747,2010-07-14,83.426,86.46,,797.02,96.13,3.05,0.152,104.12,,24.89,77.04,155.7,1091.0,2733.0,126.59,18.274,9795.24,1808.25,79.0,122.23,,87.34,1.042
2748,2010-07-15,82.558,86.76,,794.28,97.75,2.994,0.152,104.42,,25.14,76.62,155.86,1090.5,2699.0,127.66,18.346,9685.53,1806.25,78.1,122.78,,86.56,1.0503
2749,2010-07-16,82.486,86.92,,776.16,101.57,2.927,0.152,104.72,,26.25,76.01,153.27,1063.0,2647.0,128.09,17.773,9408.36,1759.0,81.2,123.2,,86.615,1.0505
2750,2010-07-19,82.513,86.84,,782.35,102.58,2.963,0.152,104.75,,25.97,76.54,152.46,1063.75,2636.0,127.59,17.534,,1762.5,79.4,123.03,,87.242,1.0516
2751,2010-07-20,82.747,86.97,,793.25,98.89,2.957,0.157,104.77,,23.93,77.58,153.7,1080.0,2623.0,127.97,17.685,9300.46,1796.75,78.7,123.23,,86.861,1.0501
2752,2010-07-21,83.393,87.16,,786.2,97.02,2.882,0.157,105.42,,25.64,76.56,153.7,1064.0,2636.0,128.84,17.798,9278.83,1772.5,78.4,123.5,,87.124,1.0423
2753,2010-07-22,82.595,87.01,,808.49,93.2,2.932,0.155,105.3,,24.63,79.3,154.19,1087.75,2712.0,128.09,18.115,9220.88,1809.75,78.8,123.17,,87.52,1.0531
2754,2010-07-23,82.464,86.75,,816.32,89.9,3.0,0.152,105.05,,23.47,78.98,153.2,1100.5,2719.0,127.16,18.096,9430.96,1830.75,78.9,122.67,,87.465,1.0546
2755,2010-07-26,82.087,86.76,,832.49,88.55,2.996,0.155,105.21,,22.73,78.98,152.61,1109.5,2740.0,127.22,18.195,9503.66,1844.5,77.3,122.73,,87.816,1.0607
2756,2010-07-27,82.185,86.53,,835.12,90.14,3.049,0.157,104.87,,23.19,77.5,149.37,1111.0,2766.0,126.34,17.621,9496.85,1843.5,77.1,122.33,,87.452,1.0568
2757,2010-07-28,82.179,86.75,,832.35,90.71,2.996,0.155,105.21,,24.25,76.99,149.45,1102.0,2763.0,126.84,17.423,9753.27,1826.75,76.3,122.86,,86.683,1.0401
2758,2010-07-29,81.636,86.83,,828.06,90.62,2.987,0.152,105.57,,24.13,78.36,150.58,1097.0,2751.0,126.88,17.601,9696.02,1814.25,75.9,123.09,,86.44,1.0408
2759,2010-07-30,81.539,87.26,,829.42,89.55,2.905,0.147,106.06,,23.5,78.95,152.21,1098.25,2745.0,128.72,17.987,9537.3,1819.25,78.2,123.81,,86.47,1.0417
2760,2010-08-02,80.938,87.02,,854.51,85.02,2.968,0.147,105.37,,22.01,81.34,152.41,1121.75,2815.0,127.62,18.403,9570.31,1851.25,77.6,123.42,,85.78,1.0394
2761,2010-08-03,80.596,87.27,,850.46,85.04,2.908,0.157,105.88,,22.63,82.55,152.68,1118.25,2815.0,128.41,18.407,9694.01,1850.0,81.1,123.98,,85.78,1.0394
2762,2010-08-04,80.892,87.09,,851.32,85.05,2.955,0.155,105.3,,22.21,82.47,153.76,1124.5,2827.0,127.91,18.263,9489.34,1862.25,85.9,123.62,,86.3,1.0534
2763,2010-08-05,80.825,87.22,,844.24,86.52,2.901,0.15,105.86,,22.1,82.01,154.19,1123.5,2819.0,128.38,18.308,9653.92,1858.0,84.0,123.89,,85.833,1.046
2764,2010-08-06,80.407,87.54,,842.19,87.44,2.822,0.145,106.09,,21.74,80.7,154.96,1119.5,2779.0,129.53,18.459,9642.12,1859.5,80.4,124.58,,85.51,1.039
2765,2010-08-09,80.711,87.51,,849.47,87.86,2.829,0.145,106.08,,22.14,81.48,154.62,1125.5,2826.0,129.34,18.229,9572.49,1870.75,79.8,124.52,,85.897,1.0485
2766,2010-08-10,80.799,87.63,,838.35,90.35,2.768,0.157,106.1919,,22.37,80.25,154.03,1119.75,2796.0,129.78,18.146,9551.05,1853.5,76.6,124.98,,85.36,1.0477
2767,2010-08-11,82.29,88.01,,818.51,102.65,2.69,0.152,106.63,,25.39,78.02,154.18,1085.0,2726.0,131.38,17.89,9292.85,1794.75,76.2,125.61,,85.172,1.0598
2768,2010-08-12,82.635,87.89,,809.38,99.75,2.747,0.155,106.5181,,25.73,75.74,156.43,1079.25,2724.0,131.22,18.053,9212.59,1784.25,81.4,125.34,,86.074,1.0498
2769,2010-08-13,82.948,88.05,,809.31,99.54,2.679,0.155,106.82,,26.24,75.39,156.42,1076.0,2706.0,132.0,18.097,9253.46,1772.25,84.3,125.58,,86.195,1.051
2770,2010-08-16,82.533,88.54,,810.61,98.73,2.573,0.157,107.62,,26.1,75.24,157.65,1077.0,2694.0,133.88,18.418,9196.67,1777.0,92.8,126.2,,85.307,1.0394
2771,2010-08-17,82.226,88.3,,827.41,93.25,2.641,0.162,107.22,,24.33,75.77,157.92,1089.0,2736.0,132.91,18.586,9161.68,1796.5,90.9,125.67,,85.595,1.0436
2772,2010-08-18,82.223,88.34,,828.58,91.3,2.638,0.157,107.45,,24.59,75.42,158.32,1086.75,2730.0,133.34,18.39,9240.54,1793.75,87.5,125.61,,85.44,1.0423
2773,2010-08-19,82.447,88.59,,814.19,91.96,2.575,0.152,107.808,,26.44,74.77,158.83,1071.25,2677.0,134.34,18.318,9362.68,1777.0,91.0,125.95,,85.344,1.0325
2774,2010-08-20,83.057,88.44,,807.03,89.34,2.616,0.152,107.7,,25.49,73.82,157.99,1070.25,2645.0,134.0,17.982,9179.38,1782.5,93.2,125.53,,85.62,1.0342
2775,2010-08-23,83.123,88.5,,806.54,87.66,2.6,0.157,107.85,,25.66,73.1,157.95,1065.5,2655.0,134.12,17.983,9116.69,1766.5,95.5,125.66,,85.141,1.0413
2776,2010-08-24,83.146,88.93,,803.04,85.7,2.493,0.162,108.26,,27.46,71.63,158.58,1049.75,2614.0,135.75,18.369,8995.14,1730.75,97.6,126.41,,84.178,1.0317
2777,2010-08-25,83.261,88.74,,810.01,82.64,2.539,0.157,108.01,,26.7,72.52,159.59,1054.5,2590.0,135.19,19.022,8845.39,1746.75,100.7,125.92,,84.684,1.0293
2778,2010-08-26,82.934,88.91,,809.27,82.95,2.481,0.152,108.26,,27.37,73.36,159.13,1044.75,2601.0,136.0,18.978,8906.48,1724.5,104.4,126.22,,84.346,1.0244
2779,2010-08-27,82.918,88.28,,819.62,79.0,2.647,0.147,107.054,,24.45,75.17,159.16,1063.75,2630.0,133.69,19.039,8991.06,1746.25,109.2,125.19,,85.215,1.0281
2780,2010-08-30,83.164,88.76,,816.35,82.52,2.53,0.137,107.9,,27.21,74.7,159.32,1045.0,2619.0,135.47,19.038,9149.26,1725.75,109.7,126.09,,84.532,1.0251
2781,2010-08-31,83.202,89.03,,821.02,81.49,2.47,0.142,107.91,,26.05,71.92,160.75,1048.25,2615.0,136.44,19.398,8824.06,1723.5,103.7,126.5,,84.14,1.0143
2782,2010-09-01,82.522,88.58,,845.5,78.28,2.58,0.137,107.33,,23.89,73.91,160.47,1081.75,2712.0,134.59,19.359,8927.02,1777.0,110.1,125.73,,84.407,1.015
2783,2010-09-02,82.463,88.41,,855.08,79.05,2.627,0.134,107.04,,23.19,75.02,161.15,1089.5,2716.0,133.94,19.638,9062.84,1794.25,103.2,125.5,,84.25,1.0128
2784,2010-09-03,82.102,88.13,,864.33,76.64,2.713,0.132,106.43,,21.31,74.6,160.85,1103.5,2744.0,132.88,19.915,9114.13,1824.0,95.3,125.0,,84.31,1.0168
2785,2010-09-06,82.042,,,,,2.714,0.1344,,,,,,,2752.0,131.89,19.868,9301.32,,,,,84.12,1.0103
2786,2010-09-07,82.82,88.57,,854.14,78.98,2.598,0.132,107.3081,,23.8,74.09,161.91,1091.25,2729.0,134.34,19.883,9226.0,1814.5,98.2,125.83,,83.732,1.011
2787,2010-09-08,82.585,88.36,,856.04,89.88,2.654,0.137,107.17,,23.25,74.67,161.68,1099.25,2755.0,133.62,19.978,9024.6,1834.5,100.9,125.42,,83.95,1.011
2788,2010-09-09,82.674,87.87,,854.46,87.97,2.757,0.142,106.67,,22.81,74.25,160.83,1102.5,2780.0,131.97,19.814,9098.39,1842.75,104.9,124.66,,83.93,1.0152
2789,2010-09-10,82.698,87.76,,856.58,87.6,2.795,0.14,106.26,,21.99,76.45,160.26,1109.75,2784.0,131.53,19.802,9239.17,1849.25,107.3,124.42,,84.17,1.0196
2790,2010-09-13,81.912,88.02,,868.29,87.33,2.746,0.145,106.96,,21.21,77.19,160.34,1116.25,2807.0,132.09,20.11,9321.82,1876.25,105.5,124.94,,83.681,1.0079
2791,2010-09-14,81.08,88.32,,869.22,87.95,2.679,0.152,107.1,,21.56,76.8,163.5,1115.75,2809.0,133.0,20.401,9299.31,1882.25,102.4,125.45,,83.048,0.9954
2792,2010-09-15,81.491,88.12,,873.52,88.4,2.723,0.16,106.8,,22.1,76.02,163.11,1120.75,2797.0,132.06,20.542,9516.56,1899.25,102.7,125.22,,85.7,1.0021
2793,2010-09-16,81.241,87.99,,867.37,87.63,2.763,0.157,106.56,,21.72,74.57,163.77,1122.5,2787.0,131.31,20.745,9509.5,1909.5,103.8,125.0,,85.848,1.0154
2794,2010-09-17,81.398,88.06,,867.15,85.45,2.743,0.155,106.75,,22.01,73.66,164.25,1119.75,2814.0,131.53,20.79,9626.09,1912.5,103.6,125.23,,85.855,1.01
2795,2010-09-20,81.335,88.23,,885.26,81.5,2.704,0.157,106.84,,21.5,76.19,164.67,1136.5,2788.0,132.03,20.777,,1941.5,103.6,125.52,,85.702,1.0047
2796,2010-09-21,80.439,88.67,,877.31,80.97,2.576,0.162,107.52,,22.35,74.97,163.83,1134.75,2784.0,132.53,20.62,9602.11,1945.25,96.6,125.75,,85.113,0.9972
2797,2010-09-22,79.83,88.79,,872.47,81.86,2.555,0.16,107.51,,22.51,74.71,166.12,1129.75,2743.0,132.72,21.036,9566.32,1939.25,89.8,125.56,,84.48,0.9866
2798,2010-09-23,80.01,88.79,,856.55,83.02,2.551,0.157,107.5,,23.87,75.18,166.66,1120.5,2723.0,132.75,21.194,,1941.25,88.7,125.58,,84.51,0.9853
2799,2010-09-24,79.395,88.57,,877.05,80.0,2.607,0.147,107.0519,,21.71,76.49,166.89,1143.25,2779.0,131.75,21.383,9471.67,1978.0,83.7,125.22,,84.205,0.9831
2800,2010-09-27,79.338,88.97,,871.14,82.62,2.531,0.137,107.775,,22.54,76.52,166.96,1137.75,2765.0,133.34,21.455,9603.14,1967.0,85.7,125.95,,84.275,0.9856
2801,2010-09-28,79.014,89.21,,874.58,83.62,2.469,0.157,108.3,,22.6,76.18,168.21,1141.75,2762.0,134.22,21.688,9495.76,1968.25,84.6,126.44,,83.892,0.9763
2802,2010-09-29,78.691,89.03,,871.05,83.35,2.501,0.165,108.17,,23.25,77.86,168.46,1141.0,2741.0,133.66,21.929,9559.38,1968.75,85.6,126.16,,83.766,0.9767
2803,2010-09-30,78.72,89.04,,872.49,86.49,2.512,0.162,107.89,,23.7,79.97,168.37,1136.75,2738.0,133.72,21.798,9369.35,1955.25,85.1,126.05,,83.56,0.9839
2804,2010-10-01,78.088,89.0,,878.44,84.08,2.513,0.157,107.76,,22.5,81.58,169.43,1142.25,2718.0,133.38,22.037,9404.23,1954.25,86.5,126.08,,83.215,0.9737
2805,2010-10-04,78.447,89.16,,882.03,86.22,2.479,0.155,107.87,,23.53,81.47,169.3,1134.75,2691.0,133.91,22.013,9381.06,1936.75,96.7,126.47,,83.503,0.9716
2806,2010-10-05,77.749,89.2,,897.2,82.62,2.472,0.122,107.92,,21.76,82.82,172.32,1154.75,2745.0,133.69,22.714,9518.76,1978.25,89.2,126.64,,83.19,0.966
2807,2010-10-06,77.386,89.47,,898.08,81.05,2.392,0.124,108.51,,21.49,83.23,173.27,1155.75,2765.0,134.81,23.02,9691.43,1964.0,90.4,127.09,,82.967,0.9621
2808,2010-10-07,77.387,89.45,,901.24,80.7,2.385,0.122,108.66,,21.56,81.67,171.64,1156.5,2773.0,134.44,22.565,9684.81,1973.75,87.8,127.14,,82.38,0.9656
2809,2010-10-08,77.325,89.48,,900.41,81.41,2.395,0.122,108.526,,20.71,82.66,172.96,1160.5,2774.0,134.31,23.087,9588.88,1980.5,80.1,127.31,,81.925,0.9626
2810,2010-10-11,77.442,,,901.07,84.75,2.389,0.1242,108.47,,18.96,82.21,174.13,1162.25,2777.0,134.31,23.331,,1985.25,,127.44,,82.089,0.9642
2811,2010-10-12,77.363,89.33,,903.19,84.77,2.433,0.122,107.84,,18.93,81.67,173.14,1164.5,2765.0,133.72,23.129,9388.64,1996.75,78.3,127.08,,81.78,0.9572
2812,2010-10-13,77.071,89.31,,914.13,88.72,2.422,0.137,107.91,,19.07,83.01,176.2,1174.25,2830.0,133.44,23.914,9403.51,2015.75,81.3,127.22,,81.798,0.9578
2813,2010-10-14,76.647,89.03,,916.02,87.14,2.506,0.14,107.58,,19.88,82.69,177.12,1173.5,2826.0,132.44,24.417,9583.51,2021.75,84.6,126.67,,81.47,0.953
2814,2010-10-15,77.041,88.78,,912.63,89.82,2.567,0.142,107.0,,19.03,81.25,176.4,1175.0,2827.0,131.03,24.272,9500.25,2054.75,88.1,126.23,,81.455,0.9591
2815,2010-10-18,76.934,89.12,,918.58,91.75,2.515,0.142,107.65,,19.09,83.08,176.41,1178.25,2841.0,132.16,24.397,9498.49,2054.25,89.5,126.89,,81.198,0.9589
2816,2010-10-19,78.184,89.21,,906.26,91.53,2.481,0.142,107.9,,20.63,80.16,171.77,1163.75,2825.0,132.44,23.764,9539.45,2027.25,88.6,127.03,,81.542,0.9707
2817,2010-10-20,77.171,89.26,,923.1,85.48,2.484,0.14,107.95,,19.79,82.54,172.82,1174.7,2842.0,132.66,23.848,9381.6,2043.5,87.1,127.05,,81.055,0.9618
2818,2010-10-21,77.418,89.06,,922.59,83.59,2.542,0.129,107.61,,19.27,80.56,170.43,1175.75,2869.0,131.81,23.123,9376.48,2039.75,89.6,126.64,,81.3,0.9677
2819,2010-10-22,77.472,88.99,,919.46,81.97,2.561,0.127,107.74,,18.78,81.69,170.37,1180.75,2862.0,131.69,23.125,9426.71,2063.75,92.4,126.42,,81.37,0.977
2820,2010-10-25,77.103,89.03,,924.51,82.02,2.567,0.122,107.99,,19.85,82.52,172.14,1182.75,2863.0,132.12,23.544,9401.16,2068.25,90.3,126.42,,80.825,0.972
2821,2010-10-26,77.708,88.67,,919.22,82.79,2.645,0.137,107.42,,20.22,82.55,172.1,1182.75,2848.0,130.72,23.824,9377.38,2075.75,97.4,125.72,,81.337,0.984
2822,2010-10-27,78.149,88.42,,909.63,80.42,2.729,0.137,107.1,,20.71,81.94,170.04,1178.75,2822.0,129.88,23.398,9387.03,2083.5,99.9,125.22,,81.679,0.9898
2823,2010-10-28,77.308,88.65,,911.02,78.47,2.667,0.132,107.46,,20.88,82.18,172.6,1179.25,2838.0,130.22,23.871,9366.03,2085.5,98.7,125.86,,81.679,0.9898
2824,2010-10-29,77.266,88.9,,912.31,77.46,2.603,0.117,107.61,,21.2,81.43,174.54,1179.75,2839.0,130.94,24.56,9202.45,2081.75,99.8,126.28,,80.395,0.9822
2825,2010-11-01,77.296,88.89,,920.13,79.72,2.628,0.112,107.28,,21.83,82.95,173.64,1183.0,2826.0,130.62,24.548,9154.72,2088.75,98.7,126.31,,80.406,0.9821
2826,2010-11-02,76.722,89.07,,926.26,80.18,2.592,0.132,107.55,,21.57,83.9,174.45,1192.75,2852.0,131.69,24.832,9159.98,2110.0,98.3,126.53,,80.559,0.9919
2827,2010-11-03,76.481,88.92,,924.24,76.57,2.579,0.127,107.38,,19.56,84.69,171.97,1197.25,2817.0,130.28,24.432,,2124.0,83.1,126.58,,80.668,0.9794
2828,2010-11-04,75.882,89.33,,945.39,70.78,2.491,0.122,108.08,,18.52,86.49,177.82,1218.5,2872.0,131.69,26.039,9358.78,2144.25,82.1,127.75,,81.05,0.972
2829,2010-11-05,76.548,89.05,,950.36,74.02,2.539,0.127,107.415,,18.26,86.85,179.7,1222.0,2861.0,130.69,26.744,9625.99,2144.5,81.7,127.42,,80.776,0.9579
2830,2010-11-08,77.027,88.96,,942.24,73.67,2.557,0.122,107.54,,18.29,87.06,180.41,1220.0,2862.0,130.41,27.428,9732.92,2143.75,82.5,127.36,,81.14,0.9604
2831,2010-11-09,77.443,88.49,,919.04,76.49,2.663,0.127,106.81,,19.08,86.72,181.3,1211.0,2884.0,128.81,28.902,9694.49,2136.0,90.4,126.53,,81.09,0.9673
2832,2010-11-10,77.634,88.65,,918.28,83.07,2.648,0.132,106.75,,18.47,87.81,179.91,1214.0,2842.0,129.06,26.861,9830.52,2134.25,91.6,126.97,,81.583,0.9683
2833,2010-11-11,78.217,,,911.54,,2.656,0.1318,106.51,,18.64,87.81,180.43,1211.0,2828.0,128.72,27.401,9861.46,2132.25,,126.48,,82.204,0.9705
2834,2010-11-12,78.082,88.22,,903.19,88.18,2.785,0.132,105.74,,20.61,84.88,175.57,1195.5,2821.0,127.94,25.938,9724.81,2093.5,97.7,125.94,,82.41,0.9763
2835,2010-11-15,78.518,87.68,,897.49,88.13,2.961,0.1344,104.96,,20.2,84.86,175.95,1195.75,2846.0,126.22,26.088,9827.51,2087.75,103.9,124.77,,82.47,0.9791
2836,2010-11-16,79.21,87.96,,873.4,93.65,2.842,0.142,105.33,,22.58,82.34,172.07,1174.75,2784.0,127.72,25.229,9797.1,2050.5,100.8,125.05,,83.162,0.9851
2837,2010-11-17,79.084,87.91,,878.15,89.25,2.882,0.142,105.5,,21.76,80.44,171.88,1177.5,2803.0,127.06,25.507,9811.66,2056.75,95.1,124.88,,83.38,0.9963
2838,2010-11-18,78.617,87.79,,885.17,83.92,2.901,0.142,105.66,,18.75,82.42,173.95,1197.75,2851.0,126.53,26.83,10013.63,2094.0,98.6,124.48,,83.1,0.9907
2839,2010-11-19,78.504,87.83,,887.22,84.73,2.877,0.137,105.73,,18.04,81.98,173.86,1198.25,2842.0,127.22,27.175,10022.39,2093.25,94.5,124.52,,83.54,0.9954
2840,2010-11-22,78.682,88.13,,888.08,78.39,2.806,0.132,106.08,,18.37,81.74,174.56,1198.0,2813.0,128.03,27.457,10115.19,2114.25,90.6,125.09,,83.485,0.9922
2841,2010-11-23,79.681,88.31,,878.01,87.44,2.782,0.152,106.274,,20.63,81.25,177.11,1178.25,2743.0,128.56,27.568,,2078.75,90.8,125.41,,83.29,0.9878
2842,2010-11-24,79.867,87.71,,889.35,81.55,2.912,0.162,105.3219,,19.56,83.86,176.5,1196.5,2757.0,126.5,27.524,10030.11,2117.75,101.0,124.28,,83.269,0.9966
2843,2010-11-25,79.867,,,,,2.911,0.1471,,,,,,,2764.0,125.65,27.51,10079.76,,,,,83.52,0.9944
2844,2010-11-26,80.357,87.94,,886.03,90.55,2.87,0.162,105.81,,22.22,83.76,175.13,1183.25,2738.0,127.53,26.695,10039.56,2105.75,100.8,124.59,,83.638,1.0
2845,2010-11-29,80.835,88.13,,883.06,89.01,2.826,0.162,105.97,,21.53,85.73,175.54,1186.5,2675.0,128.16,27.148,10125.99,2105.25,100.4,124.88,,84.157,1.0028
2846,2010-11-30,81.195,88.29,,877.56,95.73,2.797,0.167,105.9,,23.54,84.11,177.93,1179.5,2653.0,128.72,28.185,9937.04,2076.75,101.9,125.05,,84.254,1.0011
2847,2010-12-01,80.713,87.63,,886.47,92.03,2.966,0.167,104.77,,21.36,86.75,178.21,1204.5,2721.0,126.31,28.388,9988.05,2118.25,110.1,123.86,,83.678,1.0026
2848,2010-12-02,80.303,87.46,,902.4,87.74,2.998,0.152,104.63,,19.39,88.0,178.34,1222.75,2784.0,126.03,28.542,10168.52,2146.75,109.3,123.48,,84.123,1.0029
2849,2010-12-03,79.377,87.49,,907.46,84.28,3.007,0.137,104.57,,18.01,89.19,180.51,1223.5,2787.0,125.62,29.241,10178.32,2147.0,102.7,123.7,,83.749,0.9927
2850,2010-12-06,79.571,87.86,,906.55,82.6,2.929,0.132,105.21,,18.02,89.38,181.78,1222.0,2769.0,126.72,29.705,10167.23,2150.25,98.2,124.31,,82.78,0.9748
2851,2010-12-07,79.857,86.94,,909.49,82.66,3.141,0.147,104.294,,17.99,88.69,180.87,1223.25,2803.0,124.0,29.748,10141.1,2149.75,110.4,122.5,,82.67,0.9821
2852,2010-12-08,79.997,86.64,,897.58,81.8,3.272,0.147,103.7824,,17.74,88.28,177.56,1228.75,2820.0,123.28,28.224,10232.33,2160.25,112.1,121.88,,83.479,0.9879
2853,2010-12-09,80.069,86.63,,893.61,79.8,3.213,0.142,104.2,,17.25,88.37,178.79,1233.0,2840.0,123.59,28.789,10285.88,2161.0,109.0,121.77,,84.1,0.9862
2854,2010-12-10,80.07,86.44,,899.36,79.36,3.323,0.122,103.65,,17.61,87.79,177.77,1241.0,2839.0,123.03,28.576,10211.95,2176.25,110.8,121.27,,83.816,0.983
2855,2010-12-13,79.284,86.62,,903.03,81.67,3.279,0.1242,103.67,,17.55,88.61,179.45,1236.25,2855.0,123.41,29.599,10293.89,2171.5,110.4,121.7,,83.973,0.9818
2856,2010-12-14,79.367,85.99,,899.31,81.67,3.473,0.142,103.26,,17.61,88.28,180.26,1236.75,2860.0,121.09,29.759,10316.77,2175.0,118.4,120.42,,83.44,0.9679
2857,2010-12-15,80.261,85.8,,892.49,83.42,3.538,0.142,102.81,,17.94,88.62,177.94,1232.0,2845.0,120.56,29.225,10309.78,2162.25,125.2,120.02,,83.79,0.961
2858,2010-12-16,80.181,85.94,,889.46,81.32,3.434,0.132,103.23,,17.39,87.7,175.99,1238.5,2844.0,121.03,28.757,10311.29,2180.25,122.7,120.38,,84.269,0.9672
2859,2010-12-17,80.373,86.52,,889.59,86.62,3.338,0.106,103.99,,16.11,88.02,177.04,1238.5,2838.0,122.84,29.113,10303.83,2174.25,119.1,121.41,,84.05,0.9645
2860,2010-12-20,80.628,86.45,,899.22,84.09,3.34,0.106,103.94,,16.41,89.37,177.93,1241.25,2838.0,122.25,29.335,10216.41,2181.25,112.7,121.27,,84.01,0.9698
2861,2010-12-21,80.718,86.51,,908.06,84.38,3.303,0.137,104.1,,16.49,89.82,178.27,1250.75,2873.0,122.25,29.376,10370.53,2196.25,104.2,121.25,,83.771,0.9648
2862,2010-12-22,80.727,86.4,,913.15,86.03,3.348,0.137,104.03,,15.45,90.48,178.09,1254.5,2872.0,120.78,29.367,10346.48,2197.0,106.4,120.0,,83.79,0.9578
2863,2010-12-23,80.496,86.2,,911.45,86.74,3.397,0.142,103.93,,16.47,91.51,177.21,1253.0,2862.0,120.44,29.31,,2191.5,106.8,119.59,,83.56,0.9514
2864,2010-12-24,80.496,,,,,3.414,0.142,,,,,,,2860.0,120.58,29.293,10279.19,,,,,83.02,0.9575
2865,2010-12-27,80.366,86.37,,919.37,87.44,3.327,0.132,104.12,,17.67,91.0,177.52,1253.25,2826.0,121.25,29.235,10355.99,2191.0,106.1,119.94,,82.919,0.9634
2866,2010-12-28,80.365,85.89,,922.13,86.34,3.491,0.147,103.05,,17.52,91.49,180.43,1254.0,2822.0,119.34,30.297,10292.63,2186.5,110.2,119.03,,82.72,0.9586
2867,2010-12-29,79.796,86.52,,925.29,85.71,3.357,0.1445,103.78,,17.28,91.12,181.44,1255.75,2838.0,121.31,30.679,10344.54,2189.5,111.3,120.25,,82.356,0.9519
2868,2010-12-30,79.521,86.4,,927.08,86.52,3.367,0.117,103.76,,17.52,89.84,180.47,1254.5,2794.0,121.0,30.488,10228.92,2185.5,111.3,119.98,,81.618,0.9446
2869,2010-12-31,79.028,86.7,,928.33,86.36,3.288,0.1293,104.13,,17.75,91.38,182.46,1253.0,2795.0,122.12,30.91,,2177.0,110.4,120.44,,81.48,0.9345
2870,2011-01-03,79.127,86.58,,938.16,84.8,3.336,0.1344,104.23,,17.61,91.55,182.65,1265.25,2834.0,121.5,31.096,,2211.5,105.9,120.17,,81.123,0.9322
2871,2011-01-04,79.444,86.53,,927.53,85.25,3.338,0.137,104.301,,17.38,89.38,176.99,1265.25,2837.0,121.31,29.492,10398.1,2206.5,102.8,120.31,,81.67,0.9342
2872,2011-01-05,80.258,85.97,,928.21,84.7,3.463,0.142,103.63,,17.02,90.3,176.34,1271.75,2826.0,119.47,29.173,10380.77,2230.75,116.2,119.23,,82.038,0.9472
2873,2011-01-06,80.791,86.21,,920.1,84.6,3.403,0.147,103.9,,17.4,88.38,176.08,1270.25,2830.0,120.09,29.11,10529.76,2237.25,112.9,119.81,,83.189,0.9658
2874,2011-01-07,81.012,86.6,,918.55,83.73,3.326,0.1445,104.41,,17.14,88.03,175.72,1267.5,2803.0,120.97,28.661,10541.04,2234.0,107.5,120.67,,83.3,0.9659
2875,2011-01-10,80.881,86.7,,915.52,81.65,3.287,0.1471,104.43,,17.54,89.25,176.39,1265.5,2761.0,121.19,28.851,,2243.5,102.5,120.88,,83.03,0.9666
2876,2011-01-11,80.846,86.6,,915.25,79.82,3.34,0.152,104.3,,16.89,91.11,177.7,1270.5,2793.0,120.97,29.49,10510.68,2246.5,100.3,120.55,,82.73,0.966
2877,2011-01-12,80.031,86.55,,923.31,77.94,3.381,0.152,104.24,,16.24,91.86,177.89,1283.5,2872.0,120.78,29.532,10512.8,2265.5,98.3,120.56,,83.34,0.9735
2878,2011-01-13,79.191,86.76,,929.36,78.64,3.303,0.147,104.73,,16.39,91.4,178.04,1281.25,2911.0,121.47,29.252,10589.76,2263.75,96.4,121.11,,83.07,0.9671
2879,2011-01-14,79.162,86.64,,932.51,75.94,3.331,0.152,104.24,,15.46,91.54,174.63,1289.5,2921.0,120.91,28.309,10499.04,2281.0,96.4,120.86,,82.762,0.9639
2880,2011-01-17,79.337,,,,,3.315,0.1572,,,,,,,2908.0,121.36,28.318,10502.86,,,,,82.887,0.9637
2881,2011-01-18,78.962,86.55,,938.05,79.77,3.37,0.152,104.19,,15.87,91.38,175.6,1294.75,2943.0,120.44,28.901,10518.98,2291.75,97.6,120.59,,82.67,0.9646
2882,2011-01-19,78.64,86.67,,930.5,83.7,3.337,0.1648,104.29,,17.31,91.81,175.87,1278.5,2921.0,121.0,28.792,10557.1,2255.5,93.4,120.78,,82.612,0.9638
2883,2011-01-20,78.823,86.21,,923.35,82.69,3.455,0.1674,103.85,,17.99,89.59,172.81,1276.25,2925.0,119.47,27.459,10437.31,2242.5,97.8,119.83,,82.155,0.9558
2884,2011-01-21,78.213,86.38,,925.33,85.41,3.408,0.1699,104.25,,18.47,89.11,172.1,1279.75,2970.0,120.09,27.416,10274.52,2230.0,95.3,120.16,,82.92,0.9668
2885,2011-01-24,78.05,86.44,,931.47,82.97,3.404,0.157,104.23,,17.65,87.87,172.54,1288.5,2978.0,120.31,27.318,10345.11,2259.0,93.7,120.23,,82.586,0.9582
2886,2011-01-25,78.002,86.8,,938.6,82.67,3.33,0.157,104.74,,17.59,86.19,170.98,1287.5,2955.0,121.72,26.811,10464.42,2262.25,93.5,120.92,,82.542,0.9492
2887,2011-01-26,77.898,86.41,,941.43,79.43,3.421,0.1572,104.32,,16.64,87.33,171.07,1293.5,2967.0,120.06,27.132,10401.9,2279.5,93.3,120.25,,82.26,0.9421
2888,2011-01-27,77.727,86.62,,950.0,77.04,3.389,0.147,104.526,,16.15,85.64,169.18,1295.75,2993.0,120.72,27.045,10478.66,2284.0,93.2,120.67,,82.163,0.9426
2889,2011-01-28,78.133,86.83,,937.43,91.52,3.329,0.142,104.755,,20.04,89.34,171.99,1271.5,2958.0,121.44,27.934,10360.34,2229.0,90.3,121.16,,82.885,0.946
2890,2011-01-31,77.735,86.68,,946.28,86.08,3.374,0.152,104.44,,19.53,92.19,171.07,1282.5,2960.0,120.62,28.174,10237.92,2241.0,96.2,120.8,,82.089,0.9418
2891,2011-02-01,77.067,86.44,,954.06,84.48,3.435,0.1623,103.97,,17.63,90.77,171.81,1302.75,3003.0,119.94,28.524,10274.5,2283.5,97.2,120.3,,82.07,0.9432
2892,2011-02-02,77.158,86.22,,952.6,83.16,3.479,0.157,103.719,,17.3,90.86,170.76,1300.0,3011.0,119.53,28.299,10457.36,2280.75,102.5,119.89,,81.391,0.9352
2893,2011-02-03,77.748,86.02,,955.2,81.75,3.547,0.152,103.39,,16.69,90.54,173.44,1303.3,2990.0,119.09,28.733,10431.36,2282.75,102.3,119.44,,81.494,0.9396
2894,2011-02-04,78.044,85.6,,950.03,81.11,3.64,0.1572,103.25,,15.93,89.03,172.92,1307.25,3000.0,117.88,29.064,10543.52,2298.5,105.1,118.58,,81.65,0.9463
2895,2011-02-07,78.029,85.65,,957.14,80.54,3.64,0.147,103.406,,16.28,87.48,172.82,1315.75,3029.0,118.09,29.348,10592.04,2306.0,101.4,118.61,,82.22,0.9544
2896,2011-02-08,77.999,85.31,,959.59,78.93,3.737,0.152,103.2,,15.81,86.94,174.86,1321.75,3038.0,117.31,30.271,10635.98,2323.75,101.2,117.98,,82.289,0.9548
2897,2011-02-09,77.641,85.62,,959.38,82.11,3.652,0.137,103.61,,15.87,86.71,175.04,1319.25,3031.0,118.31,30.273,10617.83,2323.25,99.3,118.58,,82.303,0.9633
2898,2011-02-10,78.25,85.34,,957.29,83.73,3.702,0.117,103.24,,16.09,86.73,174.65,1318.75,3026.0,117.5,30.091,10605.65,2322.75,100.5,118.12,,82.419,0.9582
2899,2011-02-11,78.46,85.52,,961.1,84.5,3.638,0.117,103.66,,15.69,85.58,174.39,1327.25,3032.0,118.41,29.992,,2339.25,97.2,118.5,,83.34,0.9686
2900,2011-02-14,78.614,85.64,,961.01,82.67,3.621,0.117,103.68,,15.95,84.81,174.99,1327.75,3020.0,118.94,30.529,10725.54,2342.75,95.6,118.62,,83.444,0.9737
2901,2011-02-15,78.573,85.66,,959.12,84.38,3.604,0.1318,103.83,,16.37,84.32,176.14,1326.25,3030.0,118.97,30.693,10746.67,2342.5,94.7,118.64,,83.413,0.9705
2902,2011-02-16,78.223,85.63,,963.27,83.05,3.623,0.117,103.71,,16.72,84.99,176.27,1333.0,3068.0,118.94,30.63,10808.29,2353.0,95.5,118.59,,83.716,0.9659
2903,2011-02-17,77.995,85.83,,968.1,83.03,3.576,0.096,103.93,,16.59,86.36,177.55,1337.75,3065.0,119.44,31.572,10836.64,2354.5,94.4,119.02,,83.61,0.9591
2904,2011-02-18,77.664,85.8,136.43,972.35,85.47,3.582,0.096,104.08,,16.43,89.71,178.0,1342.5,3067.0,119.22,32.298,10842.8,2356.0,94.3,119.06,,83.29,0.9494
2905,2011-02-21,77.689,,,,,3.576,0.104,,,,,,,3012.0,119.78,34.078,10857.53,,,,,83.08,0.9439
2906,2011-02-22,77.768,86.31,125.9,962.04,99.18,3.459,0.106,104.52,,20.8,95.42,179.6,1314.5,2988.0,120.84,32.864,10664.7,2282.75,97.3,120.09,,83.066,0.9459
2907,2011-02-23,77.409,86.23,124.53,955.01,99.04,3.483,0.122,104.2701,,22.13,98.1,181.26,1305.5,2959.0,120.81,33.302,10579.1,2264.5,96.7,119.81,,82.76,0.9375
2908,2011-02-24,77.057,86.41,124.68,950.37,94.07,3.45,0.122,104.5,,21.32,97.28,181.49,1302.75,2951.0,121.53,33.179,10452.71,2269.25,96.9,120.05,,82.438,0.9319
2909,2011-02-25,77.275,86.49,128.76,967.44,86.17,3.416,0.1293,104.73,,19.22,97.88,180.65,1318.75,2983.0,121.72,32.898,10526.76,2306.75,93.1,120.17,,82.023,0.9248
2910,2011-02-28,76.889,86.62,129.37,985.53,81.78,3.422,0.142,104.98,,18.35,96.97,180.73,1326.0,3013.0,121.94,33.804,10624.09,2311.75,90.5,120.34,,81.622,0.928
2911,2011-03-01,77.049,86.66,122.43,967.37,89.28,3.403,0.142,104.54,,21.01,99.63,183.46,1301.0,2983.0,122.0,34.416,10754.03,2272.5,97.5,120.19,,81.873,0.9288
2912,2011-03-02,76.671,86.44,123.06,960.47,87.55,3.471,0.132,104.27,,20.7,102.23,184.29,1305.75,2961.0,121.06,34.825,10492.38,2284.25,96.6,120.06,,81.898,0.9283
2913,2011-03-03,76.483,85.97,125.71,970.52,82.36,3.555,0.1293,103.75,,18.6,101.91,181.56,1329.75,2966.0,119.97,34.313,10586.02,2332.75,100.4,119.23,,81.828,0.9234
2914,2011-03-04,76.4,86.34,125.9,968.4,81.48,3.494,0.1369,104.21,,19.06,104.42,183.13,1320.25,2946.0,120.81,35.317,10693.66,2320.75,94.6,120.0,,82.367,0.9319
2915,2011-03-07,76.496,86.33,122.95,963.47,84.32,3.516,0.107,104.0881,,20.66,105.44,183.88,1309.0,2932.0,120.78,35.855,10505.02,2285.5,94.6,120.03,,82.343,0.9261
2916,2011-03-08,76.798,86.15,123.37,970.0,80.84,3.546,0.112,104.03,,19.82,105.02,182.95,1320.0,2943.0,120.09,35.653,10525.19,2294.75,91.2,119.77,,82.292,0.9264
2917,2011-03-09,76.721,86.43,122.6,969.28,84.89,3.469,0.097,104.34,,20.22,104.38,183.26,1315.5,2933.0,120.94,36.043,10589.5,2271.5,90.9,120.31,,82.8,0.935
2918,2011-03-10,77.276,86.75,119.26,953.63,88.16,3.362,0.071,104.77,,21.88,102.7,181.07,1294.25,2908.0,121.91,35.064,10434.38,2244.0,94.2,120.95,,82.833,0.9298
2919,2011-03-11,76.776,86.76,118.54,958.37,83.21,3.402,0.076,104.8,,20.08,101.16,182.24,1306.0,2885.0,121.88,35.933,10254.43,2266.25,91.7,121.0,,82.918,0.9316
2920,2011-03-14,76.349,86.99,121.52,948.58,83.89,3.365,0.081,104.88,,21.13,101.19,182.64,1290.5,2854.0,122.34,35.825,9620.49,2253.0,90.8,121.52,,81.3,0.9283
2921,2011-03-15,76.328,87.09,121.52,932.52,89.68,3.301,0.102,104.83,,24.32,97.18,178.53,1275.25,2793.0,122.88,34.116,8605.15,2208.5,94.6,121.61,,81.82,0.9247
2922,2011-03-16,76.681,87.51,122.46,922.3,112.39,3.204,0.112,105.62,,29.4,97.98,178.95,1254.0,2729.0,124.06,34.471,9093.72,2172.0,103.6,122.47,,81.056,0.9179
2923,2011-03-17,76.041,87.35,125.85,934.34,101.45,3.257,0.081,105.23,,26.37,101.42,179.99,1268.75,2785.0,123.5,34.26,8962.67,2189.5,103.7,122.16,,79.128,0.9039
2924,2011-03-18,75.718,87.25,126.81,944.2,96.28,3.268,0.071,105.24,,24.44,101.07,181.51,1274.25,2798.0,123.34,35.06,9206.75,2185.0,100.3,121.95,,79.5,0.8993
2925,2011-03-21,75.401,87.06,124.59,955.6,89.17,3.326,0.0837,105.04,,20.61,103.09,182.83,1293.0,2780.0,123.06,36.002,,2218.0,95.6,121.53,,81.015,0.9036
2926,2011-03-22,75.409,87.03,120.83,955.11,87.39,3.328,0.0989,105.06,,20.21,104.97,182.99,1288.25,2779.0,122.94,36.271,9608.32,2220.75,91.9,121.2,,81.209,0.905
2927,2011-03-23,75.794,86.99,120.75,950.01,84.77,3.345,0.097,104.89,,19.17,105.75,184.33,1292.0,2787.0,121.28,37.202,9449.47,2228.5,91.7,120.45,,81.039,0.904
2928,2011-03-24,75.656,86.79,119.97,957.22,84.17,3.407,0.086,104.73,,18.0,105.6,183.93,1305.25,2835.0,120.75,37.388,9435.01,2272.0,90.1,119.5,,80.867,0.9079
2929,2011-03-25,76.217,86.58,121.43,960.63,84.53,3.441,0.086,104.52,,17.91,105.4,182.8,1310.0,2838.0,120.25,37.058,9536.13,2280.5,93.5,119.19,,81.014,0.9083
2930,2011-03-28,76.128,86.56,122.68,958.19,89.94,3.439,0.086,104.5771,,19.44,103.98,182.0,1302.25,2837.0,120.41,37.097,9478.53,2259.25,93.8,119.08,,81.76,0.9167
2931,2011-03-29,76.249,86.39,124.11,959.31,84.96,3.487,0.102,104.37,,18.16,104.79,181.51,1316.5,2835.0,119.75,36.977,9459.08,2286.0,91.8,118.77,,82.411,0.9206
2932,2011-03-30,76.118,86.55,123.5,970.17,82.75,3.444,0.102,104.51,,17.71,104.27,182.46,1324.0,2856.0,120.19,37.501,9708.79,2298.0,89.6,119.12,,83.15,0.9186
2933,2011-03-31,75.857,86.56,124.64,976.15,82.51,3.468,0.092,104.35,,17.74,106.72,184.38,1321.0,2844.0,120.19,37.872,9755.1,2299.75,90.9,119.03,,83.36,0.9194
2934,2011-04-01,75.833,86.55,128.64,977.39,81.98,3.45,0.066,104.28,,17.4,107.94,182.97,1327.75,2885.0,120.38,37.737,9708.39,2302.0,87.5,118.97,,84.06,0.9238
2935,2011-04-04,75.912,86.68,128.05,978.49,81.84,3.425,0.041,104.4,,17.5,108.47,183.49,1329.25,2884.0,120.38,38.484,9718.89,2304.0,85.4,119.22,,84.13,0.9229
2936,2011-04-05,75.882,86.45,128.06,979.44,81.44,3.487,0.071,104.31,,17.25,108.34,185.99,1326.75,2877.0,119.84,39.175,9615.55,2286.75,85.1,118.77,,85.16,0.9256
2937,2011-04-06,75.514,86.22,125.18,981.29,83.22,3.549,0.0684,103.99,,16.9,108.83,186.76,1329.0,2897.0,118.97,39.384,9584.37,2289.0,89.7,118.38,,85.32,0.9178
2938,2011-04-07,75.585,86.23,126.46,971.24,82.39,3.549,0.041,103.95,,17.11,110.3,186.86,1328.5,2889.0,118.66,39.542,9590.93,2292.75,88.8,118.47,,84.96,0.9161
2939,2011-04-08,75.066,86.17,125.92,971.04,83.43,3.583,0.041,103.81,,17.87,112.79,188.76,1323.75,2904.0,118.53,40.6,9768.08,2281.5,88.5,118.38,,84.72,0.9061
2940,2011-04-11,75.056,86.19,122.94,969.22,84.16,3.587,0.041,103.89,,16.59,109.92,187.99,1319.5,2902.0,118.5,40.604,9719.7,2271.5,85.8,118.45,,84.63,0.9065
2941,2011-04-12,74.853,86.52,121.94,963.38,85.36,3.492,0.0532,104.18,,17.09,106.25,186.13,1308.25,2856.0,119.34,40.058,9555.26,2256.5,85.2,119.09,,83.6,0.8968
2942,2011-04-13,74.98,86.67,124.55,965.08,86.04,3.458,0.056,104.51,,16.92,107.11,186.39,1308.75,2874.0,119.81,40.235,9641.18,2272.0,83.9,119.39,,83.783,0.8959
2943,2011-04-14,74.685,86.59,125.09,973.52,86.07,3.496,0.071,104.16,,16.27,108.11,188.54,1310.25,2846.0,119.69,41.661,9653.92,2264.25,82.2,119.2,,83.783,0.8959
2944,2011-04-15,74.832,86.93,130.45,983.02,85.72,3.414,0.066,104.83,,15.32,109.66,190.28,1318.75,2844.0,120.81,42.566,9591.52,2273.25,81.5,119.81,,83.13,0.8926
2945,2011-04-18,75.504,87.13,129.37,971.26,89.11,3.38,0.061,105.06,,16.96,107.12,191.16,1301.0,2776.0,121.16,42.957,9556.65,2253.5,82.8,120.19,,82.34,0.8959
2946,2011-04-19,75.029,87.18,129.4,978.5,85.73,3.365,0.0659,105.28,,15.83,108.28,191.45,1308.5,2781.0,121.47,43.919,9441.03,2274.5,80.2,120.25,,82.58,0.8991
2947,2011-04-20,74.368,87.02,131.13,993.26,86.21,3.408,0.061,105.1,,15.07,111.45,191.93,1328.25,2845.0,121.0,44.465,9606.82,2318.5,77.4,119.91,,82.44,0.8886
2948,2011-04-21,73.995,86.99,131.78,1003.34,87.71,3.395,0.056,105.12,,14.69,112.29,192.56,1331.0,2869.0,121.03,46.062,9685.77,2339.0,76.6,119.98,,81.897,0.8861
2949,2011-04-22,73.995,,,,,3.394,0.0583,,,,,,,2869.0,120.99,46.62,9682.21,,,,,81.845,0.8862
2950,2011-04-25,73.986,87.16,130.88,1007.53,87.68,3.363,0.051,105.38,,15.77,112.28,193.24,1330.75,,121.5,47.151,9671.96,2341.0,74.8,120.33,,81.84,0.8809
2951,2011-04-26,73.837,87.37,127.45,1015.25,85.72,3.309,0.0684,105.584,,15.62,112.21,192.52,1341.0,2888.0,122.16,45.058,9558.69,2348.25,81.3,120.67,,81.511,0.8702
2952,2011-04-27,73.519,87.21,126.93,1018.31,83.21,3.359,0.061,105.54,,15.35,112.76,194.26,1351.0,2912.0,121.38,45.964,9691.84,2372.5,79.2,120.42,,82.204,0.875
2953,2011-04-28,73.121,87.47,124.99,1031.38,82.89,3.312,0.041,105.72,,14.62,112.86,196.07,1355.0,2941.0,122.12,47.52,9849.74,2365.25,76.8,120.95,,81.53,0.8729
2954,2011-04-29,72.933,87.55,127.45,1030.2,83.98,3.29,0.0482,105.98,,14.75,113.93,199.29,1359.75,2947.0,122.38,48.584,,2364.25,76.8,121.14,,81.23,0.8657
2955,2011-05-02,72.951,87.62,124.15,1033.04,88.5,3.281,0.036,105.62,,15.99,113.52,199.38,1357.75,2954.0,122.59,46.078,10004.2,2365.0,76.3,121.23,,81.18,0.8647
2956,2011-05-03,73.14,87.74,127.49,1026.03,90.62,3.251,0.031,105.75,,16.7,111.05,197.25,1352.0,2942.0,123.09,42.576,,2353.25,80.1,121.44,,80.969,0.861
2957,2011-05-04,73.031,87.85,125.29,1018.31,91.39,3.221,0.025,105.81,,17.08,109.24,194.03,1343.0,2899.0,123.53,39.383,,2347.5,80.2,121.64,,80.64,0.861
2958,2011-05-05,74.194,88.06,124.89,1011.49,95.08,3.154,0.015,106.19,,18.2,99.8,189.69,1335.0,2879.0,124.28,36.231,,2342.5,83.4,122.06,,80.417,0.8699
2959,2011-05-06,74.841,88.12,124.61,1007.56,94.43,3.148,0.01,106.09,,18.4,97.18,191.0,1334.5,2917.0,124.31,35.283,9859.2,2337.0,84.1,122.28,,80.63,0.8788
2960,2011-05-09,74.737,88.19,124.67,1006.45,90.86,3.157,0.01,106.15,,17.16,102.55,192.48,1342.75,2871.0,124.44,37.11,9794.38,2350.0,82.4,122.47,,80.242,0.8712
2961,2011-05-10,74.611,87.98,126.23,1019.37,87.56,3.214,0.031,105.89,,15.91,103.88,194.24,1353.75,2906.0,123.88,38.48,9818.76,2372.75,80.1,122.09,,81.011,0.8801
2962,2011-05-11,75.327,88.16,126.23,1011.44,96.25,3.157,0.025,106.07,,16.95,98.21,192.25,1338.75,2913.0,124.41,35.509,9864.26,2357.0,83.2,122.42,,81.01,0.886
2963,2011-05-12,75.24,87.99,122.59,1008.05,93.57,3.226,0.025,105.78,,16.03,98.97,192.93,1347.5,2884.0,123.81,34.793,9716.65,2370.5,81.9,122.17,,81.04,0.8842
2964,2011-05-13,75.757,88.16,121.9,1001.58,93.86,3.169,0.025,106.15,,17.07,99.65,191.24,1334.0,2868.0,124.44,35.011,9648.77,2333.5,82.1,122.5,,80.79,0.8925
2965,2011-05-16,75.47,88.36,123.58,1001.4,94.44,3.147,0.025,106.4,,18.24,97.37,190.86,1325.5,2857.0,124.97,34.129,9558.3,2298.0,80.3,122.75,,80.782,0.8844
2966,2011-05-17,75.399,88.5,121.14,998.54,93.64,3.114,0.041,106.44,,17.55,96.91,189.5,1325.5,2835.0,125.44,33.488,9567.02,2300.75,78.1,122.94,,81.421,0.8789
2967,2011-05-18,75.475,88.26,121.14,1009.15,90.7,3.184,0.041,106.12,,16.23,100.1,191.54,1338.5,2846.0,124.72,35.094,9662.08,2325.0,77.9,122.53,,81.661,0.8809
2968,2011-05-19,75.123,88.28,127.16,1013.21,87.53,3.173,0.048,106.39,,15.52,98.93,191.09,1341.75,2865.0,124.62,34.927,9620.82,2332.5,79.8,122.61,,81.714,0.8812
2969,2011-05-20,75.435,88.36,129.15,1006.56,90.23,3.147,0.046,106.43,,17.43,100.1,193.19,1327.75,2836.0,124.84,35.082,9607.08,2307.0,79.8,122.81,,81.71,0.8775
2970,2011-05-23,76.104,88.45,124.78,993.58,92.08,3.129,0.051,106.54,,18.27,97.7,194.02,1315.25,2792.0,125.09,34.901,9460.63,2279.0,78.0,123.0,,81.957,0.8841
2971,2011-05-24,75.882,88.5,123.13,997.14,88.47,3.116,0.056,106.61,,17.82,99.59,195.02,1313.5,2793.0,125.28,36.121,9477.17,2265.25,76.7,123.08,,82.048,0.8799
2972,2011-05-25,75.932,88.49,123.14,999.36,85.29,3.129,0.051,106.4199,,17.07,101.32,195.47,1316.5,2810.0,125.06,37.64,9422.88,2273.0,75.8,123.14,,82.022,0.8723
2973,2011-05-26,75.549,88.81,125.43,1011.14,81.48,3.059,0.051,106.38,,16.09,100.23,194.94,1326.5,2794.0,125.97,37.326,9562.05,2288.75,74.3,123.75,,81.27,0.8654
2974,2011-05-27,74.954,88.8,125.43,1021.51,81.46,3.072,0.046,106.38,,15.98,100.59,196.68,1330.0,2814.0,125.88,37.857,9521.94,2296.0,73.9,123.86,,80.795,0.8494
2975,2011-05-30,74.958,,,,,3.062,0.0532,,,,,,,2810.0,124.77,38.235,9504.97,,,,,80.88,0.8507
2976,2011-05-31,74.638,88.92,123.91,1035.28,80.92,3.059,0.051,106.52,,15.45,102.7,196.62,1344.0,2857.0,126.16,38.303,9693.73,2335.25,71.5,124.03,,81.453,0.8529
2977,2011-06-01,74.677,89.25,119.33,1029.5601,87.59,2.944,0.0558,106.63,,18.3,100.29,197.44,1312.0,2828.0,127.25,37.689,9719.61,2283.0,72.9,124.73,,80.894,0.8417
2978,2011-06-02,74.333,88.96,119.2,1008.11,85.22,3.032,0.041,105.96,,18.09,100.4,196.09,1312.5,2783.0,126.19,36.2,9555.04,2289.5,76.6,124.39,,80.97,0.8429
2979,2011-06-03,73.783,89.11,116.8,1014.08,85.54,2.991,0.036,106.14,,17.95,100.22,197.33,1296.25,2783.0,126.56,36.187,9492.21,2251.0,75.9,124.73,,80.28,0.8335
2980,2011-06-06,73.952,89.09,116.02,1002.61,88.15,2.997,0.036,106.01,,18.49,99.01,197.95,1285.0,2765.0,126.34,36.776,9380.35,2237.5,75.8,124.75,,80.12,0.835
2981,2011-06-07,73.521,89.09,116.07,1010.43,83.72,2.995,0.0482,106.35,,18.07,99.09,197.54,1284.75,2774.0,126.22,37.04,9442.95,2237.25,73.5,124.66,,80.17,0.8366
2982,2011-06-08,73.93,89.35,118.76,1005.11,88.98,2.946,0.0456,106.42,,18.79,100.74,196.86,1277.0,2749.0,126.94,36.619,9449.46,2211.5,77.5,125.09,,79.89,0.8356
2983,2011-06-09,74.192,89.18,117.27,999.19,85.65,2.997,0.041,106.19,,17.77,101.93,197.37,1287.5,2773.0,126.5,37.423,9467.15,2216.0,77.3,124.66,,80.29,0.8411
2984,2011-06-10,74.795,89.3,122.65,980.63,93.34,2.973,0.0482,106.16,,18.86,99.29,195.65,1269.25,2734.0,126.97,36.326,9514.44,2184.75,78.1,124.92,,80.33,0.8431
2985,2011-06-13,74.512,89.23,120.99,983.41,98.35,2.984,0.0507,106.11,,19.61,97.3,193.91,1266.25,2737.0,126.69,34.736,9448.21,2186.75,76.4,124.77,,80.176,0.8368
2986,2011-06-14,74.332,88.8,125.3,996.61,91.74,3.101,0.051,105.63,,18.26,99.37,195.03,1284.5,2778.0,125.19,35.41,9547.79,2214.25,82.5,123.98,,80.54,0.8445
2987,2011-06-15,75.601,89.34,124.32,984.22,105.07,2.975,0.051,106.128,,21.32,94.81,195.26,1260.0,2733.0,126.78,35.406,9574.32,2172.25,85.9,125.11,,80.88,0.8524
2988,2011-06-16,75.752,89.55,122.35,984.15,100.39,2.926,0.0532,106.33,,22.73,94.95,195.74,1263.5,2730.0,127.62,35.553,9411.28,2162.75,87.9,125.58,,80.577,0.8484
2989,2011-06-17,74.988,89.41,122.35,989.35,95.31,2.944,0.031,106.27,,21.85,93.01,196.91,1266.0,2745.0,127.19,35.739,9351.4,2157.5,85.3,125.38,,80.055,0.849
2990,2011-06-20,75.029,89.38,117.44,995.35,90.25,2.956,0.025,106.25,,19.99,93.26,197.28,1273.75,2751.0,127.09,36.065,9354.32,2167.25,82.5,125.31,,80.234,0.8449
2991,2011-06-21,74.541,89.31,116.52,1004.21,90.55,2.98,0.025,106.12,,18.86,94.17,197.85,1288.0,2803.0,126.94,36.373,9459.66,2211.25,80.9,125.25,,80.221,0.8421
2992,2011-06-22,74.783,89.29,114.74,1001.33,91.71,2.98,0.013,106.17,,18.52,95.41,198.74,1279.75,2799.0,125.38,36.734,9629.43,2196.75,79.0,123.66,,80.383,0.8409
2993,2011-06-23,75.447,89.66,116.79,982.2,93.09,2.914,0.008,106.42,,19.29,91.02,194.53,1277.0,2731.0,126.44,35.005,9596.74,2204.75,83.6,124.34,,80.44,0.8377
2994,2011-06-24,75.665,89.77,115.92,981.45,99.14,2.871,0.015,106.54,,21.1,91.16,192.02,1264.0,2720.0,126.59,34.641,9678.71,2175.0,84.8,124.73,,80.43,0.8334
2995,2011-06-27,75.392,89.46,119.46,983.45,94.29,2.929,0.02,106.06,,20.56,90.61,191.45,1276.25,2725.0,125.5,33.58,9578.31,2216.25,83.8,124.41,,80.85,0.834
2996,2011-06-28,75.063,88.97,122.15,990.6,90.33,3.034,0.031,105.59,,19.17,92.89,191.94,1294.5,2752.0,124.22,33.633,9648.98,2251.25,89.4,123.33,,81.08,0.8326
2997,2011-06-29,74.691,88.78,128.73,1000.6,85.9,3.121,0.023,105.41,,17.27,94.77,193.24,1304.25,2804.0,123.56,34.75,9797.26,2261.25,87.2,122.84,,80.71,0.8331
2998,2011-06-30,74.303,88.62,122.09,1006.26,81.08,3.16,0.02,105.43,,16.52,95.42,192.27,1315.5,2848.0,123.03,34.812,9816.09,2288.25,88.9,122.33,,80.6,0.8411
2999,2011-07-01,74.349,88.46,119.63,1019.63,78.64,3.182,0.018,105.18,,15.87,94.94,189.68,1334.75,2874.0,122.69,33.694,9868.07,2322.5,90.5,121.98,,80.835,0.8479
3000,2011-07-04,74.275,,,,,3.2,0.0152,,,,,,,2869.0,122.74,34.097,9965.09,,,,,80.74,0.8472
3001,2011-07-05,74.691,88.75,121.78,1024.42,81.34,3.119,0.005,105.51,,16.06,96.89,193.53,1336.75,2855.0,123.19,35.402,9972.46,2339.25,90.7,122.66,,81.07,0.8406
3002,2011-07-06,75.122,88.93,121.51,1027.3101,82.69,3.11,0.01,105.63,,16.34,96.65,195.65,1335.75,2832.0,123.66,35.911,10082.48,2342.5,89.0,122.98,,80.938,0.8393
3003,2011-07-07,74.957,88.69,121.86,1035.1899,80.7,3.141,0.028,105.57,,15.95,98.67,195.82,1351.75,2850.0,123.28,36.528,10071.14,2382.75,90.4,122.47,,81.23,0.8447
3004,2011-07-08,75.179,89.28,119.68,1032.4,80.82,3.025,0.028,106.18,,15.95,96.2,197.23,1341.75,2793.0,124.97,36.536,10137.73,2375.75,85.8,123.72,,80.64,0.8363
3005,2011-07-11,75.989,89.67,123.08,1013.22,90.87,2.924,0.02,106.62,,18.39,95.15,198.2,1318.5,2710.0,126.19,35.689,10069.53,2334.25,88.4,124.55,,80.29,0.8357
3006,2011-07-12,75.809,89.71,119.21,1010.33,88.39,2.877,0.031,106.77,,19.87,97.43,199.88,1310.75,2694.0,126.47,35.629,9925.92,2311.75,90.3,124.62,,79.318,0.8314
3007,2011-07-13,75.208,89.78,124.79,1013.18,88.92,2.884,0.005,107.0,,19.91,98.05,202.84,1312.25,2719.0,126.72,38.148,9963.14,2311.75,88.1,124.8,,78.92,0.8109
3008,2011-07-14,75.253,89.57,126.63,1004.51,95.72,2.953,0.01,106.32,,20.8,95.69,203.31,1306.75,2701.0,125.81,38.689,9936.12,2301.25,89.1,124.44,,79.18,0.8152
3009,2011-07-15,75.126,89.68,129.24,1010.54,89.33,2.908,0.008,106.5,,19.53,97.24,203.41,1315.0,2681.0,126.03,39.063,9974.47,2322.75,90.4,124.86,,79.125,0.8152
3010,2011-07-18,75.483,89.66,123.92,1001.61,97.81,2.92,0.01,106.17,,20.95,95.93,205.0,1300.5,2630.0,125.69,40.333,,2307.25,89.6,124.92,,79.05,0.8174
3011,2011-07-19,75.221,89.8,126.12,1015.36,91.01,2.878,0.031,106.65,,19.21,97.5,204.83,1321.25,2658.0,126.62,40.211,9889.72,2356.25,88.8,124.92,,79.126,0.8241
3012,2011-07-20,74.792,89.61,122.97,1024.13,86.06,2.931,0.031,106.56,,19.09,98.4,204.31,1321.25,2705.0,125.88,39.546,10005.9,2349.0,85.1,124.59,,78.754,0.8229
3013,2011-07-21,74.015,89.33,122.42,1033.3101,81.68,3.014,0.041,106.24,,17.56,99.13,203.04,1342.5,2765.0,125.09,38.937,10010.39,2377.25,89.0,124.0,,78.584,0.8173
3014,2011-07-22,74.201,89.53,121.59,1037.46,82.45,2.964,0.036,106.74,,17.52,99.87,204.91,1341.0,2773.0,125.84,40.113,10132.11,2395.25,84.3,124.33,,78.535,0.8187
3015,2011-07-25,74.064,89.36,119.45,1030.03,90.2,3.004,0.041,106.325,,19.35,99.2,206.28,1333.5,2748.0,125.06,40.354,10050.01,2390.75,86.8,124.12,,78.3,0.8067
3016,2011-07-26,73.474,89.59,120.12,1034.13,93.35,2.955,0.071,106.72,,20.23,99.59,206.9,1326.25,2745.0,125.84,40.691,10097.72,2390.75,84.8,124.53,,77.914,0.8015
3017,2011-07-27,74.087,89.47,119.44,1013.11,102.01,2.982,0.071,106.41,,22.98,97.4,206.65,1299.0,2695.0,125.66,40.553,10047.19,2325.0,89.1,124.23,,77.93,0.8014
3018,2011-07-28,74.222,89.61,120.36,1011.49,105.62,2.955,0.076,106.65,,23.74,97.44,206.51,1296.75,2697.0,126.06,39.779,9901.35,2337.25,86.5,124.5,,77.73,0.8012
3019,2011-07-29,73.897,90.23,120.65,1011.26,106.57,2.793,0.099,107.55,,25.25,95.7,208.42,1288.5,2674.0,128.12,40.092,9833.03,2326.5,88.0,125.69,,76.755,0.7856
3020,2011-08-01,74.262,90.48,118.64,1000.51,95.89,2.753,0.081,107.52,,23.66,94.89,207.21,1279.75,2608.0,129.0,39.298,9965.01,2313.25,84.1,126.14,,77.46,0.7848
3021,2011-08-02,74.513,91.01,116.08,977.56,102.01,2.613,0.064,108.351,,24.79,93.79,210.12,1247.25,2553.0,130.81,40.081,9844.59,2255.5,87.1,126.95,,77.335,0.7651
3022,2011-08-03,74.044,91.09,117.27,969.26,98.58,2.615,0.028,108.43,,23.38,91.93,212.91,1254.5,2497.0,131.28,41.747,9637.14,2269.75,85.5,127.05,,77.112,0.7705
3023,2011-08-04,75.124,91.71,113.17,927.54,121.76,2.407,0.008,109.12,,31.66,86.63,211.98,1198.75,2409.0,133.5,39.418,9659.18,2176.75,91.0,128.0,,79.29,0.7659
3024,2011-08-05,74.598,91.22,119.36,900.63,118.61,2.563,0.008,108.1,,32.0,86.88,211.06,1197.75,2380.0,132.19,38.197,9299.88,2154.25,100.7,127.05,,78.4,0.7676
3025,2011-08-08,74.791,92.01,121.06,836.37,134.63,2.316,0.025,107.07,,48.0,81.31,218.9,1111.25,2299.0,135.28,39.374,9097.56,2005.25,117.8,128.58,,77.585,0.7539
3026,2011-08-09,74.605,92.63,124.51,889.4,112.8,2.275,0.051,108.1,,35.06,79.3,222.71,1171.75,2300.0,137.19,37.877,8944.48,2122.25,107.7,129.83,,77.05,0.7228
3027,2011-08-10,74.636,92.76,118.65,875.25,132.86,2.095,0.02,108.6483,,42.99,82.89,227.99,1123.5,2154.0,138.22,39.325,9038.74,2052.25,98.9,130.06,,76.759,0.7262
3028,2011-08-11,74.677,92.02,119.99,908.48,128.76,2.333,0.02,106.47,,39.0,85.72,223.79,1168.5,2216.0,135.22,38.656,8981.94,2125.25,107.9,129.22,,76.86,0.7618
3029,2011-08-12,74.607,92.43,119.79,912.25,120.19,2.26,0.01,107.39,,36.36,85.38,222.66,1176.75,2301.0,136.94,39.101,8963.72,2144.75,109.1,129.88,,76.695,0.778
3030,2011-08-15,73.836,92.26,121.76,942.27,109.0,2.308,0.01,107.44,,31.87,87.88,224.63,1198.5,2322.0,136.16,39.298,9086.41,2173.75,99.8,129.56,,76.84,0.7842
3031,2011-08-16,74.01,92.6,122.41,939.44,104.66,2.225,0.025,107.9,,32.85,86.65,228.08,1192.25,2321.0,137.06,39.821,9107.43,2166.25,92.0,130.08,,76.754,0.7956
3032,2011-08-17,73.674,92.84,126.16,946.29,104.62,2.167,0.015,108.63,,31.58,87.58,229.2,1190.0,2330.0,137.94,40.35,9057.26,2142.5,87.8,130.36,,76.547,0.7894
3033,2011-08-18,74.244,93.2,124.44,908.06,106.66,2.068,0.01,108.69,,42.67,82.38,232.8,1143.5,2203.0,139.62,40.687,8943.76,2049.25,95.0,130.78,,76.637,0.7941
3034,2011-08-19,74.009,93.29,124.05,893.63,111.58,2.068,0.01,108.71,,43.05,82.26,236.66,1124.0,2160.0,140.22,42.428,8719.24,2008.25,100.3,130.8,,76.545,0.7851
3035,2011-08-22,74.074,93.24,119.4,894.38,111.25,2.109,0.01,108.52,,42.44,84.42,241.73,1123.25,2181.0,140.16,43.321,8628.13,2011.25,104.2,130.59,,76.832,0.7895
3036,2011-08-23,73.894,93.0,124.05,911.09,103.43,2.158,0.01,107.34,,36.27,85.44,237.82,1158.5,2197.0,139.03,42.281,8733.01,2091.25,105.5,130.33,,76.66,0.7929
3037,2011-08-24,74.012,92.48,123.37,920.04,104.54,2.294,0.01,106.4629,,35.9,85.16,224.54,1172.0,2234.0,136.84,39.157,8639.61,2106.25,105.8,129.58,,77.053,0.7952
3038,2011-08-25,74.279,92.68,120.81,907.33,112.4,2.234,0.005,107.48,,39.76,85.3,225.29,1157.5,2213.0,137.56,40.74,8772.36,2078.25,107.7,129.98,,77.435,0.794
3039,2011-08-26,73.814,92.89,122.97,914.54,104.72,2.19,0.005,107.22,,35.59,85.37,229.65,1176.0,2184.0,138.16,40.947,8797.78,2131.25,101.5,130.28,,76.63,0.8063
3040,2011-08-29,73.721,92.56,122.97,941.03,96.51,2.264,0.01,107.52,,32.28,87.27,228.92,1208.0,2237.0,136.81,40.541,8851.35,2187.25,98.0,129.72,,76.933,0.8167
3041,2011-08-30,73.946,93.0,119.9,946.16,96.16,2.176,0.01,107.93,,32.89,88.9,233.8,1204.75,2237.0,138.56,41.398,8953.9,2194.25,99.2,130.39,,76.701,0.8191
3042,2011-08-31,74.117,92.75,120.01,957.17,94.16,2.234,0.02,107.91,,31.62,88.81,234.04,1217.75,2296.0,137.31,41.699,8955.2,2208.0,97.9,130.03,,76.73,0.8067
3043,2011-09-01,74.479,93.07,120.23,948.36,92.31,2.132,0.015,108.12,,31.82,88.93,233.71,1201.25,2298.0,138.69,41.482,9060.8,2184.5,98.8,130.61,,76.86,0.795
3044,2011-09-02,74.756,93.66,119.33,929.4,91.0,1.994,0.02,108.77,,33.92,86.45,239.82,1169.25,2218.0,141.56,43.02,8950.74,2132.0,99.4,131.3,,76.8,0.7883
3045,2011-09-05,75.112,,,,,1.988,0.0304,,,37.81,,,,2112.0,141.49,43.067,8784.46,,,,,76.902,0.7855
3046,2011-09-06,75.952,93.79,121.04,915.19,97.01,1.982,0.02,108.81,,37.0,86.02,239.36,1164.5,2082.0,142.03,41.818,8590.57,2132.5,103.1,131.22,,77.618,0.8615
3047,2011-09-07,75.467,93.49,118.75,941.54,93.3,2.041,0.02,108.89,,33.38,89.34,232.24,1199.0,2149.0,140.75,41.572,8763.41,2189.25,100.6,130.89,,77.301,0.8586
3048,2011-09-08,76.246,93.7,118.59,938.47,93.45,1.977,0.015,108.86,,34.32,89.05,237.34,1185.75,2162.0,141.34,42.479,8793.12,2184.0,99.4,131.23,,77.508,0.8743
3049,2011-09-09,77.192,94.01,116.9,910.59,99.07,1.915,0.01,108.95,,38.52,87.24,237.59,1158.0,2071.0,142.5,41.573,8737.66,2136.25,100.7,131.77,,77.58,0.8838
3050,2011-09-12,77.578,93.93,117.23,904.42,97.07,1.947,0.01,108.58,,38.59,88.19,231.69,1157.25,1998.0,142.59,40.164,8535.67,2162.25,99.2,131.47,,77.18,0.8816
3051,2011-09-13,76.919,93.64,118.05,904.44,96.14,1.992,0.01,108.46,,36.91,90.21,233.84,1165.25,2029.0,141.44,41.123,8616.55,2188.0,97.5,131.06,,76.932,0.8799
3052,2011-09-14,76.833,93.64,115.73,903.31,100.22,1.992,0.01,108.5271,,34.6,88.91,233.38,1182.25,2082.0,141.56,40.469,8518.57,2219.25,96.6,130.89,,76.677,0.8761
3053,2011-09-15,76.241,93.39,120.0,919.4,96.69,2.083,0.005,108.08,,31.97,89.4,227.62,1204.25,2153.0,140.41,39.453,8668.86,2257.0,97.3,130.41,,76.734,0.8708
3054,2011-09-16,76.599,93.45,123.27,929.2,93.67,2.057,0.002,108.11,,30.98,87.96,231.87,1211.75,2175.0,140.72,40.781,8864.16,2280.25,97.6,130.48,,76.795,0.8757
3055,2011-09-19,77.146,94.08,120.76,907.1,95.95,1.956,0.005,108.56,,32.73,85.7,227.3,1197.75,2091.0,142.94,39.11,,2274.0,99.6,131.42,,76.596,0.886
3056,2011-09-20,77.02,94.01,120.61,908.52,92.9,1.937,0.01,108.56,,32.86,86.92,231.15,1196.0,2129.0,142.62,40.081,8721.24,2269.5,99.9,131.34,,76.463,0.8874
3057,2011-09-21,77.342,94.41,120.18,877.38,98.58,1.856,0.01,108.91,,37.32,85.92,231.03,1155.75,2088.0,143.25,40.42,8741.16,2218.5,93.3,131.67,,76.538,0.8994
3058,2011-09-22,78.455,95.23,119.37,846.4,103.91,1.718,0.005,109.03,,41.35,80.51,222.54,1123.5,1987.0,146.06,36.538,8560.26,2147.5,103.4,131.75,,76.306,0.9075
3059,2011-09-23,78.501,94.79,118.24,851.41,104.77,1.83,0.005,108.27,,41.25,79.85,209.52,1129.75,2013.0,144.72,30.051,,2175.0,104.5,130.97,,76.61,0.9059
3060,2011-09-26,78.363,94.3,120.34,857.4,102.89,1.904,0.01,108.04,,39.02,80.24,203.77,1158.5,2074.0,142.81,29.927,8374.13,2199.0,107.4,130.34,,76.336,0.902
3061,2011-09-27,77.506,93.83,119.55,875.03,100.31,1.98,0.015,107.65,,37.71,84.45,211.15,1169.5,2178.0,140.78,31.497,8609.95,2227.0,107.3,129.56,,76.808,0.8965
3062,2011-09-28,77.852,93.91,118.21,858.15,104.3,1.987,0.01,107.32,,41.08,81.21,206.75,1148.75,2166.0,140.94,30.085,8615.65,2191.5,103.1,129.67,,76.54,0.9012
3063,2011-09-29,78.028,94.17,118.97,866.0,101.05,2.002,0.015,107.14,,38.84,82.14,206.65,1156.25,2201.0,142.09,30.472,8701.23,2162.5,100.4,129.98,,76.765,0.8976
3064,2011-09-30,78.553,94.38,114.83,846.06,101.08,1.917,0.015,107.76,,42.96,79.2,207.29,1126.0,2156.0,142.62,30.041,8700.29,2107.5,100.6,130.09,,77.065,0.9081
3065,2011-10-03,79.431,95.06,113.09,813.17,103.89,1.749,0.015,107.59,,45.45,77.61,211.81,1086.25,2130.0,145.28,30.75,8545.48,2038.25,105.7,130.98,,76.592,0.9201
3066,2011-10-04,79.597,95.04,115.28,826.25,99.31,1.817,0.01,107.0,,40.82,75.67,206.48,1113.5,2084.0,145.38,29.795,8456.12,2086.5,109.0,130.95,,76.76,0.919
3067,2011-10-05,78.919,94.51,113.87,825.35,94.66,1.891,0.005,107.26,,37.81,79.68,209.75,1135.0,2166.0,143.56,30.317,8382.98,2140.5,108.9,130.11,,76.782,0.9237
3068,2011-10-06,78.634,94.18,115.42,849.56,93.52,1.992,0.005,107.04,,36.27,82.59,211.23,1157.5,2236.0,142.44,31.97,8522.02,2177.75,108.7,129.52,,76.658,0.9198
3069,2011-10-07,78.726,93.82,116.1,840.12,92.57,2.076,0.01,106.74,,36.2,82.98,209.01,1155.0,2259.0,141.31,30.958,8605.62,2174.75,106.4,128.89,,76.73,0.9271
3070,2011-10-10,77.494,,116.81,869.52,89.39,2.07,0.01,106.78,,33.02,85.41,213.48,1191.0,2310.0,138.69,31.944,,2249.75,,127.59,,76.66,0.9042
3071,2011-10-11,77.585,93.43,118.91,858.44,90.98,2.158,0.01,106.97,,32.86,85.81,212.23,1189.5,2302.0,139.88,31.963,8773.68,2261.5,106.8,128.23,,76.667,0.9084
3072,2011-10-12,76.994,93.13,121.6,875.35,91.34,2.212,0.02,107.06,,31.26,85.57,214.99,1198.25,2359.0,138.56,32.754,8738.9,2269.5,108.3,127.92,,77.18,0.8947
3073,2011-10-13,76.996,93.46,121.98,870.54,95.1,2.182,0.02,107.2,,30.7,84.23,213.19,1198.0,2319.0,139.53,31.633,8823.25,2299.0,106.8,128.44,,76.88,0.8996
3074,2011-10-14,76.623,93.22,121.9,888.47,94.69,2.251,0.02,107.03,,28.24,86.8,215.04,1219.25,2343.0,138.41,32.14,8747.96,2340.25,109.2,128.12,,77.225,0.8917
3075,2011-10-17,77.146,93.56,124.46,872.43,103.55,2.155,0.025,107.12,,33.39,86.38,214.22,1194.0,2310.0,139.75,31.791,8879.6,2294.0,108.4,128.72,,76.831,0.8981
3076,2011-10-18,77.138,93.57,127.99,887.29,100.21,2.175,0.028,107.5,,31.56,88.34,211.18,1223.0,2296.0,139.59,31.801,8741.91,2336.75,107.5,128.83,,76.777,0.8994
3077,2011-10-19,77.114,93.54,122.57,884.22,103.29,2.157,0.025,107.83,,34.44,86.29,210.44,1206.5,2321.0,139.47,31.252,8772.54,2291.0,105.0,128.84,,76.8,0.9029
3078,2011-10-20,76.974,93.43,122.57,879.5,102.97,2.187,0.02,108.07,,34.78,86.07,206.09,1210.0,2267.0,139.0,30.266,8682.15,2274.0,105.9,128.7,,76.86,0.8938
3079,2011-10-21,76.395,93.3,127.19,906.13,98.05,2.216,0.0305,108.21,,31.32,87.4,209.05,1235.25,2328.0,138.5,31.173,8678.89,2307.25,107.5,128.66,,76.29,0.883
3080,2011-10-24,76.028,93.18,124.85,924.01,97.13,2.234,0.01,108.4,,29.26,91.27,211.12,1247.0,2364.0,138.09,31.62,8843.98,2347.75,103.6,128.34,,76.132,0.8805
3081,2011-10-25,76.122,93.72,122.65,909.48,97.75,2.114,0.02,109.03,,32.22,93.17,217.27,1224.5,2334.0,140.06,33.034,8762.31,2294.75,102.1,129.12,,76.109,0.8784
3082,2011-10-26,76.246,93.36,122.65,912.11,97.74,2.207,0.02,108.85,,29.86,90.2,220.22,1237.5,2325.0,138.78,33.291,8748.47,2299.5,105.2,128.58,,76.184,0.8816
3083,2011-10-27,74.879,92.53,122.82,952.31,94.44,2.385,0.015,108.6,,25.46,93.96,223.31,1282.5,2468.0,135.41,35.095,8926.54,2366.75,108.1,127.31,,75.93,0.8604
3084,2011-10-28,75.067,92.96,121.18,957.28,94.19,2.324,0.01,108.67,,24.53,93.32,223.25,1281.0,2456.0,136.88,35.27,9050.47,2369.5,107.4,128.09,,75.82,0.8633
3085,2011-10-31,76.166,93.6,120.69,944.48,104.84,2.116,0.005,109.2,,29.96,93.19,220.43,1249.25,2388.0,139.03,34.337,8988.39,2329.0,107.2,129.06,,75.74,0.8623
3086,2011-11-01,77.261,94.36,126.65,911.33,113.15,1.991,0.005,108.98,,34.77,92.19,218.72,1224.5,2251.0,142.0,32.722,8835.52,2276.5,116.0,130.25,,78.308,0.8772
3087,2011-11-02,77.017,94.32,123.95,924.55,107.4,1.989,0.005,109.36,,32.74,92.51,221.0,1234.25,2285.0,141.75,33.929,8640.42,2287.5,111.9,130.31,,78.306,0.8893
3088,2011-11-03,76.672,94.07,124.19,932.51,104.28,2.073,0.008,109.37,,30.5,94.07,225.53,1255.75,2348.0,140.69,34.488,,2334.0,109.2,130.05,,78.139,0.8863
3089,2011-11-04,76.962,94.16,123.56,930.0,103.34,2.038,0.005,109.35,,30.16,94.26,224.38,1251.0,2286.0,141.0,34.07,8801.4,2324.0,106.6,130.25,,78.053,0.8778
3090,2011-11-07,76.962,94.34,124.93,928.63,103.35,2.02,0.005,109.32,,29.85,95.52,228.85,1257.5,2272.0,142.0,34.812,8767.09,2342.75,106.3,130.55,,78.13,0.8911
3091,2011-11-08,76.586,94.06,124.77,939.34,98.05,2.079,0.01,108.91,,27.48,96.8,229.89,1273.25,2305.0,140.75,35.137,8655.51,2367.5,105.6,130.05,,78.077,0.9012
3092,2011-11-09,77.926,94.52,122.87,906.23,122.73,1.966,0.01,108.95,,36.16,95.74,228.92,1225.5,2248.0,142.72,34.348,8755.44,2284.0,111.8,130.81,,77.708,0.8947
3093,2011-11-10,77.743,94.16,125.24,901.38,113.54,2.057,0.01,108.84,,32.81,97.78,224.83,1237.5,2254.0,141.31,34.095,8500.8,2276.5,113.7,130.34,,77.758,0.9107
3094,2011-11-11,76.945,,124.56,925.17,112.1,2.057,0.008,108.57,,30.04,98.99,228.48,1261.5,2320.0,140.44,34.671,8514.47,2323.25,,129.78,,77.652,0.9058
3095,2011-11-14,77.569,94.3,124.56,908.26,112.35,2.045,0.01,108.85,,31.13,98.14,227.24,1252.5,2290.0,141.78,34.013,8603.7,2316.0,113.1,130.45,,77.156,0.8992
3096,2011-11-15,77.872,94.24,124.97,910.38,107.55,2.049,0.015,108.05,,31.22,99.37,227.72,1254.0,2257.0,141.5,34.448,8541.93,2332.75,108.6,130.33,,77.079,0.9084
3097,2011-11-16,78.016,94.38,122.92,901.4,111.18,2.0,0.01,107.92,,33.51,102.59,226.73,1231.0,2270.0,142.12,33.814,8463.16,2286.75,106.1,130.5,,77.06,0.9177
3098,2011-11-17,78.282,94.65,121.59,886.31,111.86,1.965,0.01,107.69,,34.51,98.82,219.84,1214.75,2240.0,143.34,31.493,8479.63,2241.25,111.7,130.83,,77.061,0.9215
3099,2011-11-18,78.064,94.44,120.04,889.26,101.92,2.005,0.008,107.87,,32.0,97.67,220.48,1214.0,2240.0,142.78,32.413,8374.91,2222.75,109.8,130.3,,76.958,0.9219
3100,2011-11-21,78.3,94.66,115.15,865.56,99.6,1.965,0.01,107.43,,32.91,96.92,214.57,1190.75,2164.0,143.59,31.113,8348.27,2186.5,107.5,130.58,,76.839,0.9161
3101,2011-11-22,78.266,94.8,114.92,864.22,98.53,1.922,0.025,107.53,,31.97,98.01,217.62,1182.75,2143.0,144.09,32.948,8314.74,2187.25,103.6,130.8,,76.9,0.9176
3102,2011-11-23,79.141,95.1,116.78,840.42,101.46,1.888,0.02,107.37,,33.98,96.17,216.76,1160.0,2103.0,145.34,31.882,,2134.0,104.7,131.22,,76.97,0.9133
3103,2011-11-24,79.141,,,,,1.894,0.0229,,,,,,,2093.0,144.61,31.663,8165.18,,,,,77.253,0.9196
3104,2011-11-25,79.686,94.71,114.77,842.17,98.98,1.965,0.02,106.96,,34.47,96.77,215.45,1153.5,2108.0,143.84,31.012,8160.01,2120.5,102.3,130.66,,77.166,0.9207
3105,2011-11-28,79.263,94.79,118.63,863.19,96.23,1.97,0.015,107.1,,32.13,98.21,218.77,1191.0,2218.0,144.0,32.16,8287.49,2194.0,102.8,130.72,,77.667,0.9277
3106,2011-11-29,79.007,94.62,116.45,867.31,95.47,1.988,0.02,106.96,,30.64,99.79,219.33,1196.5,2233.0,143.28,31.853,8477.82,2185.5,103.1,130.47,,78.081,0.9227
3107,2011-11-30,78.384,94.29,116.56,905.1,92.22,2.072,0.01,106.93,,27.8,100.36,223.33,1246.0,2326.0,141.62,32.731,8434.61,2268.0,99.7,130.16,,77.96,0.9212
3108,2011-12-01,78.328,94.07,116.9,897.17,90.88,2.086,0.005,107.11,,27.41,100.2,221.99,1243.5,2315.0,140.66,32.695,8597.38,2282.25,100.8,129.98,,77.583,0.9137
3109,2011-12-02,78.625,94.43,116.31,900.6,92.46,2.033,0.005,107.165,,27.52,100.96,223.46,1243.5,2340.0,142.06,32.621,8643.75,2276.25,98.6,130.5,,77.75,0.9155
3110,2011-12-05,78.57,94.39,116.14,907.12,92.97,2.033,0.005,107.47,,27.84,100.99,221.32,1255.0,2375.0,141.81,32.306,8695.98,2298.0,94.0,130.41,,78.08,0.9201
3111,2011-12-06,78.499,94.2,115.16,903.41,92.21,2.086,0.005,107.079,,28.13,101.28,220.97,1255.0,2361.0,141.03,32.672,8575.16,2294.5,93.0,130.16,,77.812,0.9216
3112,2011-12-07,78.485,94.55,115.87,911.54,92.84,2.033,0.01,107.2,,28.67,100.49,222.63,1264.0,2345.0,142.12,32.555,8722.17,2294.5,94.3,130.77,,77.75,0.9251
3113,2011-12-08,78.832,94.77,115.37,892.2,94.97,1.97,0.008,107.25,,30.59,98.34,218.63,1236.0,2289.0,142.84,31.467,8664.58,2258.25,95.0,131.17,,77.673,0.9242
3114,2011-12-09,78.632,94.39,116.83,902.03,90.92,2.063,0.008,106.89,,26.38,99.41,219.06,1258.75,2343.0,141.5,32.173,8536.46,2295.0,99.9,130.64,,77.68,0.9256
3115,2011-12-12,79.534,94.62,120.26,885.61,93.21,2.017,0.008,106.928,,25.67,97.77,212.86,1229.25,2275.0,142.44,30.935,8653.82,2267.0,95.8,131.03,,77.612,0.9255
3116,2011-12-13,80.242,94.8,119.44,877.63,94.55,1.963,0.013,107.5,,25.41,100.14,212.21,1220.25,2259.0,143.41,31.195,8552.81,2244.0,90.3,131.31,,77.939,0.9386
3117,2011-12-14,80.589,95.07,120.66,874.14,99.63,1.904,0.003,107.53,,26.04,94.95,202.48,1206.25,2211.0,144.75,28.881,8519.13,2205.0,91.7,131.61,,77.961,0.9462
3118,2011-12-15,80.321,95.01,122.35,885.08,97.71,1.911,0.003,107.75,,25.11,93.87,201.25,1211.75,2230.0,144.47,29.225,8377.37,2199.75,87.2,131.48,,78.108,0.9538
3119,2011-12-16,80.256,95.3,119.22,891.59,94.28,1.851,0.002,108.11,,24.29,93.53,203.89,1211.0,2236.0,145.56,29.615,8401.72,2209.25,89.4,131.95,,77.84,0.9397
3120,2011-12-19,80.25,95.48,116.58,883.25,90.27,1.81,0.005,108.42,,24.92,93.88,203.73,1199.0,2194.0,146.31,28.822,8296.12,2189.0,87.6,132.12,,77.81,0.9363
3121,2011-12-20,79.882,94.99,120.66,908.08,88.64,1.927,0.01,108.24,,23.22,97.24,206.4,1236.0,2252.0,144.69,29.496,8336.48,2243.25,92.3,131.59,,78.01,0.9367
3122,2011-12-21,80.022,94.74,115.16,907.54,85.54,1.97,0.01,107.93,,21.43,98.67,205.89,1236.25,2236.0,143.25,29.198,8459.98,2215.5,91.8,130.42,,77.84,0.9313
3123,2011-12-22,79.964,94.79,115.56,915.17,86.18,1.953,0.01,108.22,,21.16,99.53,205.51,1249.0,2265.0,143.47,29.001,8395.16,2237.25,90.2,130.45,,78.07,0.9363
3124,2011-12-23,79.93,94.38,117.14,920.58,86.54,2.021,0.005,108.18,,20.73,99.68,204.92,1260.25,2281.0,141.97,29.046,,2255.0,94.2,129.86,,78.16,0.9354
3125,2011-12-26,79.93,,,,,2.026,0.005,,,,,,,2295.0,142.07,29.093,8479.34,,,,,78.08,0.9365
3126,2011-12-27,79.797,94.51,116.53,925.2,88.13,2.002,0.01,108.37,,21.91,101.34,203.58,1260.25,2287.0,142.44,28.697,8440.56,2261.0,94.8,129.95,,78.01,0.9366
3127,2011-12-28,80.497,95.03,116.32,911.09,94.08,1.921,0.01,108.66,,23.52,99.36,199.58,1244.5,2255.0,144.53,27.192,8423.62,2236.0,95.1,130.7,,77.87,0.9342
3128,2011-12-29,80.486,95.05,116.57,916.63,91.8,1.899,0.01,108.72,,22.65,99.65,196.61,1257.5,2278.0,144.5,27.274,8398.89,2253.75,94.1,130.84,,77.93,0.9434
3129,2011-12-30,80.178,95.19,116.21,918.29,91.7,1.876,0.02,108.96,,23.4,98.83,199.92,1252.5,2308.0,144.81,27.875,8455.35,2251.0,91.1,131.12,,77.659,0.9402
3130,2012-01-02,80.178,,,,,1.873,0.02,,,,,,,2359.0,144.55,28.16,,,,,,77.02,0.9381
3131,2012-01-03,79.611,94.8,117.1,927.61,91.39,1.956,0.015,108.55,,22.97,102.96,204.22,1272.0,2385.0,143.09,29.533,,2292.5,90.7,130.55,,76.93,0.9394
3132,2012-01-04,80.129,94.65,117.63,916.47,88.89,1.984,0.015,108.46,,22.22,103.22,205.78,1273.0,2347.0,142.41,29.063,8560.11,2305.25,88.9,130.39,,76.722,0.9319
3133,2012-01-05,80.936,94.65,117.76,919.16,87.69,1.996,0.015,107.99,,21.48,101.81,206.72,1273.0,2312.0,142.28,29.265,8488.71,2316.0,87.9,130.5,,76.71,0.9421
3134,2012-01-06,81.254,94.81,118.29,914.22,86.95,1.958,0.0102,108.34,,20.63,101.56,206.3,1274.25,2290.0,143.03,28.653,8390.35,2328.75,81.7,130.75,,77.151,0.9521
3135,2012-01-09,81.051,94.84,119.07,912.4,87.8,1.956,0.01,108.47,,21.07,101.31,205.19,1275.5,2280.0,142.91,28.749,,2323.25,78.6,130.86,,76.91,0.9584
3136,2012-01-10,80.805,94.81,118.99,926.24,88.82,1.963,0.015,108.81,,20.69,102.24,208.18,1286.0,2342.0,142.84,29.783,8422.26,2340.0,80.2,130.72,,76.86,0.9479
3137,2012-01-11,81.351,95.09,120.2,928.05,93.17,1.905,0.02,109.08,,21.05,100.87,209.22,1288.25,2328.0,144.0,29.858,8447.88,2343.5,78.2,131.2,,76.85,0.9507
3138,2012-01-12,80.77,95.01,120.78,926.24,90.51,1.926,0.025,109.11,,20.47,99.1,210.25,1291.75,2341.0,143.56,30.092,8385.59,2355.0,77.1,130.97,,76.858,0.9532
3139,2012-01-13,81.515,95.34,121.92,926.19,93.55,1.87,0.025,109.43,,20.91,98.7,208.08,1289.0,2327.0,145.0,29.493,8500.02,2350.0,79.2,131.55,,76.779,0.9438
3140,2012-01-16,81.515,,,,,1.876,0.033,,,,,,,2357.0,144.97,29.93,8378.36,,,,,76.91,0.9544
3141,2012-01-17,81.182,95.4,125.63,935.5,93.66,1.858,0.025,109.59,,22.2,100.71,211.23,1289.25,2388.0,145.16,30.106,8466.4,2366.25,75.6,131.59,,76.82,0.9554
3142,2012-01-18,80.609,95.18,130.78,939.14,90.09,1.898,0.031,109.21,,20.89,100.59,211.77,1302.25,2386.0,144.19,30.514,8550.58,2397.0,75.0,131.27,,76.82,0.949
3143,2012-01-19,80.216,94.84,129.6,946.41,88.73,1.982,0.041,109.12,,19.87,100.39,211.08,1310.5,2431.0,142.81,30.482,8639.68,2401.75,80.0,130.7,,76.767,0.9388
3144,2012-01-20,80.223,94.59,129.24,954.35,89.24,2.025,0.0483,108.79,,18.28,98.33,212.3,1310.75,2424.0,141.88,31.647,8766.36,2411.25,84.6,130.27,,77.08,0.9322
3145,2012-01-23,79.783,94.44,125.83,958.36,89.59,2.058,0.041,108.8,,18.67,99.58,214.13,1311.0,2436.0,141.16,32.233,8765.9,2411.5,85.8,129.98,,76.96,0.937
3146,2012-01-24,79.868,94.44,127.38,960.37,89.01,2.063,0.036,108.66,,18.91,98.95,212.38,1311.5,2427.0,141.16,31.931,8785.33,2414.0,81.6,130.09,,77.0,0.9275
3147,2012-01-25,79.579,94.69,125.22,968.39,86.01,2.002,0.041,109.02,,18.31,99.4,216.92,1320.25,2420.0,141.78,33.092,8883.69,2437.0,76.7,130.77,,77.687,0.9275
3148,2012-01-26,79.395,94.99,122.96,978.35,88.92,1.94,0.051,109.84,,18.57,99.7,220.34,1315.25,2461.0,142.84,33.702,8849.47,2429.75,75.9,131.44,,77.77,0.9217
3149,2012-01-27,78.902,95.12,121.5,979.22,87.44,1.891,0.0585,109.77,,18.53,99.56,221.04,1312.5,2442.0,143.44,33.747,8841.22,2432.75,75.4,131.72,,77.46,0.9217
3150,2012-01-30,79.167,95.4,121.99,971.2,89.86,1.846,0.051,110.11,,19.4,98.78,220.91,1309.0,2407.0,144.62,33.497,8793.05,2438.5,72.4,132.03,,76.732,0.9131
3151,2012-01-31,79.288,95.57,121.96,976.04,88.51,1.795,0.0585,110.45,,19.44,98.48,221.68,1308.25,2420.0,145.44,33.233,8802.51,2440.75,72.1,132.25,,76.36,0.9131
3152,2012-02-01,78.922,95.34,121.39,987.12,85.78,1.83,0.061,110.13,,18.55,97.61,222.84,1319.75,2470.0,144.34,33.778,8809.79,2464.0,72.7,131.98,,76.27,0.9204
3153,2012-02-02,78.991,95.4,122.26,989.21,84.1,1.823,0.081,110.31,,17.98,96.36,224.09,1322.75,2479.0,144.59,34.151,8876.82,2468.0,70.2,132.17,,76.189,0.9144
3154,2012-02-03,78.924,94.85,122.14,998.37,84.04,1.924,0.081,110.3,,17.1,97.84,221.67,1339.0,2514.0,142.41,33.725,8831.93,2499.5,76.7,131.33,,76.18,0.9173
3155,2012-02-06,79.069,95.1,123.63,996.55,85.38,1.901,0.076,110.61,,17.76,96.91,219.7,1339.0,2507.0,143.28,33.722,8929.2,2502.25,72.3,131.67,,76.551,0.9191
3156,2012-02-07,78.576,94.83,123.02,997.21,83.79,1.977,0.081,110.39,,17.65,98.41,222.7,1344.75,2514.0,142.31,34.165,8917.52,2505.75,79.3,131.16,,76.55,0.9194
3157,2012-02-08,78.641,94.8,124.76,999.26,97.01,1.982,0.081,110.51,,18.16,98.71,220.52,1347.0,2513.0,142.22,33.673,9015.59,2521.25,79.0,131.09,,76.79,0.9122
3158,2012-02-09,78.566,94.6,126.48,993.29,100.76,2.036,0.092,110.26,,18.63,99.84,221.78,1348.25,2520.0,141.53,33.884,9002.24,2537.5,83.2,130.78,,77.06,0.9133
3159,2012-02-10,79.114,94.91,129.59,981.33,104.15,1.984,0.086,110.27,,20.79,98.67,219.76,1340.5,2482.0,142.78,33.576,8947.17,2525.0,80.7,131.39,,77.632,0.9121
3160,2012-02-13,78.946,94.8,127.89,991.46,102.45,1.977,0.0941,110.47,,19.04,100.91,219.7,1349.1,2487.0,142.69,33.696,8999.18,2544.25,78.8,131.27,,77.7,0.9138
3161,2012-02-14,79.58,95.06,129.96,978.63,107.82,1.938,0.117,110.48,,19.54,100.74,218.79,1347.7,2489.0,143.56,33.326,9052.07,2552.5,79.0,131.53,,77.51,0.9186
3162,2012-02-15,79.67,95.03,128.88,981.33,114.65,1.933,0.112,110.41,,21.14,101.8,220.11,1342.2,2495.0,143.31,33.386,9260.34,2534.0,76.6,131.58,,78.36,0.9195
3163,2012-02-16,79.348,94.72,130.29,986.5,110.41,1.984,0.102,110.28,,19.22,102.31,220.15,1354.8,2487.0,142.28,33.354,9238.1,2570.0,80.1,130.98,,78.48,0.9243
3164,2012-02-17,79.331,94.67,129.54,990.29,108.56,2.0,0.081,110.31,,17.78,103.24,219.83,1359.75,2520.0,142.09,33.2,9384.17,2558.5,81.5,130.92,,78.824,0.9191
3165,2012-02-20,79.208,,,,,2.038,0.0864,,,,,,,2550.0,141.76,33.508,9485.09,,,,,79.788,0.9145
3166,2012-02-21,79.044,94.53,128.46,982.05,107.71,2.061,0.076,109.9,,18.19,106.25,223.98,1360.0,2544.0,141.53,34.413,9463.02,2567.5,79.3,130.64,,79.586,0.9136
3167,2012-02-22,79.211,94.73,127.7,971.42,100.81,2.002,0.086,110.43,,18.19,106.28,225.61,1356.0,2521.0,142.25,34.239,9554.0,2555.25,79.6,131.03,,79.83,0.9116
3168,2012-02-23,78.819,94.81,127.81,982.43,94.44,1.997,0.092,110.4,,16.8,107.83,227.53,1363.0,2509.0,142.69,35.544,9595.57,2577.25,79.0,131.2,,80.28,0.9106
3169,2012-02-24,78.352,94.84,128.72,986.17,99.43,1.977,0.097,110.54,,17.31,109.77,226.26,1363.25,2525.0,143.0,35.332,9647.38,2578.0,77.1,131.19,,79.937,0.9008
3170,2012-02-27,78.568,95.11,126.98,984.34,101.68,1.926,0.102,110.91,,18.19,108.56,226.07,1367.25,2517.0,143.97,35.516,9633.93,2584.5,74.8,131.62,,81.47,0.8943
3171,2012-02-28,78.273,95.08,125.65,981.62,99.13,1.941,0.1093,111.06,,17.96,106.55,227.79,1371.5,2521.0,143.81,37.14,9722.52,2608.5,73.9,131.67,,80.464,0.8985
3172,2012-02-29,78.737,94.9,124.59,982.62,101.6,1.974,0.081,110.94,,18.43,107.07,217.97,1364.5,2510.0,143.09,34.583,9723.24,2599.5,75.9,131.27,,80.48,0.8941
3173,2012-03-01,78.789,94.66,127.63,987.15,97.43,2.03,0.076,110.57,,17.26,108.84,219.36,1374.5,2547.0,141.91,35.611,9707.37,2619.75,77.4,130.89,,81.276,0.9045
3174,2012-03-02,79.403,94.89,125.2,987.03,96.94,1.979,0.066,110.75,,17.29,106.7,217.78,1368.75,2546.0,142.66,34.481,9777.03,2620.0,76.0,131.39,,81.12,0.9055
3175,2012-03-05,79.3,94.78,126.23,991.09,98.18,2.007,0.066,110.37,,18.05,106.72,217.03,1364.5,2532.0,142.34,33.651,9698.59,2592.5,75.0,131.2,,81.627,0.9147
3176,2012-03-06,79.866,95.06,126.49,975.17,105.11,1.95,0.076,110.43,,20.87,104.7,212.98,1342.0,2452.0,143.44,32.741,9637.63,2566.0,75.8,131.72,,81.518,0.9117
3177,2012-03-07,79.712,94.91,126.02,979.19,100.46,1.972,0.0788,110.59,,19.07,106.16,214.48,1352.75,2463.0,142.94,33.543,9576.06,2585.25,75.1,131.52,,80.66,0.9185
3178,2012-03-08,79.139,94.71,125.08,982.51,97.19,2.016,0.081,110.46,,17.95,106.58,216.37,1366.4,2514.0,142.12,33.789,9768.96,2614.25,76.6,131.22,,81.338,0.917
3179,2012-03-09,80.041,94.6,124.78,985.63,97.98,2.03,0.086,110.3599,,17.11,107.4,218.0,1372.5,2519.0,141.75,34.175,9929.74,2625.0,73.2,131.06,,81.58,0.9083
3180,2012-03-12,79.89,94.65,139.25,988.4,98.61,2.037,0.081,110.37,,15.64,106.34,216.49,1366.75,2514.0,141.97,33.374,9889.86,2628.0,69.9,131.08,,82.373,0.9188
3181,2012-03-13,80.193,94.31,122.89,1005.45,98.47,2.126,0.086,110.0479,,14.8,106.71,215.78,1390.75,2558.0,140.69,33.544,9899.08,2674.25,73.8,130.48,,82.363,0.9152
3182,2012-03-14,80.565,93.58,118.82,1001.62,106.63,2.274,0.086,109.26,,15.31,105.43,209.23,1388.75,2577.0,138.06,32.147,10050.52,2683.0,89.7,129.23,,82.96,0.9234
3183,2012-03-15,80.15,93.61,136.51,1004.28,108.42,2.279,0.086,109.12,,15.42,105.11,211.33,1396.0,2594.0,137.97,32.693,10123.28,2692.0,83.4,129.34,,83.84,0.9314
3184,2012-03-16,79.786,93.55,138.43,1009.38,105.78,2.2976,0.086,109.14,,14.47,107.06,210.86,1398.5,2602.0,137.88,32.573,10129.83,2689.25,84.9,129.05,,83.492,0.9232
3185,2012-03-19,79.786,93.23,128.85,1014.44,106.49,2.375,0.086,108.96,,15.04,108.09,212.33,1404.0,2541.0,136.81,32.926,10141.99,2708.0,92.3,128.53,,83.45,0.9155
3186,2012-03-20,79.593,93.26,128.02,1010.04,109.38,2.363,0.101,108.78,,15.58,106.07,209.75,1400.0,2508.0,137.06,31.805,,2715.75,93.3,128.55,,83.37,0.9117
3187,2012-03-21,79.657,93.59,124.6,1006.61,104.65,2.296,0.091,109.29,,15.13,107.27,210.17,1397.5,2503.0,137.97,32.199,10086.49,2715.5,89.5,128.97,,83.65,0.9109
3188,2012-03-22,79.736,93.69,121.17,995.21,102.53,2.282,0.076,109.2436,,15.57,105.35,209.18,1389.0,2464.0,137.06,31.319,10127.08,2711.5,87.1,128.73,,83.203,0.9122
3189,2012-03-23,79.345,93.87,122.98,999.38,98.6,2.234,0.076,109.48,,14.82,106.87,211.72,1394.0,2459.0,137.81,32.248,10011.47,2709.0,86.2,129.05,,82.51,0.9128
3190,2012-03-26,78.982,93.86,118.02,1009.58,96.08,2.253,0.076,109.68,,14.26,107.03,214.69,1415.0,2471.0,137.66,32.726,10018.24,2757.25,85.6,129.06,,82.987,0.9029
3191,2012-03-27,79.047,94.09,121.13,1012.06,101.15,2.187,0.081,109.83,,15.59,107.33,214.62,1406.5,2457.0,138.31,32.601,10255.15,2756.0,80.7,129.59,,83.048,0.9045
3192,2012-03-28,79.126,94.06,121.61,1005.2,102.74,2.201,0.081,109.79,,15.47,105.41,211.16,1400.25,2430.0,138.31,31.816,10182.57,2748.25,77.4,129.58,,82.832,0.9044
3193,2012-03-29,79.186,94.22,121.69,1004.19,101.94,2.159,0.061,110.02,,15.48,102.78,210.45,1398.25,2385.0,138.88,31.978,10114.79,2738.5,75.2,129.91,,82.273,0.9054
3194,2012-03-30,79.004,93.98,124.97,1013.43,100.28,2.214,0.071,109.72,,15.5,103.02,212.61,1403.25,2409.0,137.75,32.469,10083.56,2731.0,78.6,129.48,,82.815,0.9023
3195,2012-04-02,78.82,94.07,123.13,1020.13,100.38,2.18,0.066,109.69,,15.64,105.23,213.61,1412.5,2430.0,138.0,33.083,10109.87,2757.25,75.6,129.7,,81.666,0.9028
3196,2012-04-03,79.483,93.69,123.84,1015.07,98.37,2.293,0.0839,108.87,,15.66,104.01,212.63,1408.75,2392.0,136.81,33.25,10050.39,2759.25,84.3,128.92,,82.83,0.9109
3197,2012-04-04,79.778,93.88,121.0,1002.08,99.73,2.223,0.076,109.08,,16.44,101.47,205.26,1393.25,2326.0,137.28,31.029,9819.99,2716.75,84.6,129.38,,82.43,0.9155
3198,2012-04-05,80.076,94.14,120.61,1000.22,99.47,2.181,0.0763,109.5,,16.7,103.31,207.3,1390.25,2326.0,138.34,31.716,9767.61,2734.0,83.7,129.97,,82.27,0.9199
3199,2012-04-06,79.886,94.65,,,,2.047,0.076,,,,,,1390.25,,140.25,,9688.45,2734.0,78.5,131.05,,81.64,0.917
3200,2012-04-09,79.733,94.76,119.05,993.6,104.59,2.047,0.0788,110.04,,18.81,102.46,209.05,1375.0,,140.59,31.513,9546.26,2708.75,76.2,131.14,,81.643,0.917
3201,2012-04-10,79.891,95.0,119.27,978.08,109.13,1.986,0.086,110.29,,20.39,101.02,211.19,1357.0,2258.0,141.41,31.67,9538.02,2677.25,75.1,131.59,,80.694,0.9188
3202,2012-04-11,79.795,94.83,118.43,986.44,111.19,2.037,0.0915,110.011,,20.02,102.7,211.14,1364.0,2271.0,140.78,31.511,9458.74,2684.5,76.3,131.33,,81.008,0.9171
3203,2012-04-12,79.285,94.75,119.87,998.29,104.27,2.056,0.0839,110.08,,17.2,103.64,213.72,1386.0,2286.0,140.47,32.515,9524.79,2719.0,73.5,131.14,,80.93,0.9111
3204,2012-04-13,79.888,94.98,118.19,994.01,110.76,1.989,0.089,110.49,,19.55,102.83,211.13,1365.0,2226.0,141.44,31.38,9637.99,2673.75,72.6,131.53,,80.93,0.9194
3205,2012-04-16,79.555,95.11,116.67,1002.58,110.97,1.982,0.081,110.2,,19.55,102.93,209.79,1364.0,2245.0,141.88,31.364,9470.64,2644.0,72.9,131.69,,80.381,0.9156
3206,2012-04-17,79.476,94.96,121.83,1012.01,107.01,1.996,0.081,110.22,,18.46,104.2,209.97,1383.5,2303.0,141.28,31.665,9464.71,2693.0,73.9,131.42,,81.06,0.9147
3207,2012-04-18,79.538,95.07,119.5,1010.17,106.06,1.975,0.071,110.27,,18.64,102.67,208.51,1378.25,2265.0,141.78,31.478,9667.26,2674.75,72.5,131.56,,81.3,0.9161
3208,2012-04-19,79.561,95.16,117.6,1007.6,103.96,1.968,0.071,110.38,,18.36,102.27,208.73,1372.5,2223.0,142.22,31.771,9588.38,2663.75,72.2,131.77,,81.609,0.9145
3209,2012-04-20,79.194,95.09,118.05,1018.56,101.08,1.959,0.0737,110.53,,17.44,103.88,208.91,1375.25,2251.0,141.97,31.644,9561.36,2654.5,71.4,131.67,,81.555,0.9091
3210,2012-04-23,79.42,95.29,117.19,1006.35,104.01,1.94,0.076,110.53,,18.97,103.11,207.62,1362.75,2182.0,142.72,30.525,9542.17,2630.5,70.9,131.98,,81.08,0.9136
3211,2012-04-24,79.225,95.17,118.36,1021.4,99.84,1.974,0.086,110.4,,18.1,103.55,209.04,1370.0,2227.0,142.28,30.74,9468.04,2612.75,71.9,131.78,,81.39,0.9105
3212,2012-04-25,79.012,95.08,122.53,1030.33,93.28,1.987,0.091,110.28,,16.82,104.12,208.85,1387.25,2266.0,141.94,30.351,9561.01,2684.75,70.6,131.69,,81.3,0.908
3213,2012-04-26,78.919,95.17,121.03,1032.51,89.65,1.947,0.091,110.38,,16.24,104.55,211.16,1396.75,2263.0,142.28,31.203,9561.83,2700.5,65.2,131.92,,81.058,0.9109
3214,2012-04-27,78.709,95.26,120.08,1040.25,88.62,1.936,0.091,110.36,,16.32,104.93,211.71,1398.5,2286.0,142.72,31.347,9520.89,2717.0,64.1,132.16,,80.27,0.9065
3215,2012-04-30,78.776,95.32,119.83,1038.2,89.32,1.919,0.1042,110.418,,17.15,104.87,211.63,1393.5,2259.0,142.88,30.959,,2699.5,62.9,132.28,,79.921,0.9074
3216,2012-05-01,78.864,95.14,120.18,1046.52,87.06,1.945,0.091,110.09,,16.6,106.16,211.41,1400.5,,142.09,30.877,9350.95,2698.75,67.0,131.97,,80.21,0.9075
3217,2012-05-02,79.132,95.3,119.94,1045.11,86.29,1.928,0.086,110.61,,16.88,105.22,210.34,1397.5,2242.0,142.84,30.592,9380.25,2707.75,65.1,132.19,,80.121,0.9138
3218,2012-05-03,79.221,95.3,116.18,1040.35,88.35,1.933,0.081,110.52,,17.56,102.54,207.9,1386.0,2239.0,142.84,29.959,,2672.25,63.3,132.19,,80.21,0.9133
3219,2012-05-04,79.498,95.49,115.83,1030.4301,91.31,1.879,0.076,110.73,,19.16,98.49,209.22,1362.5,2210.0,143.69,30.38,,2605.75,57.8,132.64,,79.85,0.9182
3220,2012-05-07,79.603,95.52,116.68,1033.5,90.91,1.873,0.081,110.81,,18.94,97.94,208.44,1365.75,2246.0,143.75,30.072,9119.14,2616.75,56.7,132.64,,79.92,0.9198
3221,2012-05-08,79.738,95.68,117.23,1032.08,91.33,1.842,0.096,110.9,,19.05,97.01,204.04,1358.5,2198.0,144.47,29.414,9181.65,2603.0,57.7,132.92,,79.86,0.9243
3222,2012-05-09,80.08,95.65,115.05,1026.42,102.07,1.826,0.091,110.8092,,20.08,96.81,202.73,1351.0,2189.0,144.47,29.197,9045.06,2599.5,58.7,132.91,,79.71,0.9284
3223,2012-05-10,80.112,95.6,115.11,1027.26,98.65,1.874,0.096,110.7,,18.83,97.08,202.9,1357.5,2218.0,144.34,29.136,9009.65,2599.0,57.6,132.78,,79.869,0.9286
3224,2012-05-11,80.264,95.76,114.7,1027.6,100.12,1.841,0.096,110.9,,19.89,96.13,201.44,1350.0,2230.0,145.12,28.858,8953.31,2591.0,61.5,133.08,,79.96,0.9298
3225,2012-05-14,80.606,96.0,119.18,1016.28,105.85,1.769,0.091,110.86,,21.87,94.78,198.51,1334.0,2182.0,146.09,28.319,8973.84,2565.25,70.3,133.42,,79.85,0.9361
3226,2012-05-15,81.221,96.02,120.04,1009.4,109.61,1.77,0.0941,111.0,,21.97,93.98,198.01,1328.25,2152.0,146.41,28.054,8900.74,2558.5,67.7,133.38,,80.325,0.943
3227,2012-05-16,81.372,96.07,118.47,999.08,109.22,1.759,0.101,110.74,,22.27,92.81,195.39,1322.5,2151.0,146.81,27.17,8801.17,2537.75,67.0,133.42,,80.35,0.9433
3228,2012-05-17,81.383,96.35,119.54,978.61,112.84,1.69,0.1017,110.5684,,24.49,92.56,200.27,1301.25,2128.0,148.38,27.996,8876.59,2485.0,70.6,133.77,,79.408,0.9457
3229,2012-05-18,81.292,96.36,119.28,966.4,117.44,1.723,0.081,110.12,,25.1,91.48,202.44,1290.75,2125.0,148.31,28.694,8611.31,2448.5,70.6,133.81,,79.025,0.9399
3230,2012-05-21,81.084,96.32,119.56,984.01,108.5,1.743,0.066,110.12,,22.01,92.57,202.04,1315.75,2140.0,147.91,28.304,8633.89,2523.75,69.1,133.62,,79.41,0.9373
3231,2012-05-22,81.493,96.02,119.31,986.1,110.48,1.777,0.086,110.02,,22.48,91.85,200.49,1314.75,2180.0,146.78,28.165,8729.29,2515.5,70.8,133.31,,80.004,0.9485
3232,2012-05-23,82.094,96.36,119.52,981.21,107.48,1.733,0.086,110.03,,22.33,89.9,196.91,1315.75,2122.0,148.28,27.508,8556.6,2520.75,73.7,133.8,,79.42,0.9563
3233,2012-05-24,82.347,96.15,120.64,985.62,104.52,1.783,0.096,109.58,,21.54,90.66,198.07,1322.5,2149.0,147.5,28.142,8563.38,2516.5,73.1,133.55,,79.66,0.9586
3234,2012-05-25,82.402,96.21,120.38,983.25,103.1,1.747,0.086,109.65,,21.76,90.86,199.52,1315.0,2157.0,147.72,28.37,8580.39,2504.25,71.2,133.77,,79.68,0.9595
3235,2012-05-28,82.299,,,,,1.745,0.0941,,,,,,,2141.0,147.05,28.375,8593.15,,,,,79.561,0.9597
3236,2012-05-29,82.48,96.25,122.39,996.45,100.98,1.748,0.081,109.76,,21.03,90.76,196.96,1333.5,2155.0,147.81,27.767,8657.08,2539.75,68.9,133.83,,79.5,0.9626
3237,2012-05-30,83.018,96.75,118.54,975.16,109.73,1.619,0.071,110.08,,24.14,87.82,198.82,1308.5,2112.0,149.66,27.962,8633.19,2511.0,73.0,134.67,,78.975,0.9707
3238,2012-05-31,83.043,96.93,119.32,979.17,108.75,1.563,0.066,110.53,,24.06,86.53,198.63,1309.25,2105.0,150.28,27.741,8542.73,2504.25,74.4,134.91,,78.528,0.9716
3239,2012-06-01,82.89,97.42,116.35,960.46,111.41,1.459,0.066,110.69,,26.66,83.23,205.98,1274.0,2068.0,152.62,28.497,8440.25,2435.25,80.6,135.66,,78.015,0.9661
3240,2012-06-04,82.557,97.19,116.66,954.58,107.04,1.524,0.071,110.13,,26.12,83.98,204.94,1273.0,2076.0,151.88,27.992,8295.63,2449.25,86.5,135.0,,78.361,0.9594
3241,2012-06-05,82.825,97.06,117.07,967.41,102.78,1.573,0.081,109.9,,24.68,84.29,205.32,1285.0,2082.0,151.22,28.39,8382.0,2469.0,84.6,134.8,,78.73,0.9637
3242,2012-06-06,82.321,96.66,119.66,990.31,97.71,1.661,0.086,109.78,,22.16,85.02,207.52,1315.5,2138.0,149.34,29.476,8533.53,2530.25,87.7,134.19,,79.27,0.9551
3243,2012-06-07,82.051,96.6,120.01,988.35,98.36,1.644,0.086,110.01,,21.72,84.82,201.65,1316.75,2136.0,149.06,28.519,8639.72,2516.5,82.1,134.3,,79.69,0.9556
3244,2012-06-08,82.511,96.61,122.09,993.27,96.6,1.632,0.086,110.1,,21.23,84.1,202.09,1328.75,2142.0,149.22,28.461,8459.26,2542.75,86.0,134.34,,79.49,0.9597
3245,2012-06-11,82.515,96.78,119.28,977.55,105.51,1.586,0.0864,110.26,,23.56,82.7,202.77,1300.25,2136.0,149.88,28.606,8624.9,2495.5,86.5,134.64,,79.307,0.9625
3246,2012-06-12,82.423,96.51,121.82,983.18,103.22,1.664,0.096,109.97,,22.09,83.32,204.93,1320.0,2143.0,148.81,28.943,8536.72,2530.5,88.5,134.11,,79.527,0.9606
3247,2012-06-13,82.058,96.76,120.37,981.28,110.6,1.599,0.096,110.32,,24.27,82.62,205.64,1308.75,2138.0,149.84,28.935,8587.84,2508.0,89.3,134.56,,79.372,0.9551
3248,2012-06-14,81.99,96.73,115.05,991.55,107.78,1.642,0.101,110.179,,21.68,83.91,205.67,1326.25,2148.0,149.75,28.401,8568.89,2520.5,91.5,134.36,,79.422,0.951
3249,2012-06-15,81.628,96.86,126.08,999.24,108.23,1.586,0.091,110.6,,21.11,84.03,206.75,1337.5,2184.0,150.22,28.734,8569.32,2549.5,95.4,134.61,,78.715,0.9493
3250,2012-06-18,81.946,96.89,121.2,1006.56,99.3,1.574,0.081,110.85,,18.32,83.27,206.61,1341.0,2147.0,150.22,28.665,8721.02,2573.0,85.7,134.53,,79.0,0.9532
3251,2012-06-19,81.378,96.72,123.09,1014.18,98.13,1.62,0.091,110.56,,18.38,84.03,206.12,1350.5,2188.0,149.56,28.362,8655.87,2598.0,84.7,134.34,,79.034,0.947
3252,2012-06-20,81.583,96.64,122.06,1015.13,96.41,1.65,0.086,110.72,,17.24,81.45,205.18,1350.75,2199.0,149.34,28.383,8752.31,2602.75,77.7,134.06,,79.421,0.9471
3253,2012-06-21,82.29,96.77,118.4,1000.29,105.47,1.62,0.081,110.9,,20.08,78.2,198.8,1318.25,2195.0,149.22,26.833,8824.07,2537.25,76.2,133.36,,80.057,0.9571
3254,2012-06-22,82.256,96.53,116.37,997.16,104.13,1.676,0.081,110.74,,18.11,79.76,198.98,1326.75,2179.0,148.09,26.657,8798.35,2559.0,75.1,133.0,,80.425,0.9552
3255,2012-06-25,82.497,96.83,116.29,992.39,104.46,1.604,0.081,110.99,,20.38,79.21,201.71,1306.5,2127.0,149.28,27.518,8734.62,2512.0,72.8,133.56,,79.65,0.9604
3256,2012-06-26,82.372,96.75,114.69,996.17,100.66,1.628,0.096,110.9,,19.72,79.36,199.99,1315.5,2121.0,148.91,27.037,8663.99,2533.75,71.1,133.44,,79.46,0.9617
3257,2012-06-27,82.618,96.78,115.85,1001.23,98.11,1.621,0.086,111.07,,19.45,80.21,200.44,1325.5,2155.0,149.06,26.941,8730.49,2543.25,70.2,133.55,,79.68,0.963
3258,2012-06-28,82.807,96.96,116.9,1005.58,97.21,1.584,0.081,111.1401,,19.71,77.69,196.88,1322.5,2150.0,149.84,26.247,8874.11,2513.25,70.2,133.92,,79.313,0.9652
3259,2012-06-29,81.627,96.61,119.09,1033.24,89.59,1.643,0.086,110.99,,17.08,84.96,203.71,1356.5,2255.0,147.97,27.58,9006.78,2595.25,73.2,133.38,,79.805,0.9486
3260,2012-07-02,81.87,96.98,118.89,1043.36,85.61,1.587,0.081,111.19,,16.74,83.75,202.89,1357.5,2281.0,149.59,27.468,9003.48,2599.75,71.6,134.02,,79.44,0.9547
3261,2012-07-03,81.782,96.75,118.33,1048.11,84.59,1.628,0.086,111.22,,16.66,87.66,205.95,1368.0,2312.0,148.53,28.243,9066.59,2627.0,72.4,133.64,,79.84,0.9529
3262,2012-07-04,81.782,,,,,,0.0864,,,,,,,2304.0,148.93,28.135,9104.17,,,,,79.94,0.9595
3263,2012-07-05,82.813,96.89,117.91,1042.45,89.43,1.599,0.081,111.34,,17.5,87.22,204.37,1361.5,2281.0,148.91,27.638,9079.8,2628.0,71.3,133.95,,79.86,0.9694
3264,2012-07-06,83.377,97.12,118.45,1042.22,90.1,1.549,0.076,111.72,,17.1,84.45,200.5,1351.75,2231.0,149.88,26.889,9020.75,2594.5,66.8,134.36,,79.665,0.9775
3265,2012-07-09,83.161,97.29,119.62,1041.58,92.85,1.513,0.076,111.93,,17.98,85.99,201.79,1349.25,2226.0,150.59,27.411,8896.88,2591.5,63.4,134.55,,79.558,0.9749
3266,2012-07-10,83.4,97.36,119.34,1034.03,94.91,1.502,0.096,112.01,,18.72,83.91,200.62,1335.5,2240.0,151.0,26.851,8857.73,2563.5,63.3,134.62,,79.35,0.9798
3267,2012-07-11,83.568,97.38,117.3,1036.27,96.25,1.515,0.096,112.17,,17.95,85.81,200.1,1336.25,2240.0,151.16,26.995,8851.0,2547.0,63.8,134.59,,79.61,0.9806
3268,2012-07-12,83.659,97.46,116.13,1034.2,95.22,1.478,0.101,112.4,,18.33,86.08,198.78,1329.25,2226.0,151.62,27.136,8720.01,2523.25,63.4,134.66,,79.31,0.9848
3269,2012-07-13,83.349,97.39,119.13,1048.61,91.1,1.491,0.101,112.62,,16.74,87.1,202.17,1351.75,2250.0,151.19,27.344,8724.12,2562.5,63.3,134.55,,79.22,0.9806
3270,2012-07-16,83.098,97.59,115.09,1052.1899,94.21,1.471,0.091,112.69,,17.11,88.43,202.1,1347.5,2252.0,151.78,27.297,,2557.0,62.8,134.81,,78.82,0.9789
3271,2012-07-17,83.032,97.42,117.22,1060.0699,93.49,1.508,0.0989,112.76,,16.48,89.22,201.84,1358.5,2244.0,150.94,27.292,8755.0,2572.5,64.2,134.55,,79.096,0.9769
3272,2012-07-18,83.068,97.52,116.59,1057.34,94.03,1.494,0.091,113.26,,16.16,89.87,199.47,1367.25,2279.0,151.28,27.071,8726.74,2605.5,61.9,134.75,,78.794,0.9781
3273,2012-07-19,82.883,97.39,114.19,1053.55,93.73,1.511,0.086,113.08,,15.45,92.66,200.69,1372.0,2297.0,150.59,27.194,8795.55,2637.75,61.2,134.47,,78.74,0.9781
3274,2012-07-20,83.478,97.65,116.52,1047.62,100.61,1.458,0.091,113.33,,16.27,91.83,200.98,1358.25,2238.0,151.78,27.279,8669.87,2598.75,61.3,134.91,,78.49,0.9882
3275,2012-07-23,83.706,97.78,120.26,1037.42,107.32,1.438,0.1014,113.18,,18.62,88.14,200.29,1343.75,2181.0,152.16,27.019,8508.32,2564.75,61.6,135.06,,78.311,0.9904
3276,2012-07-24,84.005,97.93,119.13,1035.09,111.65,1.391,0.101,113.47,,20.47,88.5,200.14,1329.5,2155.0,152.88,26.79,8488.09,2534.0,62.9,135.27,,78.107,0.9956
3277,2012-07-25,83.524,97.93,118.58,1037.01,106.53,1.398,0.101,113.61,,19.34,88.97,204.18,1335.0,2155.0,152.81,27.445,8365.9,2529.0,63.1,135.23,,78.103,0.9891
3278,2012-07-26,82.808,97.83,116.92,1049.52,98.59,1.438,0.109,113.64,,17.53,89.39,205.08,1354.75,2243.0,152.5,27.431,8443.1,2558.0,62.6,135.03,,78.324,0.978
3279,2012-07-27,82.709,97.22,114.4,1059.45,93.08,1.545,0.106,113.28,,16.7,90.13,205.45,1382.5,2295.0,150.03,27.478,8566.64,2627.5,69.7,134.12,,78.425,0.9751
3280,2012-07-30,82.794,97.51,114.86,1062.46,94.74,1.5,0.101,113.64,,18.03,89.78,205.61,1380.5,2338.0,151.0,28.014,8635.44,2621.25,68.4,134.56,,78.101,0.9796
3281,2012-07-31,82.635,97.56,113.99,1063.38,96.11,1.47,0.106,113.78,,18.93,88.06,204.42,1374.5,2328.0,151.03,27.895,8695.06,2622.0,69.8,134.66,,78.12,0.977
3282,2012-08-01,83.058,97.35,114.59,1061.36,94.23,1.524,0.096,113.31,,18.96,88.91,203.5,1370.5,2333.0,150.28,27.517,8641.85,2610.5,74.1,134.16,,78.38,0.9812
3283,2012-08-02,83.361,97.62,114.35,1060.21,89.63,1.478,0.091,113.24,,17.57,87.13,201.4,1362.0,2266.0,151.5,26.981,8653.18,2604.0,69.4,134.62,,78.22,0.9862
3284,2012-08-03,82.375,97.17,120.25,1071.11,84.5,1.568,0.081,113.1,,15.64,91.4,203.75,1389.0,2366.0,149.53,27.79,8555.11,2656.5,71.9,133.91,,78.48,0.9702
3285,2012-08-06,82.266,97.28,114.79,1071.23,84.47,1.565,0.081,113.26,,15.95,92.2,204.62,1390.0,2397.0,149.91,27.852,8726.29,2672.0,69.7,134.11,,78.2,0.9694
3286,2012-08-07,82.21,96.95,113.55,1064.3101,86.87,1.628,0.101,112.83,,15.99,93.67,204.19,1397.0,2437.0,148.66,28.075,8803.31,2695.5,73.9,133.58,,78.61,0.9698
3287,2012-08-08,82.394,96.86,115.36,1058.28,85.18,1.651,0.106,112.67,,15.32,93.35,204.6,1398.25,2432.0,148.38,28.067,8881.16,2692.25,75.2,133.48,,78.4,0.9708
3288,2012-08-09,82.638,96.83,119.84,1053.04,83.91,1.695,0.112,112.6,,15.28,93.36,205.13,1400.5,2433.0,148.25,28.09,8978.6,2703.25,73.7,133.45,,78.61,0.9769
3289,2012-08-10,82.553,96.98,117.89,1053.33,84.83,1.659,0.101,112.91,,14.74,92.87,205.46,1402.5,2423.0,148.84,28.055,8891.44,2706.5,70.1,133.73,,78.28,0.9771
3290,2012-08-13,82.435,96.97,121.65,1051.6,89.58,1.666,0.101,112.86,,13.7,92.73,204.17,1402.5,2415.0,148.81,27.76,8885.15,2713.5,67.2,133.62,,78.33,0.9742
3291,2012-08-14,82.483,96.66,122.05,1051.01,94.33,1.733,0.112,112.45,,14.85,93.43,202.88,1401.5,2429.0,147.5,27.756,8929.88,2712.25,67.9,133.14,,78.815,0.9746
3292,2012-08-15,82.645,96.32,119.89,1055.23,97.95,1.817,0.086,111.88,,14.63,94.33,203.41,1403.5,2432.0,146.12,27.805,8925.04,2724.0,73.0,132.58,,78.99,0.9772
3293,2012-08-16,82.357,96.18,121.94,1059.61,95.65,1.835,0.081,111.66,,14.29,95.6,205.0,1413.0,2453.0,145.59,28.205,9092.76,2749.0,77.1,132.36,,79.25,0.9719
3294,2012-08-17,82.596,96.26,123.79,1060.49,95.02,1.814,0.086,111.96,,13.45,96.01,205.03,1415.25,2467.0,145.88,27.995,9162.5,2761.5,74.0,132.5,,79.565,0.9735
3295,2012-08-20,82.456,96.3,125.84,1057.5601,96.64,1.811,0.104,111.99,,14.07,95.97,205.49,1414.75,2465.0,146.0,28.586,9171.16,2765.5,70.2,132.52,,79.33,0.9722
3296,2012-08-21,81.907,96.35,129.99,1061.0601,97.41,1.802,0.106,112.06,,15.02,96.84,208.0,1412.5,2491.0,146.28,29.421,9156.92,2759.5,70.0,132.61,,79.242,0.9625
3297,2012-08-22,81.486,96.74,125.32,1060.33,99.14,1.695,0.106,112.719,,15.11,97.26,207.7,1412.25,2454.0,147.59,29.549,9131.74,2766.75,66.8,133.31,,78.539,0.9581
3298,2012-08-23,81.359,96.93,122.41,1058.42,98.4,1.674,0.101,112.96,,15.96,96.27,211.79,1400.0,2430.0,148.5,30.447,9178.12,2746.5,65.5,133.69,,78.6,0.9561
3299,2012-08-24,81.593,96.87,123.74,1060.0601,94.99,1.686,0.096,112.87,,15.18,96.15,211.8,1409.75,2436.0,148.38,30.606,9070.76,2760.5,66.4,133.58,,78.675,0.9597
3300,2012-08-27,81.658,97.01,121.53,1062.35,94.89,1.652,0.0811,113.13,,16.35,95.47,212.14,1408.25,2458.0,148.88,31.039,9085.39,2768.25,66.3,133.81,,78.75,0.9606
3301,2012-08-28,81.37,97.08,120.28,1065.04,94.43,1.637,0.1065,113.18,,16.49,96.33,211.4,1407.75,2441.0,149.22,30.869,9033.29,2766.25,64.3,133.95,,78.57,0.9553
3302,2012-08-29,81.549,97.0,120.55,1064.55,94.71,1.652,0.101,113.09,,17.06,95.49,210.55,1407.25,2430.0,148.97,30.831,9069.81,2766.75,64.9,133.84,,78.72,0.9583
3303,2012-08-30,81.691,97.16,119.0,1061.0601,96.33,1.628,0.096,113.18,,17.83,94.62,209.8,1397.0,2407.0,149.62,30.367,8983.78,2739.25,68.0,134.19,,78.53,0.9598
3304,2012-08-31,81.208,97.45,120.78,1064.0601,93.3,1.548,0.091,113.78,,17.47,96.47,213.66,1405.0,2436.0,150.5,31.37,8839.91,2756.5,68.7,134.75,,78.385,0.9551
3305,2012-09-03,81.208,,,,,,0.091,,,,,,,2459.0,151.74,32.185,8783.89,,,,,78.339,0.9539
3306,2012-09-04,81.312,97.39,119.59,1067.45,93.71,1.574,0.096,113.45,,17.98,95.3,214.73,1406.0,2439.0,150.22,32.348,8775.51,2760.0,67.1,134.45,,78.47,0.9581
3307,2012-09-05,81.235,97.35,120.49,1068.1,90.15,1.596,0.106,113.51,,17.74,95.36,214.47,1403.5,2440.0,149.97,32.272,8679.82,2753.0,68.5,134.42,,78.42,0.9554
3308,2012-09-06,81.04,96.97,119.31,1079.23,83.65,1.676,0.106,112.91,,15.6,95.53,215.94,1431.0,2519.0,148.62,32.619,8680.57,2811.0,71.0,133.84,,78.89,0.9537
3309,2012-09-07,80.252,97.0,120.7,1083.25,82.24,1.668,0.106,113.23,,14.38,96.42,220.36,1438.25,2540.0,148.53,33.633,8871.65,2808.5,68.4,134.12,,78.27,0.9444
3310,2012-09-10,80.252,96.93,122.37,1073.28,92.77,1.654,0.101,113.16,,16.28,96.54,219.26,1426.5,2531.0,148.19,33.574,8869.37,2770.0,68.2,133.97,,78.226,0.9463
3311,2012-09-11,79.857,96.91,122.82,1076.6,92.39,1.701,0.109,113.09,,16.41,97.17,219.65,1430.5,2559.0,148.09,33.509,8807.38,2764.75,67.9,133.94,,77.75,0.939
3312,2012-09-12,79.737,96.64,123.38,1080.22,93.94,1.758,0.104,112.89,,15.8,97.01,219.5,1439.5,2565.0,146.91,33.233,8959.96,2781.75,69.9,133.53,,77.83,0.9371
3313,2012-09-13,79.262,96.67,115.69,1089.3101,87.81,1.721,0.101,113.16,,14.05,98.31,224.36,1457.25,2545.0,146.66,34.716,8995.15,2813.0,65.4,133.97,,77.648,0.9348
3314,2012-09-14,78.847,96.2,117.26,1098.24,93.04,1.87,0.101,112.57,,14.51,99.0,224.44,1465.75,2590.0,144.56,34.603,9159.39,2842.0,68.3,133.14,,78.395,0.9271
3315,2012-09-17,79.01,96.34,122.69,1094.61,92.95,1.843,0.1141,113.04,,14.59,96.62,224.17,1454.0,2582.0,145.16,34.298,,2837.5,64.4,133.31,,78.673,0.9272
3316,2012-09-18,79.249,96.44,127.38,1086.0,90.13,1.812,0.106,113.1,,14.18,95.29,224.25,1453.0,2563.0,145.62,34.644,9123.77,2841.25,59.8,133.44,,78.77,0.9281
3317,2012-09-19,79.055,96.55,122.44,1082.36,88.61,1.7735,0.112,113.32,,13.88,91.98,224.31,1453.25,2568.0,145.97,34.519,9232.21,2844.75,57.5,133.55,,78.397,0.9263
3318,2012-09-20,79.411,96.59,128.03,1070.13,88.72,1.765,0.106,113.26,,14.07,92.42,224.12,1453.75,2550.0,146.72,34.618,9086.98,2844.5,59.7,132.41,,78.2,0.9323
3319,2012-09-21,79.328,96.64,130.6,1071.1,87.9,1.755,0.106,113.48,,13.98,92.89,225.11,1452.0,2564.0,146.88,34.567,9110.0,2843.75,59.6,132.67,,78.165,0.9332
3320,2012-09-24,79.518,96.81,129.12,1068.38,85.88,1.715,0.101,113.56,,14.15,91.93,223.41,1451.5,2551.0,147.59,33.921,9069.29,2829.5,57.5,132.92,,77.864,0.9346
3321,2012-09-25,79.552,96.96,125.45,1060.4399,92.79,1.671,0.112,113.79,,15.43,91.37,223.64,1437.25,2561.0,148.38,33.886,9091.54,2794.5,57.6,133.17,,77.728,0.9377
3322,2012-09-26,79.885,97.22,124.06,1056.11,95.05,1.61,0.106,113.92,,16.81,89.98,222.02,1427.0,2500.0,149.88,33.883,8906.7,2765.5,58.5,133.64,,77.698,0.939
3323,2012-09-27,79.548,97.13,127.56,1060.1899,88.24,1.656,0.091,113.91,,14.84,91.85,225.43,1441.0,2500.0,149.5,34.595,8949.87,2805.75,61.08,133.5,,77.61,0.9372
3324,2012-09-28,79.935,97.15,125.87,1058.0,90.49,1.633,0.096,113.92,,15.73,92.19,224.59,1434.25,2455.0,149.38,34.517,8870.16,2783.25,60.47,133.48,,77.92,0.9399
3325,2012-10-01,79.824,97.2,128.17,1053.47,92.51,1.618,0.091,113.85,,16.32,92.48,225.78,1437.0,2495.0,149.66,34.881,8796.51,2779.5,59.4,133.58,,78.041,0.9384
3326,2012-10-02,79.744,97.25,127.1,1058.51,90.25,1.62,0.091,113.87,,15.71,91.89,224.81,1441.0,2489.0,149.91,34.604,8786.05,2786.5,60.4,133.64,,78.215,0.9369
3327,2012-10-03,79.965,97.23,125.4,1059.04,87.56,1.616,0.091,114.08,,15.43,88.14,225.34,1444.75,2487.0,149.69,34.631,8746.87,2799.25,59.2,133.73,,78.415,0.9369
3328,2012-10-04,79.353,97.04,120.39,1060.15,83.51,1.673,0.101,113.75,,14.55,91.71,227.45,1455.75,2478.0,148.81,35.041,8824.59,2812.75,59.8,133.42,,78.484,0.9309
3329,2012-10-05,79.337,96.72,123.85,1063.28,83.1,1.732,0.106,113.59,,14.33,89.88,225.46,1455.5,2525.0,147.5,34.516,8863.3,2795.5,60.4,132.92,,78.675,0.93
3330,2012-10-08,79.54,,122.06,1059.13,85.85,,0.101,113.73,,15.11,89.33,224.82,1449.75,2493.0,148.25,33.982,,2768.75,,133.27,,78.286,0.9327
3331,2012-10-09,79.951,96.82,121.21,1056.4,88.53,1.713,0.101,113.85,,16.37,92.39,223.46,1436.0,2462.0,147.97,33.951,8769.59,2725.25,59.3,133.05,,78.219,0.9415
3332,2012-10-10,79.917,96.94,120.46,1059.5601,94.36,1.68,0.104,113.85,,16.29,91.25,223.48,1426.25,2455.0,148.72,34.073,8596.23,2714.0,59.6,133.22,,78.075,0.9401
3333,2012-10-11,79.775,97.03,120.83,1061.36,90.74,1.668,0.101,114.24,,15.59,92.07,224.17,1428.5,2482.0,149.25,34.046,8546.78,2704.5,61.4,133.27,,78.402,0.935
3334,2012-10-12,79.667,97.08,120.97,1058.54,91.87,1.656,0.106,114.53,,16.14,91.86,222.79,1421.5,2467.0,149.56,33.633,8534.12,2701.25,61.4,133.31,,78.445,0.9335
3335,2012-10-15,79.742,97.08,122.45,1065.22,92.92,1.668,0.101,114.69,,15.27,91.85,219.99,1435.5,2480.0,149.44,32.707,8577.93,2722.5,63.0,133.31,,78.789,0.9318
3336,2012-10-16,79.405,96.83,122.52,1072.49,90.31,1.722,0.0989,114.63,,15.22,92.09,221.1,1449.25,2542.0,148.19,32.922,8701.31,2756.5,64.8,132.88,,78.825,0.9227
3337,2012-10-17,79.016,96.44,124.95,1074.1899,85.6,1.822,0.106,114.41,,15.07,92.12,221.94,1457.0,2568.0,146.66,33.197,8806.55,2761.75,68.7,132.08,,79.06,0.9223
3338,2012-10-18,79.367,96.39,124.58,1079.28,86.51,1.831,0.101,114.21,,15.03,92.1,220.89,1451.5,2572.0,146.38,32.838,8982.86,2724.0,69.0,131.98,,79.308,0.9246
3339,2012-10-19,79.621,96.61,125.39,1073.13,92.63,1.766,0.096,114.47,,17.06,90.05,218.27,1424.0,2534.0,147.56,32.073,9002.68,2655.25,68.5,132.39,,79.32,0.9283
3340,2012-10-22,79.652,96.53,122.99,1068.33,92.48,1.815,0.096,114.17,,16.62,88.65,218.56,1430.0,2526.0,147.12,32.227,9010.71,2679.0,69.8,132.11,,79.977,0.9262
3341,2012-10-23,79.976,96.67,120.16,1059.0601,99.66,1.761,0.106,114.36,,18.83,86.67,216.42,1406.75,2475.0,147.75,31.768,9014.25,2651.75,68.9,132.38,,79.82,0.9329
3342,2012-10-24,79.914,96.64,119.33,1059.39,96.39,1.794,0.112,114.26,,18.33,85.73,215.44,1405.25,2489.0,147.47,31.595,8954.3,2641.75,67.1,132.38,,79.838,0.9328
3343,2012-10-25,80.044,96.4,120.89,1060.13,91.86,1.812,0.112,114.014,,18.12,86.05,216.88,1408.25,2479.0,146.72,32.049,9055.2,2639.25,73.1,131.91,,80.235,0.935
3344,2012-10-26,80.068,96.67,119.31,1054.4301,89.43,1.749,0.112,114.39,,17.81,86.28,216.74,1407.5,2491.0,148.0,32.011,8933.06,2650.25,73.0,132.56,,79.65,0.9351
3345,2012-10-29,80.232,96.84,,,,1.721,0.117,,,,,216.34,1407.5,2474.0,148.72,31.727,8929.34,2650.25,71.1,132.78,,79.65,0.9358
3346,2012-10-30,79.931,,,,,,0.1141,,,,,216.77,1407.5,2509.0,148.62,31.788,8841.98,2650.25,,132.67,,79.764,0.9362
3347,2012-10-31,79.919,96.99,115.04,1063.01,90.23,1.694,0.1344,114.79,,18.6,86.24,217.65,1406.75,2504.0,149.31,32.288,8928.29,2631.75,71.43,133.03,,79.684,0.9323
3348,2012-11-01,80.047,96.85,117.85,1066.29,81.7,1.73,0.096,114.3,,16.69,87.09,217.2,1423.25,2530.0,148.59,32.226,8946.87,2676.0,72.0,132.83,,79.86,0.9313
3349,2012-11-02,80.593,96.8,115.78,1069.58,87.84,1.717,0.096,114.28,,17.59,84.86,212.09,1405.5,2541.0,148.41,30.835,9051.22,2632.25,72.3,132.78,,80.22,0.9316
3350,2012-11-05,80.749,97.0,115.52,1063.37,90.75,1.679,0.096,114.25,,18.42,85.65,213.11,1412.0,2516.0,149.25,31.113,9007.44,2653.5,68.61,133.14,,80.5,0.9409
3351,2012-11-06,80.613,96.77,116.34,1067.5699,87.56,1.751,0.0966,113.8801,,17.58,88.71,217.13,1425.25,2531.0,148.28,32.019,8975.15,2667.0,69.3,132.7,,80.16,0.943
3352,2012-11-07,80.759,97.22,116.1,1063.35,94.75,1.644,0.1014,114.21,,19.08,84.44,217.01,1389.0,2476.0,150.31,31.651,8972.89,2601.25,60.9,133.58,,80.29,0.9431
3353,2012-11-08,80.793,97.4,116.69,1052.26,93.39,1.618,0.091,114.4665,,18.49,85.09,218.53,1375.25,2481.0,151.19,32.231,8837.15,2563.25,59.1,133.86,,79.97,0.9455
3354,2012-11-09,81.026,97.45,115.4,1047.6,94.02,1.613,0.0763,114.31,,18.61,86.07,219.15,1375.75,2481.0,151.62,32.59,8757.6,2571.75,59.1,133.91,,79.479,0.9461
3355,2012-11-12,81.035,,114.23,1047.27,90.54,,0.0763,114.33,,16.68,85.57,219.15,1378.25,2473.0,151.66,32.513,8676.44,2572.25,,133.89,,79.46,0.9477
3356,2012-11-13,81.084,97.58,114.81,1046.28,87.84,1.594,0.091,114.4067,,16.65,85.38,218.38,1371.0,2493.0,152.09,32.478,8661.05,2551.75,57.3,134.05,,79.598,0.9483
3357,2012-11-14,81.056,97.57,113.23,1033.01,94.66,1.589,0.106,114.17,,17.92,86.32,219.06,1353.0,2475.0,152.03,32.871,8664.73,2520.75,56.84,134.05,,79.46,0.947
3358,2012-11-15,81.078,97.59,113.65,1026.62,94.54,1.594,0.081,114.14,,17.99,85.45,216.99,1351.25,2460.0,152.06,32.665,8829.72,2513.25,55.6,134.03,,80.2,0.9455
3359,2012-11-16,81.257,97.62,115.85,1028.0601,90.27,1.584,0.081,114.25,,16.41,86.92,217.09,1359.75,2428.0,152.22,32.361,9024.16,2524.25,54.98,134.19,,81.12,0.9422
3360,2012-11-19,80.874,97.48,113.46,1043.13,88.43,1.613,0.081,114.37,,15.24,89.28,219.59,1382.5,2495.0,151.44,33.181,9153.2,2576.75,54.7,133.91,,81.526,0.9444
3361,2012-11-20,80.957,97.3,117.25,1045.03,85.93,1.668,0.0761,114.005,,15.08,86.75,218.22,1386.25,2508.0,150.53,32.923,9142.64,2584.75,53.7,133.61,,81.35,0.9427
3362,2012-11-21,80.932,97.18,116.62,1044.12,85.85,1.68,0.096,114.03,,15.31,87.38,218.82,1388.25,2518.0,150.09,33.344,9222.52,2587.25,53.9,133.39,,81.755,0.9401
3363,2012-11-22,80.932,,,,,,0.096,,,,,,,2534.0,150.07,33.34,9366.8,,,,,82.574,0.9363
3364,2012-11-23,80.192,97.15,117.82,1057.0601,82.86,1.693,0.091,114.05,,15.14,88.28,221.75,1405.25,2552.0,150.03,34.111,,2625.5,,133.33,,82.359,0.9353
3365,2012-11-26,80.251,97.29,116.96,1057.15,82.45,1.666,0.096,114.17,,15.5,87.74,221.53,1403.25,2541.0,150.59,34.138,9388.94,2637.0,,133.55,,82.546,0.9284
3366,2012-11-27,80.402,97.36,116.65,1054.09,84.17,1.639,0.0938,114.34,,15.92,87.18,220.61,1397.5,2540.0,150.88,33.982,9423.3,2632.5,51.7,133.72,,81.888,0.9269
3367,2012-11-28,80.336,97.47,116.12,1051.39,80.39,1.633,0.0989,114.23,,15.51,86.49,217.33,1407.0,2547.0,151.38,33.681,9308.35,2651.75,52.3,133.98,,82.08,0.9306
3368,2012-11-29,80.204,97.45,117.35,1058.35,78.42,1.62,0.086,114.28,,15.06,88.07,218.68,1415.75,2579.0,151.22,34.348,9400.88,2671.25,51.7,134.02,,82.15,0.9291
3369,2012-11-30,80.153,97.49,117.07,1061.4301,78.59,1.613,0.081,114.41,,15.87,88.91,216.56,1414.5,2579.0,151.41,33.204,9446.01,2667.0,51.8,134.12,,82.151,0.9278
3370,2012-12-03,79.882,97.44,115.98,1066.15,84.07,1.622,0.086,114.08,,16.64,89.09,217.62,1407.0,2581.0,151.06,33.681,9458.18,2661.25,51.02,133.97,,82.456,0.9272
3371,2012-12-04,79.644,97.52,115.31,1066.49,86.18,1.605,0.096,113.99,,17.12,88.5,214.42,1405.5,2586.0,151.47,32.734,9432.46,2655.75,51.7,134.08,,82.133,0.9272
3372,2012-12-05,79.774,97.58,114.55,1064.1,82.98,1.591,0.096,114.33,,16.46,87.88,214.17,1408.25,2587.0,151.59,32.883,9468.84,2628.75,52.3,134.28,,81.816,0.9264
3373,2012-12-06,80.258,97.63,115.74,1069.26,84.15,1.586,0.096,114.27,,16.58,86.26,215.18,1413.0,2603.0,151.84,33.039,9545.16,2645.25,53.3,134.36,,82.436,0.9264
3374,2012-12-07,80.41,97.45,115.23,1075.0601,80.74,1.623,0.086,114.11,,15.9,85.93,215.65,1416.0,2598.0,150.88,33.053,9527.39,2627.25,,134.06,,82.43,0.9327
3375,2012-12-10,80.328,97.51,114.77,1076.01,81.56,1.618,0.081,114.18,,16.05,85.56,216.77,1420.25,2594.0,151.06,33.3,9533.75,2641.75,52.25,134.11,,82.56,0.9359
3376,2012-12-11,80.061,97.38,115.92,1077.29,78.7,1.656,0.071,113.99,,15.57,85.79,216.16,1431.5,2623.0,150.38,32.941,9525.32,2677.0,51.6,133.92,,82.35,0.9335
3377,2012-12-12,79.815,97.2,116.49,1074.5699,83.02,1.702,0.038,113.701,,15.95,86.77,217.21,1427.25,2629.0,149.44,33.707,9581.46,2661.5,53.6,133.61,,82.52,0.9314
3378,2012-12-13,79.928,97.1,116.24,1068.29,86.74,1.732,0.056,113.47,,16.56,85.89,214.55,1418.0,2621.0,149.19,32.28,9742.73,2643.0,,133.3,,83.21,0.9266
3379,2012-12-14,79.58,97.19,118.92,1070.4,86.39,1.704,0.03,113.67,,17.0,86.73,214.57,1415.0,2628.0,149.72,32.223,9737.56,2619.0,52.8,133.39,,83.667,0.9236
3380,2012-12-17,79.568,96.98,118.06,1074.5699,82.1,1.773,0.03,113.34,,16.34,87.2,214.72,1427.0,2626.0,148.66,32.206,9828.88,2657.75,57.1,132.98,,84.142,0.9181
3381,2012-12-18,79.359,96.68,117.86,1081.17,79.36,1.821,0.046,113.0,,15.57,87.93,211.25,1441.0,2647.0,147.31,31.595,9923.01,2697.25,63.0,132.58,,83.903,0.9178
3382,2012-12-19,79.269,96.8,120.76,1080.33,83.33,1.807,0.0583,113.32,,17.36,89.98,210.87,1433.0,2655.0,148.03,31.045,10160.4,2688.75,57.8,132.88,,84.361,0.9129
3383,2012-12-20,79.261,96.8,124.47,1092.3199,83.06,1.8,0.056,113.31,,17.67,90.13,208.11,1440.5,2661.0,146.5,29.612,10039.33,2685.75,54.4,132.16,,84.226,0.9136
3384,2012-12-21,79.617,96.99,127.08,1085.61,87.7,1.77,0.056,113.4,,17.84,88.66,209.91,1420.5,2643.0,147.53,30.142,9940.06,2656.25,55.3,132.48,,84.42,0.9119
3385,2012-12-24,79.642,96.92,124.47,1087.45,89.27,1.776,0.0583,113.53,,17.84,88.61,209.83,1419.75,2660.0,147.25,29.839,,2644.5,54.9,132.33,,84.41,0.916
3386,2012-12-25,79.642,,,,,,0.056,,,,,,,,,29.94,10080.12,,,,,84.84,0.916
3387,2012-12-26,79.621,96.97,122.18,1083.17,92.17,1.749,0.061,113.28,,19.48,90.98,209.98,1413.5,2660.0,147.47,29.983,10230.36,2624.25,54.5,132.5,,85.0,0.916
3388,2012-12-27,79.62,97.19,119.6,1086.1801,90.89,1.734,0.076,113.49,,19.47,90.87,210.36,1410.75,2654.0,148.34,30.184,10322.98,2618.25,55.0,132.92,,85.668,0.9131
3389,2012-12-28,79.678,97.2,118.38,1080.51,104.72,1.701,0.015,113.6999,,22.72,90.8,209.37,1384.0,2615.0,148.38,29.92,10395.18,2581.75,56.7,132.95,,86.507,0.9124
3390,2012-12-31,79.769,97.08,121.27,1086.55,92.5,1.757,0.035,113.16,,18.02,91.82,211.89,1420.0,2604.0,147.5,30.173,,2651.0,59.4,132.78,,85.96,0.9126
3391,2013-01-01,79.769,,,,,,0.046,,,,,,,,,30.248,,,,,,86.72,0.9146
3392,2013-01-02,79.845,96.72,121.77,1101.4,78.77,1.835,0.061,113.51,,14.68,93.12,213.53,1457.0,2700.0,145.72,30.952,,2734.5,61.1,132.14,,86.6,0.9154
3393,2013-01-03,80.382,96.48,117.93,1097.2,77.02,1.911,0.071,113.145,,14.56,92.92,211.74,1453.5,2695.0,144.72,30.671,,2721.25,63.5,131.62,,87.275,0.9178
3394,2013-01-04,80.499,96.43,115.53,1100.33,75.18,1.903,0.071,113.08,,13.83,93.09,208.49,1457.75,2698.0,144.5,29.896,10688.11,2708.75,62.0,131.52,,87.74,0.928
3395,2013-01-07,80.256,96.49,116.78,1101.61,76.77,1.901,0.061,113.26,,13.79,93.19,208.16,1455.75,2686.0,144.69,30.032,10599.01,2713.5,59.9,131.58,,88.198,0.9245
3396,2013-01-08,80.345,96.62,118.15,1097.53,78.37,1.864,0.0608,113.5,,13.62,93.15,210.17,1452.25,2685.0,145.19,30.415,10508.06,2709.75,58.6,131.86,,87.253,0.9209
3397,2013-01-09,80.557,96.72,117.89,1100.58,78.51,1.86,0.0608,113.54,,13.81,93.1,209.33,1455.75,2700.0,145.5,30.201,10578.57,2717.75,56.3,132.06,,86.907,0.9238
3398,2013-01-10,79.738,96.59,118.53,1103.54,77.49,1.899,0.061,113.38,,13.49,93.82,212.17,1467.0,2701.0,144.84,30.875,10652.64,2732.75,58.2,131.72,,88.133,0.9258
3399,2013-01-11,79.563,96.66,119.14,1103.4399,78.52,1.866,0.066,113.4412,,13.36,93.56,209.97,1467.25,2711.0,145.28,30.367,10801.57,2739.5,59.2,131.91,,89.246,0.914
3400,2013-01-14,79.488,96.73,117.19,1106.13,78.28,1.848,0.066,113.38,,13.52,94.14,211.08,1464.25,2711.0,145.47,31.08,,2724.5,55.8,132.03,,89.523,0.9139
3401,2013-01-15,79.779,96.84,120.9,1111.47,77.84,1.836,0.081,113.4799,,13.55,93.28,212.93,1465.25,2696.0,145.97,31.498,10879.08,2710.0,53.1,132.27,,89.46,0.9223
3402,2013-01-16,79.804,96.85,120.13,1110.11,77.26,1.819,0.081,113.68,,13.42,94.24,212.83,1465.5,2699.0,146.09,31.514,10600.44,2721.75,53.2,132.3,,88.75,0.9317
3403,2013-01-17,79.649,96.64,120.53,1110.17,78.77,1.884,0.076,113.42,,13.57,95.49,213.79,1475.75,2712.0,145.19,31.786,10609.64,2736.25,56.9,131.88,,88.63,0.9308
3404,2013-01-18,80.036,96.76,124.79,1112.36,73.43,1.84,0.076,113.51,,12.46,95.56,213.31,1479.0,2706.0,145.84,31.902,10913.3,2729.5,55.85,132.14,,89.821,0.9331
3405,2013-01-21,80.036,,,,,,0.076,,,,,,,2722.0,145.51,32.013,10747.74,,58.96,,,90.174,0.934
3406,2013-01-22,79.874,96.84,126.73,1116.61,73.87,1.844,0.066,113.49,,12.43,96.24,214.09,1489.5,2715.0,146.03,32.147,10709.93,2746.75,61.89,132.27,,89.6,0.9343
3407,2013-01-23,79.92,96.83,126.58,1115.63,71.86,1.828,0.076,113.47,,12.46,95.23,213.27,1490.25,2706.0,145.97,32.409,10486.99,2754.75,53.6,132.3,,88.529,0.9292
3408,2013-01-24,79.949,96.8,125.47,1116.35,76.17,1.852,0.081,113.37,,12.69,95.95,211.15,1491.75,2721.0,145.84,31.695,10620.87,2714.0,55.3,132.23,,88.58,0.9296
3409,2013-01-25,79.748,96.37,124.71,1122.12,76.92,1.949,0.076,112.86,,12.89,95.88,209.47,1495.75,2740.0,144.06,31.18,10926.65,2723.75,66.2,131.41,,90.558,0.9294
3410,2013-01-28,79.748,96.29,122.95,1121.35,78.16,1.965,0.066,112.61,,13.57,96.44,208.99,1497.0,2746.0,143.66,30.756,10824.31,2733.25,63.7,131.22,,91.179,0.9269
3411,2013-01-29,79.564,96.27,123.95,1124.1899,73.61,1.999,0.066,112.411,,13.31,97.57,209.96,1505.0,2750.0,143.44,31.159,10866.72,2738.5,62.4,131.22,,90.46,0.9261
3412,2013-01-30,79.281,96.22,121.92,1119.45,77.34,1.992,0.066,112.27,,14.32,97.94,212.35,1495.25,2730.0,143.06,32.152,11113.95,2731.5,66.4,131.19,,90.79,0.9222
3413,2013-01-31,79.207,96.3,121.64,1116.22,76.72,1.985,0.071,112.28,,14.28,97.49,209.87,1493.25,2711.0,143.47,31.335,11138.66,2720.75,65.6,131.28,,91.021,0.911
3414,2013-02-01,79.206,96.21,122.55,1121.52,73.29,2.025,0.066,111.82,,12.9,97.77,210.96,1506.75,2708.0,142.84,31.942,11191.34,2752.25,65.0,131.12,,91.707,0.9094
3415,2013-02-04,79.554,96.37,122.6,1117.4301,77.79,1.957,0.061,112.07,,14.67,96.17,211.69,1493.5,2628.0,143.47,31.7,11260.35,2707.25,63.1,131.5,,92.77,0.9082
3416,2013-02-05,79.488,96.21,123.22,1115.1,75.07,2.005,0.071,111.84,,13.72,96.64,211.32,1506.0,2652.0,142.75,31.859,11046.92,2745.0,64.8,131.22,,92.153,0.9088
3417,2013-02-06,79.721,96.39,122.45,1118.04,77.24,1.964,0.071,112.16,,13.41,96.62,211.99,1506.75,2621.0,143.53,31.861,11463.75,2733.0,62.8,131.61,,93.57,0.9078
3418,2013-02-07,80.192,96.45,125.35,1113.62,76.86,1.959,0.071,112.1201,,13.5,95.83,211.05,1505.25,2599.0,143.78,31.387,11357.07,2737.75,59.9,131.75,,93.435,0.9099
3419,2013-02-08,80.213,96.43,125.67,1121.33,74.42,1.95,0.071,112.27,,13.02,95.72,210.49,1512.5,2627.0,143.69,31.425,11153.16,2767.75,61.5,131.73,,93.633,0.9184
3420,2013-02-11,80.31,96.46,125.53,1120.04,76.1,1.964,0.071,112.252,,12.94,97.03,208.24,1513.0,2622.0,143.88,30.895,,2766.25,60.0,131.69,,92.535,0.9172
3421,2013-02-12,80.106,96.3,126.12,1128.1,73.83,1.979,0.086,112.13,,12.64,97.51,208.3,1516.25,2646.0,143.25,31.004,11369.12,2756.5,59.8,131.44,,94.191,0.9206
3422,2013-02-13,80.091,96.17,126.68,1127.17,73.25,2.028,0.091,111.94,,12.98,97.01,207.74,1517.25,2655.0,142.62,30.854,11251.41,2766.0,61.7,131.16,,93.305,0.9166
3423,2013-02-14,80.458,96.36,127.19,1123.53,72.99,1.998,0.101,112.13,,12.66,97.31,206.52,1518.5,2637.0,143.47,30.343,11307.28,2763.0,59.1,131.56,,93.256,0.9174
3424,2013-02-15,80.58,96.32,130.46,1122.41,72.55,2.005,0.101,112.15,,12.46,95.86,203.24,1517.0,2615.0,143.47,29.839,11173.83,2757.0,59.1,131.53,,92.957,0.9221
3425,2013-02-18,80.58,,,,,,0.101,,,,,,,2616.0,143.49,30.043,11407.87,,,,,93.722,0.9231
3426,2013-02-19,80.468,96.24,130.15,1131.13,70.45,2.028,0.106,112.0,,12.31,96.66,202.57,1528.0,2665.0,143.06,29.413,11372.34,2776.5,58.4,131.34,,93.65,0.9232
3427,2013-02-20,81.069,96.27,124.47,1125.48,79.65,2.01,0.122,112.08,,14.68,95.22,199.26,1507.0,2640.0,143.09,28.615,11468.28,2733.25,57.9,131.47,,93.708,0.922
3428,2013-02-21,81.461,96.44,122.58,1116.6,80.83,1.974,0.127,112.201,,15.22,92.84,199.34,1501.0,2579.0,143.84,28.695,11309.13,2709.75,59.7,131.8,,93.66,0.9279
3429,2013-02-22,81.46,96.47,125.37,1124.25,78.66,1.962,0.127,112.31,,14.17,93.13,198.61,1514.5,2630.0,144.0,28.456,11385.94,2731.5,58.6,131.91,,93.15,0.9307
3430,2013-02-25,81.67,96.76,121.5,1109.51,94.34,1.865,0.122,112.84,,18.99,93.11,200.35,1487.25,2652.0,145.25,28.983,11662.52,2698.0,60.0,132.5,,94.22,0.9304
3431,2013-02-26,81.87,96.83,122.92,1111.24,90.23,1.886,0.112,112.73,,16.87,92.63,204.0,1492.5,2569.0,145.62,29.256,11398.81,2703.5,58.0,132.67,,92.397,0.9314
3432,2013-02-27,81.602,96.76,124.96,1118.49,82.29,1.9,0.1116,112.721,,14.73,92.76,201.5,1515.75,2612.0,145.16,28.943,11253.97,2736.25,58.41,132.58,,92.11,0.9316
3433,2013-02-28,81.949,96.81,126.86,1121.47,86.57,1.881,0.106,112.76,,15.51,92.05,199.28,1513.25,2635.0,145.28,28.395,11559.36,2733.75,55.88,132.7,,92.303,0.9285
3434,2013-03-01,82.276,96.92,128.19,1123.22,87.83,1.845,0.106,112.67,,15.36,90.68,198.54,1516.5,2617.0,145.84,28.451,11606.38,2744.5,55.0,132.92,,92.582,0.9371
3435,2013-03-04,82.195,96.85,128.65,1128.6,82.27,1.879,0.0887,112.54,,14.01,90.12,198.56,1525.75,2624.0,145.44,28.457,11652.29,2755.75,53.9,132.78,,93.564,0.942
3436,2013-03-05,82.087,96.78,128.65,1137.59,79.32,1.898,0.096,112.44,,13.48,90.82,198.87,1537.0,2683.0,145.16,28.563,11683.45,2794.0,56.5,132.69,,93.401,0.9403
3437,2013-03-06,82.459,96.61,126.62,1136.53,78.78,1.939,0.101,112.3099,,13.53,90.43,198.87,1539.0,2679.0,144.34,28.76,11932.27,2784.0,,132.39,,93.289,0.9412
3438,2013-03-07,82.081,96.4,125.28,1134.0699,77.16,1.995,0.096,112.0,,13.06,91.56,198.9,1542.75,2687.0,143.47,28.767,11968.08,2795.0,60.5,131.94,,93.927,0.9485
3439,2013-03-08,82.715,96.17,124.46,1131.22,76.65,2.049,0.096,111.7599,,12.59,91.95,199.12,1549.5,2727.0,142.5,28.909,12283.62,2797.25,58.1,131.47,,94.928,0.9422
3440,2013-03-11,82.573,96.18,125.21,1133.62,77.32,2.061,0.096,111.61,,11.56,92.06,199.27,1550.5,2720.0,142.44,28.812,12349.05,2805.5,55.07,131.48,,96.17,0.9523
3441,2013-03-12,82.584,96.31,128.66,1130.5,79.99,2.019,0.0963,111.88,,12.27,92.54,201.0,1546.75,2710.0,143.06,29.131,12314.81,2798.0,53.7,131.73,,96.619,0.9482
3442,2013-03-13,82.889,96.31,127.13,1130.13,84.36,2.023,0.091,111.843,,11.83,92.52,200.58,1550.0,2706.0,143.06,28.922,12239.66,2793.5,54.6,131.72,,95.82,0.9472
3443,2013-03-14,82.606,96.26,128.96,1139.33,83.5,2.037,0.096,111.79,,11.3,93.03,200.87,1556.0,2742.0,142.81,28.772,12381.19,2800.0,56.0,131.73,,96.02,0.9526
3444,2013-03-15,82.13,96.4,129.12,1144.52,85.72,1.991,0.091,112.08,,11.3,93.45,201.11,1553.5,2735.0,143.38,28.817,12560.95,2790.5,55.8,132.14,,95.962,0.9469
3445,2013-03-18,82.694,96.56,126.17,1137.0,93.07,1.955,0.081,112.2299,,13.36,93.74,202.61,1546.75,2642.0,144.22,28.841,12220.63,2787.0,,132.44,,94.889,0.9454
3446,2013-03-19,82.989,96.75,127.08,1129.47,94.39,1.904,0.061,112.35,,14.39,92.52,203.46,1542.25,2609.0,145.22,28.81,12468.23,2779.5,,132.8,,95.343,0.9472
3447,2013-03-20,82.779,96.64,123.73,1133.3,89.45,1.958,0.066,111.98,,12.67,93.5,202.96,1549.0,2646.0,143.12,28.783,,2785.25,,131.39,,95.05,0.9476
3448,2013-03-21,82.74,96.67,121.69,1130.45,93.98,1.915,0.066,112.329,,13.99,92.45,203.76,1539.0,2617.0,143.31,29.179,12635.69,2769.75,,131.41,,95.955,0.9446
3449,2013-03-22,82.529,96.72,122.18,1138.25,91.78,1.927,0.071,112.25,,13.57,93.71,202.79,1552.0,2619.0,143.62,28.666,12338.53,2793.5,,131.52,,94.91,0.9462
3450,2013-03-25,82.828,96.74,122.03,1141.12,88.86,1.92,0.0608,112.17,,13.74,94.81,202.6,1547.0,2587.0,143.5,28.785,12546.46,2784.25,57.67,131.58,,94.828,0.9385
3451,2013-03-26,82.881,96.78,122.47,1147.22,85.14,1.911,0.079,112.33,,12.77,96.34,201.44,1557.25,2577.0,143.69,28.644,12471.62,2799.75,56.1,131.7,,93.963,0.9483
3452,2013-03-27,83.221,96.96,121.99,1147.52,85.32,1.845,0.089,112.532,,13.15,96.58,202.69,1556.75,2548.0,144.56,28.577,12493.79,2801.0,,132.12,,94.635,0.9481
3453,2013-03-28,82.988,96.9,122.93,1150.13,83.2,1.852,0.071,112.57,,12.7,97.23,201.24,1562.75,2554.0,144.47,28.292,12335.96,2811.0,57.3,131.98,,94.316,0.9539
3454,2013-03-29,83.071,,,,,,,,,,,,,,,,12397.91,,,,,94.19,0.9492
3455,2013-04-01,82.733,97.01,121.21,1147.03,84.23,1.835,0.071,112.33,,13.58,97.07,201.89,1556.0,,144.88,27.913,12135.02,2788.0,56.2,132.12,,93.18,0.9463
3456,2013-04-02,82.924,96.93,122.84,1154.17,80.49,1.862,0.074,112.2302,,12.78,97.19,198.74,1564.5,2614.0,144.44,27.217,12003.43,2812.75,56.0,131.98,,93.362,0.9486
3457,2013-04-03,82.718,97.14,120.92,1152.41,85.23,1.816,0.061,112.62,,14.21,94.45,195.91,1548.5,2577.0,145.28,26.773,12362.2,2787.0,57.9,132.41,,92.889,0.9448
3458,2013-04-04,82.677,97.38,120.79,1164.33,83.12,1.766,0.066,112.9405,,13.89,93.26,195.78,1554.5,2560.0,146.34,26.748,12634.54,2785.0,56.9,132.84,,96.437,0.9406
3459,2013-04-05,82.496,97.67,118.34,1168.34,84.49,1.714,0.066,113.4,,13.92,92.7,198.74,1546.0,2523.0,148.0,27.201,12833.64,2763.0,54.8,133.16,,97.535,0.9348
3460,2013-04-08,82.752,97.54,119.21,1177.0601,82.12,1.745,0.066,113.37,,13.19,93.36,198.31,1559.25,2523.0,147.31,27.12,13192.59,2781.0,54.9,132.86,,99.28,0.9343
3461,2013-04-09,82.309,97.47,118.63,1177.23,82.04,1.752,0.068,113.43,,12.84,94.2,200.1,1563.25,2527.0,147.0,27.866,13192.35,2797.5,52.7,132.81,,98.95,0.9323
3462,2013-04-10,82.532,97.23,118.34,1184.52,82.75,1.805,0.071,113.15,,12.36,94.64,196.58,1582.75,2598.0,145.94,27.639,13288.13,2853.25,53.9,132.42,,99.666,0.9333
3463,2013-04-11,82.247,97.28,117.24,1193.03,83.37,1.791,0.068,113.29,,12.24,93.51,197.35,1587.75,2617.0,146.22,27.685,13549.16,2853.25,52.6,132.55,,99.621,0.9301
3464,2013-04-12,82.127,97.54,117.84,1199.54,82.39,1.721,0.061,113.59,,12.06,91.29,189.34,1582.0,2573.0,147.53,26.322,13485.14,2846.25,53.1,132.98,,98.4,0.9275
3465,2013-04-15,82.417,97.65,119.92,1178.34,104.62,1.688,0.058,113.73,,17.27,88.71,171.65,1543.5,2564.0,147.94,23.355,13275.66,2783.5,52.3,133.05,,96.8,0.93
3466,2013-04-16,81.749,97.57,124.1,1191.37,88.19,1.722,0.058,113.79,,13.96,88.72,174.97,1568.75,2555.0,147.62,23.622,13221.44,2828.0,51.9,132.95,,97.61,0.9222
3467,2013-04-17,82.684,97.63,120.7,1180.29,105.26,1.698,0.056,113.88,,16.51,86.68,174.37,1546.0,2497.0,147.97,23.301,13382.89,2774.5,52.0,133.06,,98.029,0.9325
3468,2013-04-18,82.559,97.7,121.28,1179.61,107.65,1.686,0.056,113.91,,17.56,88.0,175.61,1534.0,2499.0,148.44,23.239,13220.07,2739.5,51.3,133.14,,98.203,0.9323
3469,2013-04-19,82.714,97.62,122.61,1194.52,95.52,1.705,0.051,113.91,,14.97,88.01,176.0,1547.5,2515.0,148.12,22.955,13316.48,2768.25,51.3,133.0,,99.52,0.9334
3470,2013-04-22,82.676,97.67,120.52,1192.4,90.91,1.695,0.051,113.945,,14.39,89.19,179.23,1556.0,2525.0,148.16,23.32,13568.37,2797.25,50.6,133.09,,99.16,0.9344
3471,2013-04-23,83.048,97.65,121.56,1198.3199,85.16,1.707,0.051,114.12,,13.48,89.18,177.67,1573.5,2608.0,148.09,22.813,13529.65,2823.0,50.0,133.08,,99.677,0.9456
3472,2013-04-24,83.048,97.67,119.84,1203.63,84.99,1.703,0.056,114.14,,13.61,91.43,179.55,1574.0,2647.0,148.19,22.829,13843.46,2824.0,49.8,133.11,,99.42,0.9474
3473,2013-04-25,82.744,97.62,119.83,1201.0601,85.89,1.71,0.056,114.0893,,13.62,93.64,184.38,1581.75,2650.0,147.94,24.14,13926.08,2844.0,49.4,133.06,,99.342,0.9451
3474,2013-04-26,82.469,97.81,118.86,1197.14,85.09,1.665,0.053,114.39,,13.61,93.0,183.32,1576.5,2634.0,148.88,23.758,13884.13,2830.5,50.2,133.44,,98.05,0.9424
3475,2013-04-29,82.147,97.79,118.85,1207.1899,84.42,1.667,0.053,114.41,,13.71,94.5,185.06,1588.25,2673.0,148.59,24.122,,2858.75,49.6,133.45,,97.864,0.9371
3476,2013-04-30,81.746,97.76,119.05,1219.63,83.46,1.673,0.051,114.37,,13.52,93.46,185.65,1592.25,2669.0,148.38,24.144,13860.86,2880.0,49.2,133.36,,97.269,0.9293
3477,2013-05-01,81.484,97.93,118.05,1212.42,88.11,1.632,0.056,114.24,,14.49,91.03,182.38,1577.25,,149.12,23.305,13799.35,2863.5,49.0,133.61,,97.132,0.9268
3478,2013-05-02,82.224,97.96,117.95,1215.45,83.82,1.624,0.056,114.31,,13.59,93.99,185.08,1592.25,2684.0,149.19,23.79,13694.04,2902.0,49.0,133.64,,97.946,0.9347
3479,2013-05-03,82.099,97.48,118.18,1218.35,80.91,1.74,0.051,113.66,,12.85,95.61,184.65,1608.5,2725.0,147.06,23.975,,2935.0,,132.86,,99.035,0.9354
3480,2013-05-06,82.315,97.39,116.93,1222.13,79.78,1.764,0.036,113.63,,12.66,96.16,185.13,1613.5,2717.0,146.5,23.918,,2947.5,49.49,132.67,,99.344,0.9385
3481,2013-05-07,82.253,97.34,119.76,1227.04,78.86,1.78,0.041,113.5801,,12.83,95.62,182.71,1620.5,2734.0,146.25,23.771,14180.24,2946.5,49.49,132.62,,98.776,0.9408
3482,2013-05-08,81.896,97.43,117.35,1230.38,79.81,1.767,0.046,113.53,,12.66,96.62,185.85,1628.75,2757.0,146.72,23.892,14285.69,2961.75,49.49,132.78,,98.878,0.935
3483,2013-05-09,82.793,97.38,119.08,1221.53,81.14,1.814,0.041,113.429,,13.13,96.39,185.2,1624.5,2755.0,146.5,23.879,14191.48,2958.0,48.87,132.72,,100.765,0.9494
3484,2013-05-10,83.143,97.02,117.97,1218.26,80.45,1.9,0.041,113.06,,12.59,96.04,181.16,1629.5,2761.0,145.0,23.632,14607.54,2975.5,55.32,132.08,,101.615,0.9569
3485,2013-05-13,83.277,96.96,119.16,1220.28,,1.917,0.038,112.95,,12.55,95.17,180.87,1630.75,2756.0,144.62,23.67,14782.21,2957.75,56.51,131.97,,101.667,0.9562
3486,2013-05-14,83.595,96.84,116.16,1221.25,,1.982,0.046,112.62,,12.77,94.21,179.63,1648.0,2777.0,144.06,23.355,14758.42,2972.0,57.74,131.72,,102.21,0.9652
3487,2013-05-15,83.83,96.88,119.41,1228.2,83.15,1.94,0.043,112.77,,12.81,94.3,176.07,1654.25,2791.0,144.19,22.643,15096.03,2977.75,,131.84,,102.258,0.9653
3488,2013-05-16,83.588,97.18,121.22,1225.3101,84.5,1.879,0.03,113.18,,13.07,95.16,174.9,1648.0,2791.0,145.44,22.643,15037.24,2975.0,,132.47,,102.135,0.9646
3489,2013-05-17,84.252,96.85,127.85,1230.45,84.0,1.954,0.036,112.98,,12.45,96.02,172.1,1663.0,2806.0,143.97,22.339,15138.12,2999.5,61.3,131.86,,103.21,0.9725
3490,2013-05-20,83.736,96.83,117.67,1237.14,85.01,1.965,0.038,112.89,,13.02,96.71,174.54,1664.5,2815.0,143.75,22.568,15360.81,2997.75,60.5,131.81,,102.166,0.9667
3491,2013-05-21,83.864,96.91,117.08,1241.03,88.04,1.93,0.046,112.87,,13.37,96.18,173.71,1665.5,2810.0,144.09,22.442,15381.02,2998.25,59.8,131.91,,102.442,0.9691
3492,2013-05-22,84.352,96.62,117.16,1212.26,88.23,2.037,0.041,112.35,,13.82,94.28,172.4,1655.5,2827.0,142.84,22.458,15627.26,2977.75,65.4,131.23,,103.176,0.9803
3493,2013-05-23,83.8,96.65,116.92,1190.25,87.4,2.016,0.046,112.25,,14.07,94.25,175.47,1650.0,2772.0,143.0,22.494,14483.98,2969.0,68.2,131.27,,102.41,0.97
3494,2013-05-24,83.7,96.7,118.17,1185.41,83.88,2.011,0.043,112.18,,13.99,94.15,174.81,1650.5,2762.0,143.38,22.482,14612.45,2969.0,65.1,131.34,,101.29,0.9617
3495,2013-05-27,83.7,,,,,,,,,,,,,2790.0,142.18,22.585,14142.65,,,,,101.117,0.9629
3496,2013-05-28,84.1,96.22,112.47,1178.26,82.65,2.167,0.043,111.45,,14.48,95.01,173.82,1654.5,2838.0,141.25,22.18,14311.98,2980.25,75.5,130.39,,102.446,0.9769
3497,2013-05-29,83.66,96.25,116.2,1157.59,81.72,2.119,0.033,111.39,,14.83,93.13,175.35,1647.0,2784.0,141.62,22.445,14326.46,2972.25,81.2,130.47,,100.916,0.9612
3498,2013-05-30,83.042,96.23,117.75,1145.59,80.22,2.119,0.03,111.331,,14.53,93.61,177.89,1653.5,2796.0,141.5,22.674,13589.03,2986.75,77.4,130.48,,101.1,0.9537
3499,2013-05-31,83.261,96.09,119.51,1132.4399,84.87,2.132,0.038,110.82,,16.3,91.97,175.5,1629.0,2774.0,141.06,22.228,13774.54,2957.0,80.0,130.25,,100.485,0.9552
3500,2013-06-03,82.656,96.22,119.16,1136.5,86.99,2.128,0.036,110.4756,,16.28,93.45,177.88,1636.25,2748.0,141.31,22.715,13261.82,2962.25,79.2,130.42,,99.738,0.9475
3501,2013-06-04,82.769,96.15,116.87,1128.42,87.39,2.15,0.046,110.23,,16.27,93.31,176.03,1631.25,2753.0,141.09,22.4,13533.76,2951.5,82.8,130.34,,100.25,0.9483
3502,2013-06-05,82.594,96.29,116.57,1115.36,93.18,2.091,0.051,110.12,,17.5,93.74,176.19,1608.0,2711.0,141.62,22.465,13014.87,2915.25,83.6,130.56,,98.952,0.9418
3503,2013-06-06,81.537,96.38,116.57,1125.26,91.91,2.079,0.051,110.36,,16.63,94.76,178.37,1622.75,2679.0,142.12,22.701,12904.02,2926.25,84.7,130.8,,97.327,0.9295
3504,2013-06-07,81.669,96.02,116.2,1125.0601,84.19,2.179,0.046,109.76,,15.14,96.03,174.24,1638.5,2725.0,140.78,21.737,12877.53,2957.25,81.5,130.14,,97.545,0.9361
3505,2013-06-10,81.646,95.83,116.2,1116.1899,82.94,2.213,0.046,109.44,,15.44,95.77,174.62,1642.0,2718.0,139.94,21.921,13514.2,2963.75,84.7,129.81,,98.849,0.9337
3506,2013-06-11,81.113,95.91,116.98,1100.52,92.32,2.19,0.051,109.29,,17.07,95.38,173.48,1627.0,2685.0,140.34,21.645,13317.62,2940.25,82.3,129.92,,96.102,0.9243
3507,2013-06-12,80.947,95.77,115.56,1089.0,101.77,2.228,0.048,108.96,,18.59,95.88,175.37,1610.0,2669.0,139.78,21.796,13289.32,2897.0,81.9,129.7,,95.929,0.9206
3508,2013-06-13,80.752,95.99,117.28,1108.4399,95.08,2.149,0.046,109.76,,16.41,96.69,173.58,1636.75,2664.0,140.72,21.582,12445.38,2939.0,82.4,130.06,,95.494,0.9224
3509,2013-06-14,80.618,96.24,116.29,1119.26,93.87,2.129,0.046,110.01,,17.15,97.85,174.82,1624.25,2667.0,141.31,21.953,12686.52,2918.75,78.5,130.62,,94.085,0.9211
3510,2013-06-17,80.787,96.1,116.74,1121.02,90.45,2.178,0.046,109.799,,16.8,97.77,174.25,1633.75,2703.0,140.53,21.757,13033.12,2946.75,78.5,130.36,,94.68,0.9223
3511,2013-06-18,80.612,96.1,118.7,1124.52,89.99,2.185,0.051,109.705,,16.61,98.44,172.21,1645.25,2700.0,140.56,21.676,13007.28,2970.5,81.0,130.28,,95.517,0.9203
3512,2013-06-19,81.428,95.56,117.84,1102.49,88.59,2.355,0.051,108.44,,16.64,98.48,173.11,1623.75,2685.0,139.97,21.622,13245.22,2938.25,86.9,129.89,,96.59,0.9287
3513,2013-06-20,81.915,95.16,117.52,1055.29,100.98,2.421,0.046,107.67,,20.49,95.14,162.04,1584.0,2593.0,136.12,19.822,13014.58,2862.0,96.0,127.09,,97.141,0.9261
3514,2013-06-21,82.41,94.81,117.36,1059.59,96.1,2.542,0.046,106.5,,18.9,93.69,162.78,1584.0,2612.0,135.03,19.958,13230.13,2847.0,103.7,126.27,,97.9,0.9346
3515,2013-06-24,82.425,94.72,116.08,1051.23,100.93,2.544,0.046,106.04,,20.11,95.18,160.9,1566.25,2510.0,134.81,19.493,13062.78,2826.0,111.0,125.95,,97.531,0.9324
3516,2013-06-25,82.581,94.56,115.23,1064.59,94.83,2.612,0.066,106.26,,18.47,95.32,160.65,1581.5,2539.0,134.16,19.526,12969.34,2840.25,108.4,125.7,,98.147,0.9386
3517,2013-06-26,82.977,94.77,115.81,1079.33,90.76,2.541,0.058,106.781,,17.21,95.5,154.94,1595.5,2598.0,134.97,18.587,12834.01,2865.0,103.5,126.16,,97.77,0.9421
3518,2013-06-27,82.902,94.98,116.01,1098.16,86.05,2.474,0.056,107.451,,16.86,97.05,152.65,1606.5,2619.0,135.59,18.533,13213.55,2881.5,97.1,126.64,,98.476,0.9449
3519,2013-06-28,83.136,95.07,116.53,1097.4399,86.54,2.487,0.036,107.45,,16.86,96.56,154.17,1599.25,2598.0,135.84,19.451,13677.32,2883.25,99.8,126.56,,99.135,0.9448
3520,2013-07-01,83.054,95.06,114.85,1094.01,84.89,2.477,0.015,107.42,,16.37,97.99,158.2,1606.75,2617.0,135.75,19.56,13852.5,2899.0,101.3,126.53,,99.657,0.945
3521,2013-07-02,83.544,95.15,115.22,1109.1899,83.7,2.471,0.041,107.615,,16.44,99.6,156.65,1607.25,2598.0,135.97,19.298,14098.74,2905.25,,126.61,,100.733,0.9506
3522,2013-07-03,83.231,95.01,113.13,1097.49,82.72,2.503,0.041,107.41,,16.2,101.24,157.72,1609.0,2570.0,135.56,19.689,14055.56,2918.5,109.3,126.36,,99.956,0.9466
3523,2013-07-04,83.231,,,,,,,,,,,,,2643.0,135.3,19.52,14018.93,,,,,100.22,0.9565
3524,2013-07-05,84.444,94.24,117.12,1099.09,77.41,2.736,0.041,106.34,,14.89,103.22,152.78,1627.25,2598.0,132.66,18.726,14309.97,2938.5,117.9,124.66,,101.2,0.9636
3525,2013-07-08,84.193,94.53,117.13,1098.62,75.49,2.638,0.041,106.72,,14.78,103.14,155.58,1635.5,2647.0,133.5,19.025,14109.34,2940.75,107.8,125.28,,100.85,0.9637
3526,2013-07-09,84.58,94.56,115.19,1112.2,75.92,2.64,0.041,106.92,,14.35,103.53,156.97,1645.5,2662.0,133.47,19.125,14472.9,2956.25,99.5,125.5,,101.153,0.9731
3527,2013-07-10,84.041,94.43,117.08,1111.15,79.54,2.674,0.036,106.63,,14.21,106.52,157.15,1648.5,2654.0,132.88,19.151,14416.6,2978.25,99.0,125.28,,98.551,0.9423
3528,2013-07-11,82.746,94.84,117.08,1138.13,77.16,2.572,0.036,107.41,,14.01,104.91,161.23,1670.0,2679.0,134.22,19.943,14472.58,3037.0,93.5,126.31,,99.04,0.9473
3529,2013-07-12,82.988,94.71,117.08,1132.45,76.14,2.592,0.038,107.35,,13.84,105.95,160.93,1670.25,2670.0,133.94,19.779,14506.25,3044.0,94.5,126.09,,99.225,0.9466
3530,2013-07-15,83.043,94.9,114.42,1136.1899,76.22,2.543,0.028,107.65,,13.79,106.32,161.66,1677.5,2685.0,134.59,19.826,,3055.0,89.4,126.5,,99.946,0.9483
3531,2013-07-16,82.498,95.0,115.26,1136.54,80.84,2.532,0.041,107.78,,14.42,106.0,162.49,1671.25,2668.0,134.97,19.923,14599.12,3052.75,88.0,126.59,,99.16,0.9402
3532,2013-07-17,82.708,95.16,115.27,1136.59,77.06,2.491,0.03,108.12,,13.78,106.48,160.83,1675.5,2680.0,135.34,19.409,14615.04,3061.25,81.9,127.02,,99.66,0.9414
3533,2013-07-18,82.823,95.0,115.58,1145.05,74.68,2.534,0.03,108.19,,13.77,108.04,161.68,1680.5,2714.0,134.66,19.376,14808.5,3029.5,77.4,126.75,,100.522,0.9444
3534,2013-07-19,82.623,95.19,113.07,1144.22,73.64,2.482,0.025,108.54,,12.54,107.87,162.74,1689.5,2717.0,135.5,19.448,14589.91,3022.75,75.9,127.09,,100.65,0.941
3535,2013-07-22,82.219,95.23,112.9,1150.09,72.49,2.484,0.013,108.61,,12.29,106.94,168.19,1690.25,2726.0,135.5,20.498,14658.04,3029.5,72.6,127.11,,99.324,0.936
3536,2013-07-23,81.945,95.12,113.14,1149.5601,75.05,2.507,0.025,108.505,,12.66,107.23,167.93,1688.25,2724.0,135.06,20.246,14778.51,3008.0,74.1,126.95,,99.497,0.9348
3537,2013-07-24,82.291,94.86,118.72,1130.54,76.8,2.584,0.025,108.04,,13.18,105.39,166.03,1683.75,2751.0,134.09,20.014,14731.28,3030.0,80.2,126.42,,100.416,0.938
3538,2013-07-25,81.97,94.83,117.85,1134.14,76.74,2.577,0.02,107.93,,12.97,105.49,167.21,1684.0,2740.0,134.0,20.147,14562.93,3032.0,82.6,126.3,,99.275,0.9299
3539,2013-07-26,81.656,95.04,118.23,1134.04,76.54,2.564,0.02,108.035,,12.72,104.7,166.25,1686.5,2744.0,134.72,19.765,14129.98,3052.5,81.6,126.69,,98.275,0.9284
3540,2013-07-29,81.663,94.94,118.93,1126.0601,76.65,2.599,0.02,107.85,,13.39,104.55,167.22,1682.5,2739.0,134.16,19.854,13661.13,3047.5,83.2,126.53,,98.043,0.9309
3541,2013-07-30,81.829,94.9,119.39,1119.45,74.35,2.606,0.038,107.77,,13.39,103.08,166.62,1684.75,2761.0,133.91,19.666,13869.82,3067.5,83.3,126.42,,98.016,0.9296
3542,2013-07-31,81.452,94.94,117.85,1104.42,73.08,2.588,0.038,107.94,,13.45,105.03,165.13,1680.5,2756.0,134.06,19.617,13668.32,3065.0,82.6,126.44,,97.833,0.926
3543,2013-08-01,82.336,94.45,115.06,1103.59,71.1,2.708,0.041,107.1,,12.94,107.89,164.91,1700.25,2803.0,132.03,19.615,14005.77,3094.75,91.4,125.38,,99.42,0.9364
3544,2013-08-02,81.908,94.92,116.89,1100.25,70.36,2.598,0.036,107.49,,11.98,106.94,164.82,1704.0,2811.0,133.72,19.903,14466.16,3118.0,73.2,126.58,,98.965,0.9294
3545,2013-08-05,81.875,94.8,116.53,1099.48,69.74,2.64,0.046,107.18,,11.84,106.56,163.8,1702.5,2811.0,133.19,19.711,14258.04,3118.0,72.7,126.34,,98.232,0.9275
3546,2013-08-06,81.603,94.8,119.09,1099.51,75.53,2.642,0.046,107.265,,12.72,105.3,161.3,1694.0,2791.0,133.16,19.515,14401.06,3100.0,78.2,126.36,,97.308,0.925
3547,2013-08-07,81.287,94.95,118.31,1094.28,76.57,2.599,0.051,107.4,,12.98,104.37,161.65,1688.25,2791.0,133.91,19.498,13824.94,3098.0,75.4,126.64,,96.57,0.9214
3548,2013-08-08,80.977,95.02,118.47,1097.45,75.41,2.587,0.051,107.58,,12.73,103.4,164.74,1693.75,2813.0,134.28,20.184,13605.56,3109.0,75.4,126.81,,96.74,0.92
3549,2013-08-09,81.126,95.02,122.3,1103.61,77.33,2.58,0.053,107.58,,13.41,105.97,165.03,1686.25,2823.0,134.44,20.399,13615.19,3095.25,75.4,126.81,,96.22,0.9229
3550,2013-08-12,81.333,94.94,115.44,1096.1,78.77,2.622,0.056,107.4,,12.81,106.11,167.8,1687.0,2828.0,134.12,21.332,13519.43,3106.0,74.1,126.62,,97.2,0.9264
3551,2013-08-13,81.768,94.54,115.81,1085.03,78.94,2.721,0.056,106.865,,12.31,106.83,166.08,1690.75,2841.0,132.62,21.336,13867.0,3119.0,81.7,125.7,,98.153,0.9326
3552,2013-08-14,81.711,94.56,119.33,1081.58,80.22,2.712,0.051,106.85,,13.04,106.85,167.7,1682.0,2852.0,132.62,21.781,14050.16,3105.25,80.9,125.78,,97.853,0.9338
3553,2013-08-15,81.181,94.39,115.82,1065.3199,86.21,2.764,0.051,106.241,,14.73,107.33,171.16,1655.75,2834.0,132.06,22.929,13752.94,3053.0,86.7,125.5,,97.095,0.9253
3554,2013-08-16,81.257,94.14,117.21,1048.41,84.09,2.825,0.046,105.89,,14.37,107.46,172.43,1651.0,2853.0,131.03,23.317,13650.11,3051.75,94.7,124.98,,97.53,0.9265
3555,2013-08-19,81.226,93.97,118.15,1037.33,86.91,2.882,0.046,105.44,,15.1,106.86,171.76,1645.0,2824.0,130.38,23.161,13758.13,3052.5,99.5,124.61,,97.579,0.9242
3556,2013-08-20,80.906,94.21,118.07,1051.04,89.08,2.818,0.048,105.77,,14.91,105.11,172.63,1650.5,2789.0,131.34,23.066,13396.38,3063.0,95.7,125.17,,97.31,0.9168
3557,2013-08-21,81.213,94.03,117.17,1046.05,90.38,2.892,0.036,105.33,,15.94,103.85,172.32,1636.5,2773.0,130.81,22.958,13424.33,3044.5,98.8,124.72,,97.81,0.9233
3558,2013-08-22,81.488,93.85,119.21,1046.17,84.52,2.892,0.025,105.52,,14.76,105.03,172.4,1654.75,2807.0,130.59,23.03,13365.17,3083.75,58.3,124.27,,98.879,0.9236
3559,2013-08-23,81.361,94.13,120.13,1055.63,80.02,2.818,0.03,105.97,,13.98,106.42,175.55,1661.5,2826.0,131.81,23.733,13660.55,3103.25,99.8,124.86,,98.745,0.9215
3560,2013-08-26,81.407,94.22,118.69,1054.1,83.06,2.787,0.02,106.13,,14.99,105.92,175.21,1654.25,2820.0,131.97,24.008,13636.28,3103.0,95.8,125.05,,98.258,0.9219
3561,2013-08-27,81.166,94.54,118.07,1049.12,92.36,2.709,0.038,106.39,,16.77,109.01,178.62,1628.25,2760.0,133.19,24.649,13542.37,3041.5,94.9,125.73,,96.91,0.9171
3562,2013-08-28,81.431,94.32,117.51,1042.35,91.46,2.765,0.033,106.35,,16.49,110.1,178.44,1632.25,2743.0,132.47,24.389,13338.46,3050.25,,125.27,,97.728,0.9226
3563,2013-08-29,81.948,94.46,117.21,1040.63,91.49,2.762,0.025,106.49,,16.81,108.8,177.7,1636.75,2758.0,133.12,24.09,13459.71,3071.5,98.8,125.5,,98.292,0.9313
3564,2013-08-30,82.087,94.5,117.48,1036.0,92.6,2.789,0.025,106.39,,17.01,107.65,175.59,1631.25,2727.0,133.34,23.463,13388.86,3055.5,103.5,125.34,,98.165,0.93
3565,2013-09-02,82.087,,,,,,,,,,,,,2769.0,130.8,24.223,13572.92,,,,,99.57,0.9347
3566,2013-09-03,82.361,94.14,116.72,1033.05,90.66,2.863,0.02,105.84,,16.61,108.54,177.59,1639.0,2755.0,131.72,24.382,13978.44,3068.5,105.8,124.66,,99.554,0.9362
3567,2013-09-04,82.169,93.93,116.97,1037.62,88.28,2.897,0.018,105.6,,15.88,107.23,174.82,1653.5,2760.0,131.31,23.369,14053.87,3110.25,,124.19,,99.728,0.9357
3568,2013-09-05,82.633,93.57,117.37,1028.38,85.8,2.996,0.025,105.08,,15.77,108.37,172.68,1653.0,2768.0,130.12,23.206,14064.82,3110.0,111.4,123.53,,100.11,0.945
3569,2013-09-06,82.15,93.75,118.67,1041.58,86.51,2.938,0.02,105.24,,15.85,110.53,174.38,1653.5,2800.0,130.47,23.842,13860.81,3111.5,105.5,124.08,,99.115,0.9375
3570,2013-09-09,81.793,93.97,119.0,1060.04,83.46,2.914,0.015,105.43,,15.63,109.52,174.4,1669.0,2799.0,131.03,23.668,14205.23,3147.0,100.7,124.48,,99.719,0.9326
3571,2013-09-10,81.821,93.74,119.94,1065.01,79.25,2.966,0.023,105.14,,14.53,107.39,171.55,1682.5,2852.0,130.28,22.966,14423.36,3164.75,101.8,124.16,,100.285,0.9349
3572,2013-09-11,81.518,93.92,120.68,1071.6,78.4,2.912,0.02,105.59,,13.82,107.56,171.52,1688.75,2858.0,130.88,23.121,14425.07,3160.5,98.0,124.53,,99.83,0.93
3573,2013-09-12,81.489,93.97,120.68,1067.42,80.97,2.905,0.02,105.52,,14.29,108.6,167.35,1685.0,2861.0,131.16,22.099,14387.27,3158.0,96.4,124.56,,99.578,0.9308
3574,2013-09-13,81.452,93.98,120.12,1070.5601,79.73,2.89,0.018,105.585,,14.16,108.21,164.58,1688.5,2869.0,131.31,21.67,14404.67,3159.75,96.2,124.67,,99.365,0.93
3575,2013-09-16,81.295,94.11,118.84,1084.3101,80.09,2.862,0.008,105.76,,14.38,106.59,165.74,1691.25,2894.0,131.34,21.963,,3149.75,94.5,125.06,,99.07,0.9268
3576,2013-09-17,81.143,94.23,121.59,1083.03,79.49,2.849,0.01,106.13,,14.53,105.42,164.68,1698.25,2892.0,131.84,21.735,14311.67,3172.75,90.8,125.22,,99.128,0.926
3577,2013-09-18,80.237,94.79,114.22,1108.23,74.65,2.691,0.01,106.96,,13.59,108.07,164.46,1717.75,2905.0,133.47,21.514,14505.36,3210.5,82.7,126.58,,98.21,0.9124
3578,2013-09-19,80.372,94.63,115.69,1118.28,73.22,2.752,0.005,106.695,,13.16,105.86,172.22,1717.5,2930.0,132.94,23.242,14766.18,3221.0,80.3,126.12,,99.39,0.9104
3579,2013-09-20,80.431,94.71,115.87,1100.25,76.89,2.736,0.015,106.8,,13.12,104.75,167.59,1702.5,2941.0,131.69,21.876,14742.42,3205.25,77.7,125.3,,99.315,0.9103
3580,2013-09-23,80.449,94.79,119.08,1096.2,77.56,2.701,0.015,107.02,,14.31,103.59,166.9,1692.75,2894.0,131.91,21.805,,3197.75,75.3,125.45,,98.74,0.9104
3581,2013-09-24,80.563,95.02,119.31,1090.03,74.78,2.655,0.02,107.33,,14.08,103.13,165.55,1692.5,2912.0,132.97,21.539,14732.61,3202.0,74.8,125.94,,98.745,0.9134
3582,2013-09-25,80.334,95.15,117.45,1092.85,73.08,2.626,0.02,107.55,,14.01,102.66,168.05,1685.75,2915.0,133.59,21.838,14620.53,3188.75,75.3,126.28,,98.435,0.9099
3583,2013-09-26,80.523,95.04,122.03,1095.26,69.96,2.648,0.005,107.38,,14.06,103.03,166.53,1692.5,2910.0,133.12,21.72,14799.12,3214.75,77.6,126.09,,98.905,0.9101
3584,2013-09-27,80.287,95.13,124.48,1094.5,74.93,2.628,0.02,107.3,,15.46,102.87,168.43,1686.5,2907.0,133.44,21.783,14760.07,3211.75,78.0,126.34,,98.26,0.906
3585,2013-09-30,80.221,95.15,123.46,1086.29,81.67,2.615,0.01,107.15,,16.6,102.33,166.9,1674.25,2879.0,133.38,21.656,14455.8,3197.75,80.2,126.39,,98.4,0.9053
3586,2013-10-01,80.141,95.02,123.74,1097.86,76.43,2.65,0.023,106.81,,15.54,102.04,161.75,1689.5,2917.0,133.0,21.124,14484.72,3234.25,87.4,126.12,,97.926,0.9065
3587,2013-10-02,79.9,95.13,123.52,1096.45,85.73,2.619,0.03,107.0,,16.6,104.1,166.1,1683.0,2908.0,133.28,21.846,14170.49,3226.25,82.2,126.39,,97.3,0.9021
3588,2013-10-03,79.749,95.19,122.31,1083.92,93.79,2.605,0.025,107.02,,17.67,103.31,165.71,1669.75,2892.0,133.44,21.739,14157.25,3191.0,80.3,126.58,,97.259,0.8988
3589,2013-10-04,80.131,95.03,123.98,1083.37,88.71,2.645,0.028,107.13,,16.74,103.84,164.74,1684.75,2916.0,132.97,21.705,14024.31,3223.25,82.5,126.19,,97.475,0.9073
3590,2013-10-07,79.941,95.1,123.23,1084.12,103.08,2.63,0.028,107.08,,19.41,103.03,166.66,1667.75,2909.0,133.34,22.339,13853.32,3193.75,80.3,126.3,,97.273,0.9053
3591,2013-10-08,80.06,95.05,120.72,1076.86,106.55,2.638,0.053,107.04,,20.34,103.49,166.59,1650.5,2897.0,133.41,22.397,13894.61,3139.5,81.1,126.27,,96.916,0.902
3592,2013-10-09,80.376,95.02,122.62,1076.83,111.43,2.661,0.043,106.91,,19.6,101.61,164.4,1648.75,2891.0,133.12,21.846,14037.84,3121.25,80.8,126.27,,97.479,0.9105
3593,2013-10-10,80.417,94.94,120.25,1097.73,95.31,2.685,0.053,107.05,,16.48,103.01,163.11,1685.0,2956.0,132.66,21.85,14194.71,3182.25,80.1,125.98,,98.212,0.9108
3594,2013-10-11,80.412,95.0,130.97,1108.11,90.85,2.682,0.068,107.1,,15.72,102.02,159.5,1699.0,2962.0,132.81,21.215,14404.74,3214.25,77.1,126.11,,98.575,0.9124
3595,2013-10-14,80.263,,129.14,1109.0699,91.8,,,106.85,,16.07,102.41,160.56,1704.25,2964.0,132.22,21.31,,3237.0,,125.92,,98.65,0.9112
3596,2013-10-15,80.482,94.89,131.01,1107.28,103.37,2.72,0.107,106.97,,18.66,101.21,160.13,1692.0,2994.0,132.16,21.146,14441.54,3229.5,75.8,125.86,,98.544,0.9133
3597,2013-10-16,80.47,95.09,125.24,1121.48,85.7,2.671,0.104,107.48,,14.71,102.29,161.27,1713.25,3006.0,132.97,21.32,14467.14,3252.75,73.2,126.27,,98.94,0.9142
3598,2013-10-17,79.649,95.4,126.68,1139.02,72.7,2.587,0.046,107.92,,13.48,100.67,166.39,1727.75,3003.0,134.16,21.903,14586.51,3289.75,70.1,126.95,,97.99,0.9031
3599,2013-10-18,79.654,95.38,131.35,1141.1801,73.42,2.589,0.03,108.02,,13.04,100.81,165.34,1736.5,3020.0,134.09,21.869,14561.54,3330.75,72.5,126.89,,97.735,0.9019
3600,2013-10-21,79.695,95.31,130.67,1135.88,75.02,2.609,0.03,108.04,,13.16,99.68,165.49,1738.25,3021.0,133.72,22.233,14693.57,3342.75,71.5,126.75,,98.194,0.9023
3601,2013-10-22,79.23,95.63,129.17,1145.1899,74.13,2.512,0.038,108.4,,13.33,98.3,168.86,1749.5,3035.0,135.0,22.754,14713.25,3345.25,63.1,127.5,,98.133,0.895
3602,2013-10-23,79.264,95.71,134.47,1144.54,72.43,2.485,0.036,108.54,,13.42,96.86,167.78,1741.75,3006.0,135.47,22.582,14426.05,3328.75,62.0,127.66,,97.42,0.8923
3603,2013-10-24,79.185,95.59,135.42,1145.01,70.84,2.521,0.036,108.41,,13.2,97.11,169.83,1748.5,3029.0,135.06,22.786,14486.41,3359.75,63.1,127.41,,97.385,0.8922
3604,2013-10-25,79.194,95.68,135.06,1152.25,70.03,2.503,0.036,108.46,,13.09,97.85,170.1,1754.0,3026.0,135.34,22.603,14088.19,3362.5,61.14,127.61,,97.42,0.8927
3605,2013-10-28,79.246,95.67,133.27,1146.01,70.16,2.512,0.025,108.58,,13.31,98.68,170.06,1759.0,3015.0,135.22,22.498,14396.04,3372.0,58.5,127.56,,97.57,0.8925
3606,2013-10-29,79.607,95.67,127.58,1139.5601,68.52,2.507,0.043,108.5532,,13.41,98.2,169.22,1767.5,3042.0,135.25,22.452,14325.98,3372.75,58.8,127.72,,97.62,0.8956
3607,2013-10-30,79.777,95.61,127.95,1132.37,69.56,2.527,0.041,108.31,,13.65,96.77,169.7,1760.5,3033.0,134.97,22.946,14502.35,3381.0,60.6,127.52,,98.194,0.8995
3608,2013-10-31,80.195,95.6,132.33,1125.22,69.44,2.543,0.038,108.36,,13.75,96.38,166.48,1751.0,3059.0,134.81,21.832,14327.94,3357.75,61.7,127.36,,98.498,0.9003
3609,2013-11-01,80.722,95.35,129.84,1125.91,68.94,2.62,0.041,107.65,,13.28,94.61,165.16,1754.75,3043.0,133.75,21.804,14201.57,3356.75,69.6,126.78,,98.321,0.9075
3610,2013-11-04,80.553,95.43,125.57,1129.1801,67.09,2.602,0.041,107.725,,12.93,94.62,165.35,1763.0,3052.0,133.97,21.678,,3366.25,64.21,126.98,,98.692,0.9124
3611,2013-11-05,80.706,95.23,122.98,1115.04,67.41,2.662,0.053,107.35,,13.27,93.37,164.52,1756.5,3027.0,132.97,21.614,14225.37,3368.5,68.6,126.56,,98.627,0.9097
3612,2013-11-06,80.483,95.32,118.69,1113.23,,2.64,0.051,107.67,,12.67,94.8,165.74,1765.5,3049.0,133.09,21.746,14337.31,3364.75,67.1,126.92,,98.456,0.9135
3613,2013-11-07,80.845,95.45,123.83,1099.03,71.74,2.613,0.056,107.61,,13.91,94.2,164.57,1745.25,3039.0,133.69,21.639,14228.44,3308.25,66.5,127.14,,98.65,0.9118
3614,2013-11-08,81.303,94.98,126.37,1088.92,69.39,2.746,0.061,106.77,,12.9,94.6,161.57,1766.0,3028.0,131.75,21.307,14086.8,3349.25,69.9,126.11,,98.171,0.9166
3615,2013-11-11,81.091,,125.55,1090.28,,,,106.63,,12.53,95.14,161.13,1767.5,3049.0,131.47,21.272,14269.84,3343.0,,126.03,,99.199,0.9228
3616,2013-11-12,81.192,94.9,129.66,1085.5601,,2.768,0.063,106.63,,12.82,93.04,159.88,1765.0,3031.0,131.5,20.768,14588.68,3353.25,69.6,125.91,,99.146,0.9194
3617,2013-11-13,80.926,95.08,131.01,1087.6,71.37,2.7162,0.0761,106.875,,12.52,93.88,159.53,1778.75,3015.0,131.94,20.432,14567.16,3390.75,65.8,126.36,,99.617,0.9172
3618,2013-11-14,81.023,95.27,133.03,1096.65,71.91,2.702,0.0761,107.27,,12.37,93.76,161.77,1787.75,3050.0,132.53,20.712,14876.41,3399.25,61.9,126.84,,99.218,0.9135
3619,2013-11-15,80.849,95.25,133.46,1103.53,73.58,2.707,0.0786,107.45,,12.19,93.84,161.89,1793.5,3053.0,132.53,20.717,15165.92,3405.25,62.2,126.77,,100.24,0.9178
3620,2013-11-18,80.825,95.39,137.06,1099.46,75.06,2.678,0.0735,107.6801,,13.1,93.03,159.99,1788.75,3080.0,133.0,20.349,15164.3,3372.75,58.3,127.05,,100.333,0.9154
3621,2013-11-19,80.704,95.25,133.62,1090.0601,74.45,2.712,0.0837,107.49,,13.39,93.34,160.14,1785.25,3048.0,132.47,20.326,15126.56,3364.25,62.3,126.73,,99.863,0.9128
3622,2013-11-20,81.112,95.05,133.25,1079.9301,69.05,2.791,0.0761,107.05,,13.4,93.85,158.2,1779.75,3045.0,131.03,20.05,15076.08,3355.25,66.5,126.36,,100.181,0.9087
3623,2013-11-21,81.073,95.09,124.63,1080.83,64.95,2.784,0.0761,107.34,,12.66,95.44,156.36,1793.75,3044.0,131.28,19.928,15365.6,3389.25,68.4,126.36,,100.207,0.9169
3624,2013-11-22,80.708,95.19,133.76,1078.6899,63.77,2.754,0.0761,107.58,,12.26,94.84,156.4,1801.25,3053.0,131.91,19.856,15381.72,3408.75,66.8,126.58,,101.319,0.914
3625,2013-11-25,80.92,95.23,134.23,1074.92,64.88,2.741,0.0684,107.64,,12.79,94.09,156.02,1802.5,3070.0,131.97,19.88,15619.13,3417.75,65.1,126.67,,101.29,0.9069
3626,2013-11-26,80.611,95.4,133.64,1071.16,65.14,2.696,0.0735,107.81,,12.81,93.68,156.01,1802.0,3063.0,132.72,19.846,15515.24,3436.0,65.3,127.06,,101.35,0.9108
3627,2013-11-27,80.722,95.3,133.82,1077.88,64.81,2.736,0.0735,107.7301,,12.98,92.3,155.56,1804.25,3081.0,132.22,19.633,15449.63,3457.25,67.8,126.75,,101.234,0.9068
3628,2013-11-28,80.722,,,,,,,,,,,,,3091.0,130.64,19.75,15727.12,,,,,102.21,0.9083
3629,2013-11-29,80.68,95.3,130.82,1071.12,,2.741,0.0634,107.89,,13.7,92.72,157.13,1804.0,3085.0,132.22,19.981,15661.87,3476.25,68.0,126.64,,102.292,0.9059
3630,2013-12-02,80.925,95.09,131.64,1062.9,69.59,2.801,0.0558,107.18,,14.23,93.82,153.55,1799.75,3078.0,131.25,19.233,15655.07,3471.75,73.1,126.16,,102.471,0.9064
3631,2013-12-03,80.925,95.19,132.38,1061.33,73.21,2.775,0.0583,107.24,,14.55,96.04,153.41,1791.5,3018.0,131.66,19.011,15749.66,3464.5,72.1,126.39,,102.933,0.9087
3632,2013-12-04,80.619,94.95,131.63,1063.0699,72.73,2.841,0.0608,107.11,,14.7,97.2,156.73,1791.75,2992.0,130.62,19.774,15407.94,3471.25,75.8,125.94,,102.351,0.9042
3633,2013-12-05,80.235,94.87,128.01,1064.05,75.8,2.863,0.0583,106.8,,15.08,97.38,154.8,1784.0,2955.0,130.44,19.514,15177.49,3467.5,76.1,125.73,,102.404,0.9024
3634,2013-12-06,80.315,94.81,128.01,1071.12,70.45,2.881,0.0608,106.985,,13.79,97.65,154.44,1805.0,2981.0,130.38,19.465,15299.86,3492.75,69.2,125.58,,101.742,0.8966
3635,2013-12-09,80.134,94.89,126.09,1074.88,,2.857,0.0608,107.06,,13.49,97.34,155.09,1809.0,2991.0,130.78,19.644,15650.21,3507.25,67.8,125.69,,103.131,0.8922
3636,2013-12-10,79.966,95.12,126.68,1073.05,,2.797,0.0735,107.49,,13.91,98.51,158.47,1803.0,2964.0,131.72,20.256,15611.31,3504.75,70.5,126.17,,103.266,0.89
3637,2013-12-11,79.894,94.94,126.74,1051.7,80.55,2.844,0.071,107.3,,15.42,97.44,157.98,1780.75,2946.0,130.97,20.298,15515.06,3459.25,,125.81,,102.798,0.887
3638,2013-12-12,80.206,94.81,125.09,1042.51,83.38,2.877,0.0684,107.14,,15.54,97.5,153.92,1775.0,2926.0,130.75,19.402,15341.82,3448.25,72.8,125.56,,102.508,0.8867
3639,2013-12-13,80.214,94.86,126.22,1045.27,85.39,2.868,0.0684,107.3,,15.76,96.6,155.14,1774.75,2922.0,131.12,19.559,15403.11,3446.25,72.6,125.56,,103.54,0.8893
3640,2013-12-16,80.074,94.83,128.21,1046.72,83.2,2.877,0.0659,107.32,,16.03,97.48,156.37,1780.25,2975.0,130.84,20.049,15152.91,3463.25,69.9,125.53,,103.255,0.8896
3641,2013-12-17,80.061,94.96,128.75,1047.16,82.23,2.843,0.0684,107.53,,16.21,97.22,154.58,1773.0,2946.0,131.31,19.792,15278.63,3454.0,68.5,125.83,,103.027,0.8871
3642,2013-12-18,80.105,94.85,135.58,1061.04,67.17,2.887,0.0685,107.55,,13.8,98.06,155.19,1804.75,2972.0,130.72,20.014,15587.8,3501.75,65.0,125.55,,102.638,0.8848
3643,2013-12-19,80.63,94.68,137.86,1054.03,67.03,2.925,0.0684,107.37,,14.15,99.04,149.99,1802.0,3025.0,130.59,19.143,15859.22,3486.0,67.7,124.92,,104.213,0.8943
3644,2013-12-20,80.575,94.78,143.2,1061.21,68.0,2.885,0.0659,107.68,,13.79,99.32,151.26,1814.5,3035.0,130.09,19.418,15870.42,3525.5,67.3,123.73,,104.276,0.8983
3645,2013-12-23,80.447,94.68,138.11,1063.6899,63.49,2.929,0.0659,107.48,,13.04,98.91,150.42,1822.75,3065.0,129.44,19.378,,3558.0,66.2,123.44,,104.03,0.8953
3646,2013-12-24,80.447,94.47,137.88,1063.79,,2.983,0.0735,107.312,,12.48,99.22,151.21,1829.0,3073.0,128.69,19.453,15889.33,3563.0,67.8,123.05,,104.176,0.8935
3647,2013-12-25,80.447,,,,,,,,,,,,,,,,16009.99,,,,,104.3,0.8955
3648,2013-12-26,80.484,94.43,136.65,1064.38,62.71,2.991,0.0659,106.956,,12.33,99.55,152.34,1836.5,3073.0,128.5,19.885,16174.44,3575.0,66.8,122.98,,104.524,0.8963
3649,2013-12-27,80.392,94.4,136.72,1062.76,66.67,3.006,0.0659,106.83,,12.46,100.32,152.55,1836.5,3107.0,128.28,20.013,16178.94,3563.5,65.8,122.98,,104.879,0.8961
3650,2013-12-30,80.0,94.55,134.36,1068.45,69.71,2.976,0.0659,107.13,,13.56,99.29,151.27,1834.75,3108.0,128.78,19.581,16291.31,3559.0,69.1,123.22,,105.32,0.8914
3651,2013-12-31,80.035,94.44,133.63,1067.35,70.83,3.006,0.0735,106.9,,13.72,98.42,151.08,1841.0,,128.31,19.339,,3577.0,73.5,123.05,,104.934,0.8872
3652,2014-01-01,80.035,,,,,,,,,,,,,3113.0,128.01,19.535,,,,,,105.3,0.8927
3653,2014-01-02,80.63,94.54,121.77,1062.04,73.14,,0.0659,107.08,,14.23,95.44,153.96,1819.5,3058.0,128.62,20.098,,3552.5,73.4,123.22,,105.324,0.8915
3654,2014-01-03,80.791,94.48,134.46,1069.47,70.03,,0.071,107.131,,13.76,93.96,155.65,1818.5,3069.0,128.53,20.182,,3524.75,72.7,123.17,,104.833,0.8991
3655,2014-01-06,80.652,94.62,131.99,1071.4399,68.33,,0.0507,107.42,,13.55,93.43,155.57,1813.75,3063.0,129.03,20.077,15908.88,3511.0,69.9,123.47,,104.912,0.905
3656,2014-01-07,80.833,94.7,129.1,1072.83,,,0.0431,107.47,,12.92,93.67,154.51,1823.75,3105.0,129.31,19.765,15814.37,3542.0,73.8,123.69,,104.21,0.9038
3657,2014-01-08,81.022,94.46,129.46,1070.77,68.33,,0.0406,107.14,,12.87,92.33,154.0,1825.5,3099.0,128.78,19.518,16121.45,3558.0,75.3,123.11,,104.712,0.9093
3658,2014-01-09,81.005,94.55,130.87,1069.73,,,0.0431,107.38,,12.89,91.66,154.49,1826.0,3083.0,129.34,19.663,15880.33,3541.0,73.7,123.33,,104.844,0.9115
3659,2014-01-10,80.658,94.98,126.15,1080.9399,67.74,,0.0456,107.96,,12.14,92.72,156.69,1830.75,3098.0,130.72,20.201,15912.06,3554.75,61.2,124.3,,104.83,0.9068
3660,2014-01-13,80.513,95.14,130.59,1077.5601,75.71,,0.0355,108.0,,13.28,91.8,157.23,1808.0,3105.0,131.09,20.361,,3502.75,58.9,124.58,,103.949,0.902
3661,2014-01-14,80.662,94.95,133.43,1080.16,69.31,,0.038,107.88,,12.28,92.59,156.5,1826.0,3112.0,130.66,20.251,15422.4,3567.0,61.6,124.17,,103.116,0.8992
3662,2014-01-15,81.027,94.88,132.69,1083.4301,69.56,,0.0406,107.82,,12.28,94.17,155.6,1834.5,3163.0,130.53,20.103,15808.73,3591.5,60.8,123.97,,104.179,0.903
3663,2014-01-16,80.91,95.01,136.35,1085.5,73.98,,0.038,108.06,,12.53,93.96,155.82,1829.25,3148.0,131.09,20.025,15747.2,3588.5,60.8,124.27,,104.571,0.9092
3664,2014-01-17,81.225,95.07,139.62,1084.03,75.72,,0.038,108.3,,12.44,94.37,157.29,1827.25,3151.0,131.31,20.267,15734.46,3578.0,60.3,124.42,,104.295,0.9048
3665,2014-01-20,81.225,,,,,,,,,,,,,3149.0,131.39,20.32,15641.68,,,,,104.238,0.9114
3666,2014-01-21,81.098,95.1,138.77,1089.83,77.78,,0.038,108.3,,12.87,94.99,156.0,1831.5,3150.0,131.41,19.838,15795.96,3602.75,59.5,124.38,,104.225,0.9109
3667,2014-01-22,81.167,94.94,138.92,1094.21,74.46,,0.038,108.12,,12.84,96.73,155.58,1831.5,3149.0,131.06,19.809,15820.96,3613.75,60.5,123.97,,104.223,0.9103
3668,2014-01-23,80.438,95.32,135.71,1088.4399,78.25,,0.0431,108.28,,13.77,97.32,158.57,1817.25,3117.0,132.31,19.986,15695.89,3607.0,62.2,124.78,,104.635,0.9122
3669,2014-01-24,80.458,95.44,131.61,1075.28,97.71,,0.0406,108.25,,18.14,96.64,158.82,1775.0,3021.0,132.84,19.743,15391.56,3525.5,63.5,125.06,,103.37,0.898
3670,2014-01-27,80.524,95.35,128.73,1069.13,93.5,,0.0532,108.05,,17.42,95.72,158.7,1768.75,3015.0,132.34,19.771,15005.73,3496.25,64.2,124.81,,102.073,0.8938
3671,2014-01-28,80.568,95.43,128.3,1074.91,83.96,,0.0507,108.34,,15.8,97.41,157.07,1781.25,3033.0,132.62,19.483,14980.16,3494.25,64.5,125.08,,102.661,0.8964
3672,2014-01-29,80.505,95.68,126.71,1071.04,92.47,,0.0431,108.5,,17.35,97.36,158.54,1764.25,3014.0,133.5,19.533,15383.91,3466.25,64.5,125.62,,103.231,0.8996
3673,2014-01-30,81.085,95.61,127.91,1080.97,92.35,,0.0203,108.51,,17.29,98.23,156.06,1774.25,3021.0,133.28,19.111,15007.06,3495.25,,125.45,,102.3,0.895
3674,2014-01-31,81.311,95.71,128.37,1084.75,99.66,,0.0228,108.72,,18.41,97.49,155.72,1769.5,3018.0,133.59,19.105,14914.53,3507.25,64.7,125.75,,102.758,0.9025
3675,2014-02-03,81.009,96.06,126.17,1072.72,106.78,,0.0456,108.88,,21.44,96.43,158.25,1725.75,2964.0,134.91,19.389,14619.13,3423.25,,126.42,,102.192,0.9065
3676,2014-02-04,81.121,95.9,127.26,1080.6,100.4,,0.0583,108.73,,19.11,97.19,157.15,1736.75,2965.0,134.16,19.402,14008.47,3445.25,66.8,126.14,,101.142,0.9014
3677,2014-02-05,81.036,95.73,127.79,1079.1801,102.87,,0.0634,108.69,,19.95,97.38,157.87,1737.0,2965.0,133.41,19.785,14180.38,3438.75,,125.88,,101.672,0.9039
3678,2014-02-06,80.906,95.61,124.68,1087.45,92.58,,0.071,108.57,,17.23,97.84,157.91,1759.5,3009.0,133.03,19.908,14155.12,3480.5,67.2,125.61,,101.466,0.9039
3679,2014-02-07,80.691,95.75,129.01,1095.7,83.17,,0.0862,108.72,,15.29,99.88,158.62,1786.5,3039.0,133.31,19.92,14462.41,3551.25,64.7,125.97,,102.039,0.9007
3680,2014-02-10,80.642,95.74,126.26,1104.1899,79.89,,0.0684,108.82,,15.26,100.06,160.11,1787.75,3032.0,133.28,20.099,14718.34,3570.75,62.3,125.94,,102.512,0.8988
3681,2014-02-11,80.638,95.59,126.7,1110.47,78.64,,0.0532,108.58,,14.51,99.94,162.0,1806.5,3074.0,132.84,20.143,,3606.0,61.5,125.58,,102.133,0.8966
3682,2014-02-12,80.679,95.42,127.84,1110.48,79.56,,0.0507,108.415,,14.3,100.37,162.66,1810.0,3093.0,132.25,20.331,14800.06,3617.75,61.0,125.25,,102.52,0.8982
3683,2014-02-13,80.323,95.65,128.57,1114.21,78.41,,0.033,108.68,,14.14,100.35,163.3,1817.25,3099.0,133.0,20.385,14534.74,3644.25,58.1,125.75,,102.469,0.9007
3684,2014-02-14,80.149,95.6,129.25,1118.87,77.49,,0.0177,108.8,,13.57,100.3,165.62,1828.0,3116.0,132.91,21.411,14313.03,3654.25,57.3,125.64,,102.188,0.8934
3685,2014-02-17,80.136,,,,,,,,,,,,,3120.0,132.89,21.83,14393.11,,,,,101.564,0.8917
3686,2014-02-18,80.008,95.77,124.25,1126.09,75.82,,0.0507,108.96,,13.87,102.43,166.35,1830.5,3121.0,133.31,21.891,14843.24,3668.25,56.0,125.95,,102.062,0.8917
3687,2014-02-19,80.144,95.65,129.12,1128.21,86.23,,0.0558,108.84,,15.5,102.84,165.85,1818.5,3120.0,132.97,21.844,14766.53,3647.75,57.3,125.73,,102.317,0.8878
3688,2014-02-20,80.286,95.55,134.37,1126.34,79.83,,0.0532,108.76,,14.79,102.75,165.41,1829.25,3117.0,132.72,21.678,14449.18,3664.75,58.7,125.5,,102.311,0.8888
3689,2014-02-21,80.237,95.63,138.79,1128.08,78.96,,0.0456,108.955,,14.68,102.2,166.25,1827.25,3133.0,133.09,21.777,14865.67,3657.75,58.4,125.61,,102.325,0.8893
3690,2014-02-24,80.199,95.58,134.47,1129.22,77.84,,0.0456,109.03,,14.23,102.82,168.06,1839.0,3152.0,132.84,22.047,14837.68,3681.25,57.4,125.47,,102.513,0.8873
3691,2014-02-25,80.137,95.77,121.92,1134.1899,76.46,,0.0456,109.33,,13.67,101.83,168.65,1839.25,3159.0,133.62,21.96,15051.6,3681.75,56.8,125.83,,102.482,0.8887
3692,2014-02-26,80.429,95.89,132.22,1132.5601,79.42,,0.0456,109.5801,,14.35,102.59,166.8,1835.0,3154.0,134.09,21.254,14970.97,3667.0,57.8,126.08,,102.15,0.887
3693,2014-02-27,80.285,96.02,137.24,1130.9399,78.94,,0.0431,109.61,,14.04,102.4,167.28,1847.0,3140.0,134.66,21.314,14923.11,3694.75,58.1,126.31,,102.299,0.8906
3694,2014-02-28,79.691,95.96,137.17,1139.41,81.45,,0.0608,109.72,,14.0,102.59,166.0,1850.5,3140.0,134.59,21.204,14841.07,3688.5,57.7,126.11,,102.11,0.8883
3695,2014-03-03,80.077,96.17,129.12,1137.46,92.84,,0.0456,109.64,,16.0,104.92,169.6,1836.0,3058.0,135.19,21.448,14652.23,3662.0,57.8,126.58,,101.305,0.8796
3696,2014-03-04,80.168,95.85,131.65,1151.53,82.14,,0.0532,109.3,,14.1,103.33,168.04,1864.5,3136.0,133.94,21.188,14721.48,3710.0,63.2,125.92,,101.422,0.8828
3697,2014-03-05,80.109,95.83,126.62,1149.02,80.52,,0.0532,109.22,,13.89,101.45,168.34,1865.5,3134.0,133.91,21.239,14897.63,3721.5,60.8,125.94,,102.178,0.8873
3698,2014-03-06,79.663,95.66,133.46,1145.33,79.55,,0.0583,108.98,,14.21,101.56,169.79,1869.25,3143.0,133.28,21.542,15134.75,3715.25,61.0,125.61,,102.367,0.8873
3699,2014-03-07,79.719,95.43,130.49,1136.59,83.07,2.792,0.0583,108.7371,,14.11,102.58,168.08,1871.0,3097.0,132.69,20.897,15274.07,3697.5,58.2,125.14,,103.032,0.8802
3700,2014-03-10,79.768,95.46,131.35,1128.3199,82.35,2.784,0.0431,108.65,,14.2,101.12,168.5,1870.25,3091.0,132.72,20.879,15120.14,3700.75,55.7,125.25,,103.19,0.8776
3701,2014-03-11,79.736,95.53,130.08,1133.1899,85.12,2.766,0.0532,108.68,,14.8,100.03,169.15,1858.25,3090.0,133.0,20.784,15224.11,3681.75,55.51,125.38,,103.236,0.8776
3702,2014-03-12,79.608,95.69,132.33,1129.9,83.45,2.726,0.0507,108.915,,14.47,97.99,172.13,1860.75,3068.0,133.69,21.328,14830.39,3700.0,55.1,125.66,,102.84,0.8774
3703,2014-03-13,79.62,95.97,127.66,1128.66,92.14,2.653,0.0482,109.35,,16.22,98.2,172.37,1839.75,3023.0,134.84,21.169,14815.98,3644.5,57.48,126.22,,102.783,0.8741
3704,2014-03-14,79.446,95.99,126.26,1127.5601,97.11,2.645,0.0532,109.241,,17.82,98.89,173.2,1833.0,3003.0,135.0,21.384,14327.66,3621.0,62.84,126.27,,101.78,0.8748
3705,2014-03-17,79.385,95.82,131.87,1131.74,87.79,2.697,0.0507,109.03,,15.64,98.08,172.43,1850.75,3050.0,134.31,21.249,14277.67,3651.5,61.8,125.89,,101.345,0.8723
3706,2014-03-18,79.414,95.89,129.37,1136.3101,81.89,2.679,0.0558,109.26,,14.52,99.7,170.67,1863.75,3073.0,134.5,20.836,14411.27,3695.0,59.21,126.06,,101.859,0.8733
3707,2014-03-19,79.995,95.45,132.74,1118.77,81.35,2.772,0.0583,108.76,,15.12,99.17,168.46,1852.25,3078.0,133.5,20.8,14462.52,3674.25,65.6,125.06,,101.44,0.8732
3708,2014-03-20,80.192,95.43,134.02,1114.88,77.03,2.775,0.0608,108.835,,14.52,98.9,167.11,1866.0,3088.0,133.56,20.404,14224.23,3691.5,60.8,124.94,,102.468,0.8817
3709,2014-03-21,80.105,95.52,132.82,1124.02,78.64,2.75,0.0532,109.07,,15.0,99.46,167.77,1857.0,3102.0,132.66,20.286,,3639.0,60.8,123.45,,102.402,0.8832
3710,2014-03-24,79.934,95.57,132.7,1119.8199,77.29,2.735,0.0456,109.23,,15.09,99.6,164.65,1849.5,2983.0,133.09,20.043,14475.3,3611.0,58.7,123.42,,102.241,0.8821
3711,2014-03-25,79.944,95.59,121.81,1129.13,74.77,2.735,0.0532,109.27,,14.02,99.19,164.68,1859.25,3026.0,133.06,19.955,14423.19,3623.75,58.34,123.47,,102.207,0.8806
3712,2014-03-26,80.032,95.76,119.05,1119.5699,76.27,2.703,0.0507,109.482,,14.93,100.26,163.68,1842.5,3060.0,133.59,19.759,14477.16,3572.75,57.8,123.8,,102.285,0.8831
3713,2014-03-27,80.111,95.84,117.96,1125.96,74.71,2.672,0.0406,109.53,,14.62,101.28,162.6,1840.5,3066.0,134.22,19.69,14622.89,3554.25,59.4,123.86,,101.903,0.8852
3714,2014-03-28,80.176,95.69,124.98,1132.11,74.86,2.712,0.0406,109.56,,14.41,101.67,162.54,1850.5,3104.0,133.53,19.772,14696.03,3563.0,61.9,123.56,,102.147,0.8866
3715,2014-03-31,80.1,95.69,123.25,1138.9301,72.2,2.724,0.038,109.51,,13.88,101.58,161.22,1864.5,3100.0,133.22,19.734,14827.83,3586.25,61.8,123.5,,103.214,0.8842
3716,2014-04-01,80.094,95.58,128.08,1141.77,67.51,2.759,0.038,109.15,,13.1,99.74,160.74,1877.75,3117.0,132.62,19.669,14791.99,3650.25,61.5,123.36,,103.633,0.8832
3717,2014-04-02,80.215,95.37,127.3,1143.73,67.33,2.803,0.0203,108.94,,13.09,99.62,162.1,1883.0,3124.0,131.97,20.031,14946.32,3658.25,66.3,122.92,,103.867,0.8865
3718,2014-04-03,80.475,95.43,128.13,1141.28,67.73,2.79,0.0203,109.04,,13.37,100.29,161.32,1883.0,3141.0,132.22,19.786,15071.88,3630.75,65.2,122.97,,103.896,0.8907
3719,2014-04-04,80.423,95.7,126.61,1145.97,69.53,2.726,0.0254,109.42,,13.96,101.14,163.69,1860.0,3162.0,132.97,19.927,15063.77,3537.5,58.8,123.67,,103.285,0.8925
3720,2014-04-07,80.232,95.85,123.92,1150.6899,74.51,2.695,0.0253,109.59,,15.57,100.44,163.04,1838.0,3122.0,133.44,19.891,14808.85,3499.25,58.8,123.86,,103.058,0.8876
3721,2014-04-08,79.752,95.91,124.34,1156.25,71.43,2.681,0.0355,109.92,,14.89,102.56,164.39,1845.0,3109.0,133.66,20.042,14606.88,3528.5,55.9,124.05,,101.955,0.8838
3722,2014-04-09,79.484,95.95,130.79,1155.91,69.19,2.686,0.0355,109.8765,,13.82,103.6,163.99,1864.75,3116.0,133.44,19.755,14299.69,3591.0,54.7,124.2,,102.107,0.8799
3723,2014-04-10,79.383,96.22,125.11,1152.11,78.56,2.628,0.033,110.09,,15.89,103.4,165.83,1827.0,3088.0,134.44,20.078,14300.12,3480.0,55.4,124.7,,101.38,0.876
3724,2014-04-11,79.452,96.28,122.59,1143.45,83.94,2.619,0.038,110.35,,17.03,103.74,165.64,1811.75,3051.0,134.78,19.933,13960.05,3444.0,58.6,124.8,,101.615,0.876
3725,2014-04-14,79.729,96.21,123.76,1147.53,82.2,2.639,0.033,110.2972,,16.11,104.05,166.71,1824.5,3070.0,134.5,19.999,13910.16,3470.25,59.2,124.59,,101.904,0.8802
3726,2014-04-15,79.803,96.23,129.24,1155.66,80.67,2.628,0.038,110.45,,15.61,103.75,163.29,1839.5,3033.0,134.81,19.478,13996.81,3491.25,59.2,124.59,,101.877,0.8803
3727,2014-04-16,79.803,96.17,125.43,1164.0,72.08,2.637,0.0304,110.4096,,14.18,103.76,163.69,1852.75,3078.0,134.88,19.623,14417.68,3501.5,58.0,124.38,,102.201,0.8814
3728,2014-04-17,79.828,95.87,127.93,1163.5,70.08,2.721,0.0304,109.9,,13.36,104.3,162.49,1858.0,3097.0,133.91,19.586,14417.53,3523.25,59.5,123.75,,102.443,0.8829
3729,2014-04-18,79.828,,,,,,,,,,,,,,,,14516.27,,,,,102.415,0.8832
3730,2014-04-21,79.945,95.88,119.11,1166.12,68.62,2.715,0.033,109.94,,13.25,104.37,161.81,1864.5,,133.72,19.341,14512.38,3551.25,56.8,123.73,,102.67,0.8852
3731,2014-04-22,79.905,95.87,126.51,1169.99,66.74,2.726,0.0304,110.0,,13.19,101.75,160.88,1874.0,3142.0,133.94,19.351,14388.77,3585.0,57.1,123.62,,102.621,0.8848
3732,2014-04-23,79.855,96.03,126.11,1166.49,66.22,2.686,0.0228,110.2692,,13.27,101.44,161.32,1873.0,3121.0,134.47,19.43,14546.27,3554.5,56.6,123.95,,102.48,0.8835
3733,2014-04-24,79.799,96.04,126.11,1171.66,68.75,2.688,0.0127,110.37,,13.32,101.94,162.07,1873.0,3127.0,134.53,19.682,14404.99,3584.75,57.8,123.92,,102.302,0.8816
3734,2014-04-25,79.749,96.12,121.95,1166.6,70.49,2.666,0.0152,110.35,,14.06,100.6,163.35,1860.0,3092.0,134.94,19.685,14429.26,3530.5,,124.06,,102.17,0.8817
3735,2014-04-28,79.683,96.1,123.69,1174.09,67.63,2.7077,0.0101,110.23,,13.97,100.84,163.13,1866.0,3105.0,134.72,19.585,14288.23,3540.75,59.1,124.09,,102.516,0.8802
3736,2014-04-29,79.808,96.01,123.44,1175.52,65.47,2.695,0.0203,110.31,,13.71,101.28,162.79,1871.75,3151.0,134.38,19.488,,3563.75,59.9,124.0,,102.564,0.8832
3737,2014-04-30,79.474,96.22,124.53,1179.41,64.49,2.648,0.0253,110.51,,13.41,99.74,162.74,1878.0,3145.0,134.94,19.119,14304.11,3573.25,58.9,124.42,,102.22,0.88
3738,2014-05-01,79.527,96.39,124.9,1182.61,64.5,2.606,0.0279,110.67,,13.25,99.42,161.17,1877.75,,135.69,18.989,14485.13,3586.75,58.84,124.66,,102.266,0.8791
3739,2014-05-02,79.516,96.41,124.13,1182.23,64.54,2.593,0.0228,110.62,,12.91,99.76,163.62,1874.5,3127.0,136.19,19.492,14457.51,3579.25,55.3,124.66,,102.185,0.8779
3740,2014-05-05,79.486,96.34,123.56,1184.4301,64.4,2.611,0.0228,110.08,,13.29,99.48,164.42,1875.75,3133.0,135.72,19.52,,3590.75,55.3,124.58,,102.14,0.8777
3741,2014-05-06,79.093,96.4,121.18,1184.54,64.93,2.595,0.0279,110.58,,13.8,99.5,164.33,1864.25,3111.0,136.06,19.598,,3551.0,58.7,124.64,,101.693,0.8741
3742,2014-05-07,79.202,96.44,123.27,1195.33,62.64,2.59,0.0279,110.6486,,13.4,100.77,161.86,1874.25,3124.0,136.0,19.298,14033.45,3540.5,57.3,124.88,,101.872,0.8761
3743,2014-05-08,79.361,96.51,123.93,1199.83,62.16,2.602,0.0279,110.68,,13.43,100.26,161.71,1872.25,3171.0,136.19,19.094,14163.78,3537.5,,125.11,,101.593,0.8798
3744,2014-05-09,79.903,96.42,125.6,1198.5,61.76,2.623,0.0279,110.56,,12.92,99.99,161.69,1873.5,3154.0,135.75,19.077,14199.59,3548.0,56.1,125.0,,101.865,0.8866
3745,2014-05-12,79.901,96.31,125.28,1201.14,,2.656,0.0253,110.44,,12.23,100.59,162.71,1892.75,3180.0,135.34,19.5,14149.52,3607.75,56.2,124.73,,102.185,0.8877
3746,2014-05-13,80.143,96.48,124.3,1195.2,,2.618,0.0253,110.68,,12.13,101.7,162.6,1894.25,3187.0,135.88,19.504,14425.44,3608.75,56.1,125.06,,102.216,0.8896
3747,2014-05-14,80.073,96.78,122.75,1196.54,69.03,2.544,0.0253,111.1,,12.17,102.37,163.99,1885.25,3189.0,137.03,19.735,14405.76,3596.25,,125.62,,101.815,0.8894
3748,2014-05-15,80.003,96.93,123.6,1194.98,71.6,2.502,0.0279,111.38,,13.17,101.5,162.45,1867.25,3140.0,137.59,19.447,14298.21,3563.25,55.7,125.92,,101.499,0.8905
3749,2014-05-16,80.043,96.87,127.23,1202.4,68.72,2.518,0.0203,111.3284,,12.44,102.02,162.41,1874.75,3151.0,137.44,19.292,14096.59,3582.75,58.7,125.78,,101.52,0.8927
3750,2014-05-19,79.993,96.83,128.18,1199.33,67.58,2.536,0.0228,111.14,,12.42,102.11,162.46,1882.25,3158.0,136.97,19.322,14006.44,3613.25,58.2,125.73,,101.5,0.892
3751,2014-05-20,80.041,96.94,127.47,1194.8101,68.77,2.509,0.033,111.24,,12.96,102.33,162.56,1868.0,3153.0,137.25,19.367,14075.25,3596.5,60.0,126.0,,101.262,0.8916
3752,2014-05-21,,96.81,123.89,1190.49,66.56,2.536,0.0304,111.07,,11.91,104.07,161.74,1885.0,3174.0,136.69,19.307,14042.17,3633.5,59.1,125.81,,101.42,0.8933
3753,2014-05-22,80.254,96.73,123.68,1189.83,68.06,2.555,0.033,110.9077,,12.03,103.74,162.61,1890.25,3180.0,136.5,19.49,14337.79,3648.0,58.2,125.62,,101.765,0.8944
3754,2014-05-23,80.393,96.83,125.13,1197.8101,66.86,2.534,0.033,111.05,,11.36,104.35,162.19,1897.0,3193.0,136.94,19.388,14462.17,3675.0,58.2,125.8,,101.97,0.8961
3755,2014-05-26,80.393,,,,,,,,,,,,,3231.0,136.11,19.428,14602.52,,,124.94,,101.894,0.8947
3756,2014-05-27,80.352,96.92,123.64,1205.34,64.95,2.518,0.033,111.34,,11.51,104.11,158.91,1909.25,3237.0,137.38,19.039,14636.52,3721.25,56.8,125.91,,101.977,0.8964
3757,2014-05-28,80.571,97.23,124.18,1199.36,67.37,2.438,0.0355,111.76,,11.68,102.72,158.15,1909.0,3237.0,138.66,19.035,14670.95,3716.0,55.2,126.48,,101.73,0.8981
3758,2014-05-29,80.494,97.17,125.81,1197.66,66.93,2.447,0.0355,111.735,,11.57,103.58,157.83,1918.0,3239.0,138.44,18.983,14681.72,3735.5,56.4,126.41,,101.72,0.8979
3759,2014-05-30,80.369,97.12,124.23,1198.7,67.95,2.457,0.038,111.72,,11.4,102.71,156.43,1921.5,3240.0,138.25,18.653,14632.38,3735.5,58.3,126.33,,101.785,0.8951
3760,2014-06-02,80.644,96.82,123.33,1201.22,68.76,2.534,0.0304,110.97,,11.58,102.47,156.18,1921.75,3249.0,137.19,18.709,14935.92,3727.5,59.7,125.72,,102.42,0.8985
3761,2014-06-03,80.554,96.6,121.79,1200.1801,68.19,2.593,0.038,110.56,,11.87,102.66,156.24,1922.0,3240.0,136.22,18.732,15034.25,3730.75,60.9,125.27,,102.54,0.8967
3762,2014-06-04,80.663,96.56,121.48,1201.0699,67.67,2.606,0.0406,110.46,,12.08,102.64,156.22,1925.75,3238.0,136.03,18.766,15067.96,3743.25,64.9,125.16,,102.681,0.8968
3763,2014-06-05,80.371,96.65,122.21,1216.28,65.47,2.584,0.0355,110.65,,11.68,102.48,157.35,1938.5,3266.0,136.28,19.055,15079.37,3776.25,65.1,125.36,,102.423,0.8917
3764,2014-06-06,80.409,96.57,122.88,1217.6,67.08,2.597,0.033,110.82,,10.73,102.66,157.25,1949.25,3291.0,136.28,18.963,15077.24,3798.0,59.3,125.23,,102.485,0.8937
3765,2014-06-09,80.653,96.49,124.67,1206.9,70.88,2.613,0.0355,110.6505,,11.15,104.41,157.42,1950.25,3305.0,136.12,19.045,15124.0,3793.75,57.3,125.06,,102.48,0.897
3766,2014-06-10,80.82,96.39,125.38,1199.6899,70.5,2.637,0.0406,110.4828,,10.99,104.35,158.2,1950.5,3310.0,135.84,19.147,14994.8,3800.5,56.9,124.89,,102.314,0.8995
3767,2014-06-11,80.77,96.41,126.71,1196.91,74.21,2.64,0.038,110.496,,11.6,104.4,158.34,1944.0,3289.0,135.78,19.154,15069.48,3798.25,55.4,124.97,,102.0,0.8995
3768,2014-06-12,80.576,96.64,127.82,1195.3101,79.97,2.586,0.038,110.94,,12.56,106.53,159.95,1930.5,3285.0,136.66,19.515,14973.53,3771.25,,125.41,,101.72,0.898
3769,2014-06-13,80.576,96.54,127.78,1193.38,79.81,2.604,0.0431,110.46,,12.18,106.91,159.96,1928.25,3284.0,136.59,19.637,15097.84,3769.0,58.4,125.17,,102.07,0.9007
3770,2014-06-16,80.471,96.56,127.67,1188.42,81.5,2.599,0.0304,110.79,,12.65,106.9,160.11,1929.25,3265.0,136.78,19.702,14933.29,3772.5,,125.17,,101.87,0.897
3771,2014-06-17,80.629,96.33,130.18,1189.12,78.41,2.653,0.038,110.4058,,12.06,106.36,159.7,1933.75,3273.0,135.91,19.721,14975.97,3772.25,58.4,124.75,,102.174,0.8991
3772,2014-06-18,80.584,96.48,129.53,1194.8101,71.76,2.615,0.0253,110.7601,,10.61,105.97,159.78,1949.0,3279.0,136.47,19.767,15115.8,3795.75,59.4,125.09,,101.89,0.8961
3773,2014-06-19,80.317,96.47,138.61,1204.45,73.41,2.622,0.0177,110.54,,10.62,106.05,164.98,1950.25,3316.0,136.38,20.637,15361.16,3789.0,55.5,125.23,,101.93,0.8938
3774,2014-06-20,80.372,96.46,143.26,1206.3101,73.33,2.624,0.0203,110.72,,10.85,106.83,165.3,1953.25,3323.0,135.34,20.942,15349.42,3793.25,54.9,124.27,,102.075,0.8953
3775,2014-06-23,80.272,96.47,139.41,1203.11,72.58,2.621,0.0101,110.6457,,10.98,106.17,165.52,1953.0,3280.0,135.38,20.909,15369.28,3794.5,54.6,124.27,,101.87,0.8944
3776,2014-06-24,80.327,96.62,134.65,1203.27,75.24,2.586,0.0279,111.12,,12.13,106.03,165.89,1943.25,3283.0,136.03,21.038,15376.24,3794.5,53.9,124.56,,101.91,0.8938
3777,2014-06-25,80.225,96.75,131.82,1203.54,72.31,2.559,0.0253,111.26,,11.59,106.5,166.05,1949.5,3254.0,136.5,21.111,15266.61,3814.75,54.1,124.8,,101.8,0.8927
3778,2014-06-26,80.22,96.92,132.81,1202.29,72.86,2.523,0.0279,111.41,,11.63,105.84,165.35,1948.75,3229.0,137.16,21.103,15308.49,3817.5,53.25,125.08,,101.637,0.8934
3779,2014-06-27,80.017,96.89,135.36,1209.24,72.72,2.532,0.0279,111.37,,11.26,105.74,165.72,1952.0,3225.0,136.91,21.077,15095.0,3831.5,53.3,125.09,,101.375,0.8909
3780,2014-06-30,79.775,96.98,139.35,1208.03,71.56,2.516,0.0253,111.44,,11.57,105.37,165.97,1952.5,3232.0,137.19,21.007,15162.1,3840.5,52.7,125.17,,101.29,0.8867
3781,2014-07-01,79.815,96.78,139.36,1212.79,69.28,2.565,0.033,110.83,,11.15,105.34,166.55,1965.75,3253.0,136.34,21.067,15326.2,3884.75,53.25,124.88,,101.54,0.8875
3782,2014-07-02,79.956,96.5,140.37,1210.89,68.15,2.628,0.0228,110.39,,10.82,104.48,167.09,1967.75,3251.0,135.25,21.254,15369.97,3889.75,59.6,124.39,,101.83,0.8892
3783,2014-07-03,80.212,96.39,142.28,1206.35,68.35,2.648,0.0101,110.24,,10.32,104.06,165.8,1977.5,3288.0,135.0,21.089,15348.29,3915.75,56.9,124.22,,102.18,0.8933
3784,2014-07-04,80.269,,,,,,,,,,,,,3269.0,135.18,21.195,15437.13,,,124.24,,102.12,0.8943
3785,2014-07-07,80.218,96.51,137.76,1204.4,71.66,2.617,0.0228,110.44,,11.33,103.53,165.35,1971.0,3231.0,135.69,20.966,15379.44,3904.25,55.05,124.39,,101.8,0.8932
3786,2014-07-08,80.179,96.72,134.2,1204.8199,73.21,2.565,0.033,110.81,,11.98,103.4,165.28,1960.5,3185.0,136.59,20.967,15314.41,3863.25,54.97,124.75,,101.46,0.8925
3787,2014-07-09,79.993,96.82,135.8,1207.3199,76.28,2.545,0.0253,110.93,,11.65,102.29,166.27,1967.25,3204.0,136.97,21.022,15302.65,3885.5,55.17,124.98,,101.535,0.8907
3788,2014-07-10,80.127,96.9,134.43,1211.2,82.14,2.534,0.0203,110.96,,12.59,102.93,168.13,1957.75,3150.0,137.09,21.459,15216.47,3873.75,55.6,125.17,,101.283,0.8926
3789,2014-07-11,80.187,96.96,138.74,1210.99,79.91,2.52,0.0203,111.17,,12.08,100.83,167.92,1962.5,3151.0,137.38,21.411,15164.04,3897.5,54.8,125.22,,101.38,0.8927
3790,2014-07-14,80.188,96.84,139.94,1216.59,77.29,2.549,0.0203,111.04,,11.82,100.91,164.05,1971.0,3186.0,136.91,20.864,15296.82,3919.25,54.4,124.97,,101.52,0.8916
3791,2014-07-15,80.39,96.81,136.92,1216.33,78.92,2.55,0.0253,110.85,,11.96,99.96,162.85,1968.0,3159.0,136.94,20.842,15395.16,3912.5,54.0,124.91,,101.66,0.8954
3792,2014-07-16,80.559,96.83,134.86,1222.34,75.81,2.538,0.0253,111.05,,11.0,101.2,163.2,1974.75,3201.0,137.16,20.727,15379.3,3922.5,52.9,124.89,,101.63,0.898
3793,2014-07-17,80.505,97.09,131.65,1216.84,89.96,2.475,0.0152,111.47,,14.54,103.19,165.36,1953.5,3155.0,138.12,21.086,15370.26,3876.0,54.5,125.36,,101.23,0.8978
3794,2014-07-18,80.524,97.03,141.19,1226.6,80.37,2.484,0.0152,111.36,,12.06,103.13,164.42,1971.5,3162.0,138.06,20.838,15215.71,3930.25,54.4,125.28,,101.335,0.8989
3795,2014-07-21,80.56,97.07,138.75,1222.5699,81.41,2.475,0.0177,111.33,,12.81,102.86,164.98,1966.25,3141.0,138.44,20.966,,3925.75,53.85,125.27,,101.4,0.8979
3796,2014-07-22,80.781,97.15,136.37,1228.92,75.22,2.466,0.0279,111.56,,12.24,102.39,164.04,1975.0,3191.0,138.56,20.965,15343.28,3950.5,53.8,125.41,,101.47,0.9021
3797,2014-07-23,80.823,97.16,132.55,1231.21,76.64,2.464,0.0253,111.66,,11.52,103.12,163.85,1980.75,3193.0,138.56,20.952,15328.56,3975.5,53.4,125.42,,101.52,0.9021
3798,2014-07-24,80.872,96.96,133.8,1230.63,77.66,2.509,0.0253,111.4,,11.84,102.07,162.12,1980.75,3220.0,137.88,20.376,15284.42,3971.75,54.26,125.05,,101.76,0.9025
3799,2014-07-25,81.029,97.13,135.26,1220.74,81.08,2.469,0.033,111.67,,12.69,102.09,163.7,1971.5,3173.0,138.66,20.588,15457.87,3955.5,54.43,125.31,,101.84,0.9049
3800,2014-07-28,81.025,97.04,135.02,1226.66,81.21,2.491,0.0253,111.49,,12.56,101.67,163.77,1973.0,3171.0,138.28,20.526,15529.4,3960.0,54.08,125.12,,101.81,0.904
3801,2014-07-29,81.214,97.17,132.35,1222.75,81.72,2.462,0.033,111.66,,13.28,100.97,163.1,1963.0,3189.0,138.94,20.546,15618.07,3952.25,53.8,125.38,,102.076,0.9068
3802,2014-07-30,81.432,96.81,130.54,1219.88,83.58,2.552,0.0304,111.26,,13.33,100.27,162.65,1965.0,3172.0,137.5,20.558,15646.23,3968.5,55.89,124.66,,102.84,0.9087
3803,2014-07-31,81.456,96.83,128.71,1205.4399,97.42,2.558,0.0253,111.08,,16.95,98.17,160.88,1924.75,3119.0,137.41,20.373,15620.77,3884.75,56.46,124.61,,102.773,0.9085
3804,2014-08-01,81.302,97.09,128.93,1200.8,101.11,2.505,0.0228,110.9601,,17.03,97.88,162.39,1918.5,3074.0,137.94,20.332,15523.11,3873.25,52.26,125.25,,102.63,0.906
3805,2014-08-04,81.328,97.15,126.86,1205.3,93.12,2.491,0.0203,111.0,,15.12,98.29,161.65,1932.0,3074.0,138.09,20.194,15474.5,3896.75,52.3,125.38,,102.542,0.9066
3806,2014-08-05,81.328,97.18,124.62,1196.16,98.32,2.483,0.0304,111.22,,16.87,97.38,161.2,1913.0,3073.0,138.38,19.794,15320.31,3871.75,56.7,125.39,,102.589,0.9092
3807,2014-08-06,81.444,97.22,124.41,1193.3,96.38,2.474,0.0253,111.23,,16.37,96.92,164.07,1914.75,3049.0,138.5,19.985,15159.79,3868.75,56.92,125.5,,102.113,0.9077
3808,2014-08-07,81.524,97.42,124.68,1191.79,97.4,2.424,0.0279,111.52,,16.66,97.34,164.61,1905.25,3013.0,139.25,19.951,15232.37,3856.75,59.5,125.92,,102.129,0.9089
3809,2014-08-08,81.454,97.41,120.36,1195.71,91.84,2.415,0.0279,111.38,,15.77,97.65,164.42,1923.75,3006.0,139.41,19.902,14778.37,3873.5,62.47,125.97,,102.06,0.9053
3810,2014-08-11,81.466,97.4,124.24,1204.78,87.54,2.42,0.0279,111.36,,14.23,98.08,164.36,1932.5,3050.0,139.41,20.06,15130.52,3905.0,60.3,125.92,,102.205,0.9067
3811,2014-08-12,81.5,97.32,123.69,1203.16,85.98,2.442,0.033,111.23,,14.13,97.37,164.37,1930.5,3025.0,138.97,19.87,15161.31,3903.5,59.37,125.83,,102.282,0.9076
3812,2014-08-13,81.596,97.47,126.93,1215.79,81.27,2.413,0.0355,111.49,,12.9,97.59,164.86,1944.75,3059.0,139.47,19.81,15213.63,3945.75,58.8,126.14,,102.408,0.9073
3813,2014-08-14,81.588,97.61,132.46,1218.91,78.48,2.398,0.033,111.66,,12.42,95.58,165.01,1953.5,3060.0,140.06,19.871,15314.57,3968.0,58.5,126.3,,102.496,0.9067
3814,2014-08-15,81.424,97.81,135.43,1218.0699,82.2,2.345,0.0355,111.89,,13.15,97.35,163.82,1952.5,3025.0,141.03,19.49,15318.34,3985.0,60.4,126.64,,102.36,0.9025
3815,2014-08-18,81.576,97.63,138.46,1229.0699,81.02,2.387,0.033,111.7584,,12.32,96.41,162.95,1967.5,3076.0,140.16,19.6,15322.6,4013.25,61.69,126.36,,102.61,0.9067
3816,2014-08-19,81.883,97.55,138.69,1232.12,80.84,2.407,0.0304,111.637,,12.21,92.86,162.63,1977.25,3093.0,139.78,19.387,15449.79,4034.25,62.0,126.22,,102.91,0.9092
3817,2014-08-20,82.226,97.42,135.46,1233.6,79.9,2.428,0.0253,111.4285,,11.78,93.45,162.44,1983.25,3082.0,139.69,19.472,15454.45,4039.5,62.8,125.92,,103.701,0.9135
3818,2014-08-21,82.154,97.51,135.75,1233.16,79.61,2.407,0.0177,111.66,,11.76,93.96,159.95,1989.5,3123.0,140.06,19.39,15586.2,4047.5,60.2,126.02,,103.849,0.9116
3819,2014-08-22,82.336,97.51,135.1,1225.71,79.58,2.403,0.0203,111.83,,11.47,93.65,160.56,1987.75,3100.0,140.44,19.361,15539.19,4054.75,59.84,125.89,,103.945,0.914
3820,2014-08-25,82.549,97.56,135.42,1224.3,79.33,2.389,0.0304,111.89,,11.7,93.35,160.39,1995.0,3163.0,140.72,19.338,15613.25,4063.5,57.2,125.95,,104.07,0.916
3821,2014-08-26,82.65,97.56,133.54,1227.3199,79.39,2.393,0.0304,111.98,,11.63,93.86,161.18,1998.5,3198.0,140.53,19.37,15521.22,4072.25,56.45,126.03,,104.09,0.9176
3822,2014-08-27,82.428,97.71,135.41,1229.33,78.85,2.361,0.033,112.23,,11.78,93.88,160.96,1997.0,3194.0,141.16,19.395,15534.82,4072.75,56.9,126.23,,103.867,0.915
3823,2014-08-28,82.477,97.85,137.95,1227.2,80.53,2.334,0.0304,112.44,,12.05,94.55,161.84,1996.75,3162.0,141.72,19.534,15459.86,4069.75,59.8,126.41,,103.696,0.915
3824,2014-08-29,82.748,97.84,127.01,1231.65,81.11,2.345,0.0279,112.41,,11.98,95.96,161.46,2001.5,3165.0,141.53,19.398,15424.59,4082.0,60.49,126.33,,104.075,0.9184
3825,2014-09-01,82.748,,,,,,,,,,,,,3173.0,139.86,19.502,15476.6,,,125.68,,104.34,0.9193
3826,2014-09-02,82.992,97.5,131.72,1229.8101,82.41,2.419,0.0253,111.63,,12.25,92.88,158.65,1999.75,3178.0,140.12,19.071,15668.6,4092.0,61.35,125.8,,105.237,0.9194
3827,2014-09-03,82.865,97.54,131.55,1233.1,80.77,2.41,0.0279,111.63,,12.36,95.54,159.31,1998.75,3217.0,140.38,19.108,15728.35,4071.75,64.9,125.78,,104.871,0.9178
3828,2014-09-04,83.82,97.37,130.15,1229.05,79.99,2.448,0.0253,111.24,,12.64,94.45,158.84,1997.75,3277.0,139.62,19.064,15676.18,4069.25,64.9,125.48,,105.576,0.9328
3829,2014-09-05,83.739,97.36,137.49,1236.9399,77.33,2.46,0.0253,111.22,,12.09,93.29,158.94,2006.0,3277.0,139.38,19.082,15668.68,4086.5,60.3,125.53,,105.1,0.9312
3830,2014-09-08,84.232,97.34,132.91,1231.96,77.84,2.469,0.0253,111.27,,12.66,92.66,157.31,2000.5,3267.0,139.41,18.887,15705.11,4093.0,60.0,125.42,,106.16,0.9361
3831,2014-09-09,84.278,97.2,136.88,1224.01,79.3,2.5,0.0203,110.96,,13.5,92.75,156.58,1989.75,3245.0,139.16,18.844,15749.15,4066.0,61.5,125.11,,106.123,0.9323
3832,2014-09-10,84.283,97.08,130.53,1208.55,82.12,2.536,0.0203,110.73,,12.88,91.67,156.18,1995.0,3245.0,138.62,18.856,15788.78,4093.0,63.2,124.92,,106.826,0.9368
3833,2014-09-11,84.298,97.12,132.72,1208.54,83.1,2.532,0.0177,110.67,,12.8,92.83,155.39,1997.0,3234.0,138.72,18.533,15909.2,4091.0,62.8,124.95,,107.105,0.936
3834,2014-09-12,84.24,96.8,127.37,1180.34,89.25,2.614,0.0177,110.28,,13.31,92.27,154.45,1976.75,3234.0,137.28,18.546,15948.29,4062.0,65.6,124.48,,107.335,0.9336
3835,2014-09-15,84.264,96.91,127.09,1174.21,91.58,2.591,0.0152,110.28,,14.12,92.92,154.9,1976.0,3232.0,137.56,18.556,,4025.5,66.1,124.66,,107.138,0.9355
3836,2014-09-16,84.074,96.92,126.81,1178.7,84.52,2.589,0.0203,110.18,,12.73,94.88,155.1,1991.5,3222.0,137.47,18.656,15911.53,4058.25,67.1,124.7,,107.15,0.9327
3837,2014-09-17,84.345,96.84,138.13,1181.0,81.52,2.6,0.018,110.02,,12.65,94.42,155.0,1993.75,3238.0,137.38,18.663,15888.67,4065.25,62.3,124.59,,108.516,0.9421
3838,2014-09-18,84.323,96.75,142.1,1173.42,77.47,2.629,0.015,110.165,,12.03,93.07,153.87,2004.5,3267.0,137.16,18.452,16067.57,4096.5,62.0,124.28,,108.8,0.9344
3839,2014-09-19,84.735,96.92,146.08,1172.74,77.7,2.587,0.018,110.476,,12.11,91.65,152.58,2003.75,3295.0,137.91,17.781,16321.17,4093.0,59.8,124.45,,109.045,0.941
3840,2014-09-22,84.752,97.05,139.85,1166.5,87.41,2.567,0.005,110.56,,13.69,90.87,152.74,1986.25,3244.0,136.75,17.699,16205.9,4052.75,58.0,124.28,,108.75,0.9397
3841,2014-09-23,84.658,97.19,132.46,1157.45,91.9,2.533,0.013,110.76,,14.93,91.56,153.26,1972.25,3194.0,137.41,17.713,,4037.0,57.4,124.53,,108.542,0.9394
3842,2014-09-24,85.037,97.05,126.9,1154.74,86.21,2.569,0.018,110.55,,13.27,92.8,152.94,1991.0,3234.0,136.84,17.643,16167.45,4087.75,58.3,124.28,,109.316,0.9459
3843,2014-09-25,85.195,97.32,132.24,1148.34,96.72,2.511,0.01,110.85,,15.64,92.53,153.24,1961.5,3190.0,137.81,17.379,16374.14,4007.5,59.1,124.75,,108.61,0.9466
3844,2014-09-26,85.64,97.21,130.49,1157.5,90.63,2.535,0.013,110.65,,14.85,93.54,152.43,1976.0,3208.0,137.62,17.477,16229.86,4045.75,64.5,124.44,,109.285,0.9516
3845,2014-09-29,85.591,97.39,131.67,1156.35,95.02,2.491,0.013,110.6883,,15.98,94.57,152.86,1969.5,3178.0,138.31,17.516,16310.64,4035.5,62.3,124.77,,109.39,0.9509
3846,2014-09-30,85.936,97.31,127.73,1152.5,92.47,2.508,0.023,110.52,,16.31,91.16,151.95,1965.5,3223.0,137.91,17.006,16173.52,4044.75,64.2,124.64,,109.66,0.955
3847,2014-10-01,85.972,97.78,123.17,1151.98,98.12,2.402,0.018,110.85,,16.71,90.73,152.44,1940.75,3187.0,139.62,17.21,16082.25,3982.5,64.3,125.52,,109.02,0.9561
3848,2014-10-02,85.601,97.65,125.35,1148.39,93.75,,0.015,110.79,,16.16,91.01,152.39,1938.5,3102.0,139.0,17.001,15661.99,3978.0,66.2,125.31,,108.528,0.9539
3849,2014-10-03,86.694,97.59,122.53,1149.96,87.77,,0.015,111.1,,14.55,89.74,149.61,1960.25,3131.0,139.22,16.78,15708.65,4016.0,62.5,125.14,,109.77,0.9679
3850,2014-10-06,85.928,97.73,126.96,1154.73,88.73,,0.015,111.2,,15.46,90.34,151.41,1956.0,3123.0,139.38,17.18,15890.95,4007.0,60.4,125.41,,108.868,0.959
3851,2014-10-07,85.672,98.05,120.85,1148.6801,99.2,,0.015,111.52,,17.2,88.85,152.05,1928.0,3071.0,140.59,17.191,15783.83,3956.25,65.3,126.0,,108.072,0.957
3852,2014-10-08,85.297,98.2,128.08,1165.3199,89.08,,0.01,111.94,,15.11,87.31,151.25,1961.75,3047.0,140.66,17.015,15595.98,4030.5,65.0,126.38,,108.127,0.9514
3853,2014-10-09,85.522,98.23,123.58,1168.11,102.13,,0.01,111.75,,18.76,85.77,153.67,1925.0,3036.0,140.81,17.367,15478.93,3970.25,66.5,126.44,,107.83,0.9542
3854,2014-10-10,85.912,98.32,130.82,1165.6,113.38,,0.0101,111.87,,21.24,85.82,153.22,1894.25,2984.0,141.28,17.252,15300.55,3853.0,68.7,126.55,,107.67,0.9576
3855,2014-10-13,85.532,,130.36,1166.85,131.57,,,112.09,,24.64,85.74,154.26,1865.5,2987.0,142.03,17.294,,3798.5,,127.16,,107.063,0.9499
3856,2014-10-14,85.822,98.81,127.78,1179.05,120.61,,0.0152,112.33,,22.79,81.84,154.8,1874.75,2995.0,142.69,17.353,14936.51,3811.75,74.6,127.44,,107.314,0.955
3857,2014-10-15,85.147,99.35,111.31,1172.79,129.01,,0.0228,112.274,,26.25,81.78,156.12,1846.75,2882.0,144.38,17.415,15073.52,3752.0,101.3,128.56,,105.98,0.9414
3858,2014-10-16,84.955,99.05,127.97,1174.79,121.94,,0.0253,112.16,,25.2,82.7,155.66,1850.5,2872.0,143.41,17.388,14738.38,3741.5,90.1,128.05,,106.405,0.9427
3859,2014-10-17,85.11,98.84,131.71,1178.34,118.84,,0.0228,112.13,,21.99,82.75,155.39,1881.0,2950.0,142.91,17.282,14532.51,3804.0,82.9,127.64,,106.875,0.9464
3860,2014-10-20,84.953,98.95,120.62,1193.9399,108.83,,0.0076,112.31,,18.57,81.91,156.1,1900.0,2922.0,143.09,17.304,15111.23,3866.0,79.2,127.81,,106.91,0.9431
3861,2014-10-21,85.303,98.86,129.18,1205.92,104.09,,0.0177,112.35,,16.08,82.49,156.98,1938.0,2983.0,142.69,17.504,14804.28,3971.5,78.9,127.66,,107.021,0.9492
3862,2014-10-22,85.741,98.75,127.04,1206.5601,108.82,,0.0127,112.11,,17.87,80.52,156.2,1925.0,2995.0,142.41,17.186,15195.77,3949.25,77.2,127.42,,107.148,0.9541
3863,2014-10-23,85.843,98.53,128.77,1214.29,102.05,,0.0076,111.82,,16.53,82.09,154.15,1946.0,3034.0,141.72,17.114,15138.96,4005.25,80.4,127.02,,108.161,0.9538
3864,2014-10-24,85.732,98.52,125.57,1214.1,104.38,,0.0127,111.91,,16.11,81.01,154.49,1959.75,3024.0,141.72,17.136,15291.64,4034.75,81.61,127.03,,108.16,0.952
3865,2014-10-27,85.495,98.62,123.77,1220.1801,100.75,,0.0177,112.03,,16.04,81.0,154.17,1957.0,2990.0,141.97,17.115,15388.72,4038.25,77.6,127.14,,108.154,0.9517
3866,2014-10-28,85.408,98.51,127.56,1227.17,95.89,,0.0177,111.81,,14.39,81.42,154.18,1980.0,3030.0,141.53,17.185,15329.91,4094.0,74.7,126.95,,107.843,0.9492
3867,2014-10-29,85.952,98.35,124.18,1226.03,99.34,,0.0177,111.66,,15.15,82.2,153.62,1972.25,3012.0,141.38,17.219,15553.91,4072.25,73.0,126.45,,108.112,0.9466
3868,2014-10-30,86.147,98.39,121.02,1230.58,98.52,,0.0127,111.7,,14.52,81.12,150.32,1988.5,3024.0,141.56,16.391,15658.2,4089.5,69.56,126.62,,108.846,0.9548
3869,2014-10-31,86.917,98.25,124.75,1246.17,94.1,,0.0127,111.61,,14.03,80.54,146.94,2011.5,3101.0,141.09,16.077,16413.76,4150.5,68.7,126.36,,109.213,0.9561
3870,2014-11-03,87.309,98.2,124.64,1251.17,93.19,,0.0203,111.12,,14.73,78.78,146.71,2011.0,3074.0,141.06,16.175,,4157.25,67.45,126.27,,112.841,0.9644
3871,2014-11-04,86.984,98.25,124.19,1253.49,92.44,,0.0279,111.0,,14.89,77.19,146.45,2005.5,3027.0,141.25,15.927,16862.47,4143.5,68.6,126.28,,113.648,0.9647
3872,2014-11-05,87.444,98.23,125.66,1249.35,87.08,,0.0279,110.96,,14.17,78.68,143.69,2018.75,3081.0,141.09,15.418,16937.32,4142.5,72.9,126.28,,113.48,0.9593
3873,2014-11-06,88.012,98.1,124.93,1236.78,83.42,,0.0253,110.68,,13.67,77.91,143.3,2028.0,3094.0,140.66,15.392,16792.48,4162.75,69.1,126.06,,114.655,0.9645
3874,2014-11-07,87.642,98.38,127.08,1233.29,80.44,,0.033,111.16,,13.12,78.65,146.71,2026.0,3056.0,141.66,15.699,16880.38,4150.75,66.6,126.66,,115.176,0.9728
3875,2014-11-10,87.81,98.17,130.51,1245.54,79.7,,0.0203,110.75,,12.67,77.4,145.46,2034.0,3084.0,140.97,15.657,16780.53,4170.25,66.55,126.27,,114.533,0.9653
3876,2014-11-11,87.531,,127.11,1242.1,79.79,,,110.87,,12.92,77.94,145.86,2036.5,3096.0,140.72,15.664,17124.11,4183.25,,126.11,,114.753,0.9676
3877,2014-11-12,87.822,98.21,125.71,1235.55,83.1,,0.0177,110.83,,13.02,77.18,145.36,2036.0,3040.0,141.12,15.619,17197.05,4196.0,66.8,126.33,,115.721,0.9644
3878,2014-11-13,87.674,98.29,128.96,1240.92,86.29,,0.0152,110.77,,13.79,74.21,145.66,2034.0,3052.0,141.25,15.617,17392.79,4205.0,67.0,126.48,,115.57,0.967
3879,2014-11-14,87.525,98.4,128.68,1234.96,85.58,,0.0152,110.87,,13.31,75.82,148.67,2038.0,3051.0,141.69,16.31,17490.83,4222.0,67.0,126.69,,115.824,0.9636
3880,2014-11-17,87.926,98.33,123.69,1237.99,84.79,,0.0203,110.58,,13.99,75.64,148.42,2039.75,3077.0,141.38,16.053,16973.8,4212.25,66.9,126.47,,116.825,0.9596
3881,2014-11-18,87.575,98.41,132.03,1243.9301,82.6,,0.0177,110.72,,13.86,74.61,150.11,2048.5,3112.0,141.69,16.17,17344.06,4238.0,69.2,126.64,,116.646,0.9648
3882,2014-11-19,87.647,98.29,124.66,1235.24,81.06,,0.0127,110.37,,13.96,74.5,149.71,2047.25,3116.0,141.22,16.29,17288.75,4223.75,70.0,126.39,,116.869,0.9585
3883,2014-11-20,87.591,98.37,136.35,1237.05,79.14,,0.0076,110.67,,13.58,75.85,149.32,2052.0,3098.0,141.56,16.133,17300.86,4245.0,69.2,126.56,,118.148,0.958
3884,2014-11-21,88.31,98.48,138.46,1245.65,79.34,,0.0127,110.9805,,12.9,76.51,150.19,2061.75,3190.0,142.0,16.391,17357.51,4249.25,67.0,126.69,,118.236,0.9583
3885,2014-11-24,88.151,98.51,140.18,1247.42,79.25,,0.0127,111.11,,12.62,75.78,149.96,2067.5,3210.0,142.06,16.377,,4282.0,64.4,126.78,,117.744,0.9716
3886,2014-11-25,87.92,98.74,126.27,1250.15,77.93,,0.0279,111.38,,12.25,74.09,150.11,2067.5,3217.0,142.97,16.554,17407.62,4292.5,64.6,127.12,,118.424,0.967
3887,2014-11-26,87.607,98.85,139.86,1261.38,77.04,,0.0152,111.6,,12.07,73.69,150.07,2072.25,3223.0,143.44,16.548,17383.58,4317.75,64.7,127.36,,117.801,0.9635
3888,2014-11-27,87.607,,,,,,,,,,,,,3241.0,142.36,16.252,17248.5,,,126.93,,117.63,0.9611
3889,2014-11-28,88.356,99.05,131.89,1265.13,79.84,,0.0177,111.8899,,13.33,66.15,147.32,2066.25,3244.0,144.06,15.489,17459.85,4338.25,66.6,127.66,,117.86,0.9646
3890,2014-12-01,87.946,98.93,127.95,1265.54,86.84,,0.0203,111.25,,14.29,69.0,152.65,2050.75,3228.0,143.53,16.648,17590.1,4286.5,67.3,127.52,,118.864,0.9677
3891,2014-12-02,88.647,98.62,121.64,1271.72,83.47,,0.0127,110.9326,,12.85,66.88,150.31,2066.0,3236.0,142.53,16.408,17663.22,4305.5,,126.95,,118.308,0.9647
3892,2014-12-03,88.956,98.61,134.44,1269.8,86.45,,0.0152,110.78,,12.47,67.38,151.48,2072.5,3248.0,142.72,16.359,17720.43,4310.5,65.8,126.89,,119.194,0.9718
3893,2014-12-04,88.704,98.76,128.73,1268.24,85.17,,0.0253,111.06,,12.38,66.81,151.35,2072.0,3188.0,143.28,16.52,17887.21,4313.5,64.6,127.11,,119.861,0.9772
3894,2014-12-05,89.334,98.49,131.41,1261.37,85.41,,0.0304,110.83,,11.82,65.84,149.18,2076.0,3276.0,142.97,16.196,17920.45,4313.25,64.8,126.52,,119.812,0.9706
3895,2014-12-08,89.041,98.69,137.62,1264.15,94.45,,0.0127,111.06,,14.21,63.05,149.75,2059.5,3250.0,144.0,16.216,17935.64,4279.0,62.8,126.8,,121.561,0.9782
3896,2014-12-09,88.69,98.86,136.69,1269.08,97.13,,0.0355,111.12,,14.89,63.82,154.4,2057.5,3169.0,144.59,17.081,17813.38,4290.75,66.57,127.14,,120.65,0.9762
3897,2014-12-10,88.271,99.12,130.88,1267.92,117.32,,0.0355,111.32,,18.53,60.94,154.07,2026.5,3152.0,145.38,17.133,17412.58,4227.0,68.2,127.62,,119.342,0.9704
3898,2014-12-11,88.663,99.05,130.73,1267.17,132.4,,0.0355,111.22,,20.08,59.95,153.59,2031.0,3159.0,145.53,17.059,17257.4,4236.5,,127.36,,117.709,0.9647
3899,2014-12-12,88.363,99.43,131.47,1257.65,138.6,,0.0279,111.53,,21.08,57.81,153.21,1990.5,3062.0,146.62,17.019,17371.58,4185.75,,127.95,,119.007,0.9693
3900,2014-12-15,88.46,99.34,135.12,1241.62,128.22,,0.033,111.36,,20.42,55.91,151.35,1983.25,2982.0,146.53,16.527,17099.4,4160.25,77.6,127.7,,118.165,0.9638
3901,2014-12-16,88.125,99.56,131.21,1242.97,132.94,,0.0279,111.35,,23.57,55.93,149.67,1965.0,3050.0,147.22,15.715,16755.32,4083.25,80.7,128.11,,117.741,0.9651
3902,2014-12-17,89.133,99.21,125.48,1262.02,114.37,,0.0279,111.41,,19.44,56.47,149.7,2008.25,3060.0,146.16,15.891,16819.73,4159.5,72.42,127.44,,116.613,0.9597
3903,2014-12-18,89.235,98.96,126.24,1270.3,107.24,,0.0431,111.41,,16.81,54.11,149.73,2060.0,3150.0,145.19,15.894,17210.05,4263.0,71.17,127.02,,118.796,0.9733
3904,2014-12-19,89.598,99.06,138.63,1273.52,99.17,,0.0355,111.53,,16.49,57.13,149.88,2067.0,3131.0,145.78,15.991,17621.4,4282.75,70.7,127.14,,118.938,0.9796
3905,2014-12-22,89.77,99.1,136.61,1291.51,99.69,,0.0431,111.69,,15.25,55.26,147.85,2072.5,3154.0,144.59,15.649,17635.14,4291.75,70.08,126.7,,119.497,0.9842
3906,2014-12-23,90.064,98.68,136.93,1286.52,94.73,,0.0177,111.42,,14.8,57.12,147.63,2079.0,3189.0,142.88,15.73,,4278.0,68.8,126.0,,120.15,0.9843
3907,2014-12-24,89.967,98.69,135.65,1283.8101,95.29,,0.0228,111.245,,14.37,55.84,147.07,2078.75,3190.0,143.16,15.673,17854.23,4282.5,68.9,125.95,,120.69,0.9876
3908,2014-12-25,89.964,,,,,,,,,,,,,,143.3,15.805,17808.75,,,125.98,,120.459,0.986
3909,2014-12-26,90.03,98.75,135.03,1287.4301,92.28,,0.0101,111.32,,14.5,54.73,149.8,2084.25,,143.38,16.112,17818.96,4310.25,55.4,126.02,,120.37,0.9849
3910,2014-12-29,90.19,99.0,127.6,1290.02,94.86,,0.0076,111.5,,15.06,53.61,148.12,2085.75,3184.0,144.0,15.744,17729.84,4311.0,69.2,126.39,,120.424,0.988
3911,2014-12-30,89.991,99.1,136.39,1287.29,97.84,,0.0228,111.54,,15.92,54.12,150.44,2076.75,3133.0,144.28,16.24,17450.77,4282.75,69.0,126.58,,120.632,0.9895
3912,2014-12-31,90.269,99.2,133.84,1271.1801,113.08,,0.0532,111.81,,19.2,53.27,148.39,2052.5,3128.0,144.56,15.565,,4232.75,68.9,126.8,,119.458,0.9885
3913,2015-01-01,90.269,,,,,,,,,,,,,,144.32,15.813,,,,126.59,,119.673,0.9941
3914,2015-01-02,91.08,99.44,128.66,1282.1899,112.55,2.123,0.02,112.1,,17.79,52.69,148.66,2046.25,3136.0,145.5,15.734,,4214.25,70.0,127.16,,119.87,0.9944
3915,2015-01-05,91.378,99.8,127.79,1286.3199,121.87,2.037,0.008,112.395,,19.92,50.04,150.89,2016.0,3015.0,146.97,16.179,17408.71,4161.75,71.5,127.77,,120.434,1.0058
3916,2015-01-06,91.499,100.22,125.27,1295.03,118.45,1.963,0.03,112.76,,21.12,47.93,152.82,1994.5,3003.0,148.16,16.603,16883.19,4102.25,84.9,128.36,,119.425,1.0062
3917,2015-01-07,91.89,100.27,123.56,1311.65,107.69,1.952,0.025,112.88,,19.31,48.65,151.73,2019.5,3014.0,148.19,16.51,16885.33,4151.5,85.2,128.47,,118.674,1.0113
3918,2015-01-08,92.368,100.05,124.77,1319.4301,98.44,2.016,0.023,112.61,,17.01,48.79,151.45,2055.0,3131.0,146.91,16.351,17167.1,4232.25,85.2,128.11,,119.289,1.0147
3919,2015-01-09,91.935,100.27,121.69,1322.84,103.77,1.969,0.02,112.92,,17.55,48.36,152.41,2035.25,3030.0,147.53,16.386,17197.73,4200.75,80.6,128.58,,119.792,1.0183
3920,2015-01-12,91.983,100.58,121.09,1330.9301,109.04,1.912,0.018,113.11,,19.6,46.07,154.5,2022.5,3077.0,148.44,16.535,,4166.5,81.9,129.06,,118.212,1.0118
3921,2015-01-13,92.31,100.69,122.2,1331.96,109.22,1.89,0.03,113.22,,20.56,45.89,154.7,2016.0,3125.0,148.62,17.125,17087.71,4158.5,83.0,129.31,,118.328,1.0149
3922,2015-01-14,92.161,100.94,132.66,1341.12,113.5,1.835,0.03,113.26,,21.48,48.48,154.71,2007.5,3089.0,149.41,16.956,16795.96,4145.5,85.3,129.77,,117.795,1.0195
3923,2015-01-15,92.352,101.24,120.77,1345.61,117.07,1.775,0.028,113.93,,22.39,46.25,158.51,1989.0,3146.0,150.09,17.073,17108.7,4089.0,85.3,130.34,,117.39,1.0189
3924,2015-01-16,92.52,101.03,131.39,1355.55,111.32,1.815,0.025,113.24,,20.95,48.69,160.03,2013.0,3202.0,149.53,17.739,16864.16,4134.0,92.6,129.86,,116.13,0.8544
3925,2015-01-19,92.52,,,1355.97,,,,,,,,,,3216.0,149.76,17.703,17014.29,,,130.04,,117.56,0.8582
3926,2015-01-20,93.046,101.11,123.63,1348.55,108.4,1.807,0.015,113.51,,19.89,46.39,162.2,2016.75,3238.0,149.84,17.947,17366.3,4167.0,90.6,129.86,,117.712,0.8797
3927,2015-01-21,92.904,100.88,134.3,1348.21,98.62,1.851,0.025,113.26,,18.85,47.78,162.14,2026.5,3263.0,149.09,18.179,17280.48,4182.75,88.3,129.44,,118.649,0.8743
3928,2015-01-22,94.077,100.69,139.13,1365.51,93.25,1.896,0.02,113.16,,16.4,46.31,163.01,2056.5,3321.0,148.5,18.346,17329.02,4264.75,85.1,129.12,,117.86,0.8605
3929,2015-01-23,94.762,101.04,132.09,1366.34,96.33,1.818,0.018,113.81,,16.66,45.59,162.0,2044.0,3384.0,149.84,18.284,17511.75,4267.0,89.9,129.67,,118.71,0.8717
3930,2015-01-26,94.802,100.98,135.02,1373.37,91.94,1.827,0.01,113.75,,15.52,45.15,160.35,2053.5,3412.0,149.59,17.967,17468.52,4269.25,85.3,129.5,,117.38,0.8811
3931,2015-01-27,94.022,101.02,128.43,1372.85,96.11,1.825,0.025,113.75,,17.22,46.23,161.91,2030.0,3371.0,149.53,18.068,17768.3,4177.5,86.2,129.66,,118.52,0.9013
3932,2015-01-28,94.467,101.51,123.76,1366.21,108.68,1.728,0.02,114.43,,20.44,44.45,161.2,1991.5,3351.0,151.19,18.068,17795.73,4124.25,86.4,130.47,,117.775,0.8992
3933,2015-01-29,94.782,101.4,130.45,1366.47,100.7,1.753,0.015,114.2,,18.76,44.53,157.28,2018.5,3372.0,150.41,16.758,17606.22,4185.75,86.6,130.19,,117.592,0.907
3934,2015-01-30,94.804,101.79,125.36,1341.75,108.99,1.68,0.013,114.88,,20.97,48.24,160.2,1988.5,3349.0,151.28,17.192,17674.39,4141.25,,130.88,,118.248,0.9225
3935,2015-02-02,94.504,101.81,129.98,1344.5699,106.74,1.673,0.01,114.56,,19.43,49.57,159.91,2017.0,3366.0,150.84,17.235,17558.04,4185.5,88.1,130.92,,117.184,0.9213
3936,2015-02-03,93.6,101.21,129.78,1354.22,101.03,1.78,0.023,113.85,,17.33,53.05,157.83,2042.0,3417.0,149.28,17.305,17335.85,4216.25,92.7,130.06,,117.575,0.9271
3937,2015-02-04,93.986,101.16,126.2,1351.98,103.74,1.795,0.015,113.87,,18.33,48.45,158.36,2030.0,3411.0,149.44,17.379,17678.74,4204.0,92.3,130.0,,117.646,0.9247
3938,2015-02-05,93.569,101.03,127.54,1367.88,98.56,1.815,0.015,113.87,,16.85,50.48,158.13,2055.0,3410.0,148.88,17.18,17504.62,4247.5,93.0,129.86,,117.288,0.926
3939,2015-02-06,95.854,100.36,125.62,1336.01,101.69,1.938,0.023,112.86,,17.29,51.69,154.61,2053.0,3398.0,147.66,16.678,17648.5,4227.5,93.7,128.72,,117.535,0.922
3940,2015-02-09,94.449,100.32,129.85,1323.84,104.19,1.948,0.01,112.76,,18.55,52.86,155.48,2042.5,3353.0,147.59,17.054,17711.93,4214.25,95.1,128.61,,118.97,0.9263
3941,2015-02-10,94.758,100.11,126.51,1326.48,97.33,1.991,0.01,112.46,,17.23,50.02,154.31,2062.25,3382.0,146.88,16.857,17652.68,4276.0,95.35,128.36,,118.563,0.9246
3942,2015-02-11,94.985,100.13,128.39,1320.96,98.73,1.988,0.01,112.55,,16.96,48.84,152.73,2065.75,3374.0,146.91,16.745,,4296.5,94.2,128.36,,119.358,0.9265
3943,2015-02-12,94.094,100.17,129.95,1336.23,93.24,1.986,0.013,112.6,,15.34,51.21,152.87,2084.1,3415.0,146.81,16.778,17979.72,4344.75,91.6,128.42,,120.17,0.9287
3944,2015-02-13,94.201,99.96,126.04,1331.64,92.74,2.021,0.01,112.3114,,14.69,52.78,153.67,2093.5,3451.0,145.91,17.278,17913.36,4377.0,91.4,128.23,,118.916,0.9299
3945,2015-02-16,94.201,,,1329.86,,,,,,,,,,3437.0,145.74,17.27,18004.77,,,128.34,,118.57,0.9317
3946,2015-02-17,94.061,99.44,127.42,1328.28,92.95,2.143,0.0152,111.97,,15.8,53.53,151.36,2096.0,3436.0,144.09,16.362,17987.09,4381.75,91.8,127.25,,118.492,0.9325
3947,2015-02-18,94.198,99.84,135.0,1336.95,89.38,2.068,0.02,112.28,,15.45,52.14,150.3,2095.5,3463.0,144.81,16.25,18199.17,4386.0,91.4,128.02,,119.208,0.9361
3948,2015-02-19,94.404,99.61,131.3,1315.21,87.6,2.112,0.02,112.28,,15.29,51.83,151.23,2095.25,3487.0,144.31,16.371,18264.79,4413.25,98.5,127.59,,118.689,0.9419
3949,2015-02-20,94.34,99.5,125.24,1323.1,85.78,2.133,0.015,112.34,,14.3,50.81,150.89,2107.0,3491.0,144.03,16.263,18332.3,4438.0,98.3,127.41,,118.988,0.9494
3950,2015-02-23,94.569,99.91,134.66,1333.55,86.13,2.057,0.02,112.65,,14.56,49.45,150.38,2106.75,3516.0,145.34,16.247,18466.92,4444.5,97.7,128.02,,119.076,0.9406
3951,2015-02-24,94.493,100.27,136.26,1314.3199,82.65,1.986,0.023,113.4,,13.69,49.28,149.94,2113.75,3549.0,146.16,16.182,18603.48,4450.25,94.1,128.69,,118.903,0.9506
3952,2015-02-25,94.213,100.32,136.33,1315.92,86.57,1.969,0.02,113.49,,13.84,50.99,150.47,2110.25,3543.0,146.88,16.424,18585.2,4436.75,91.5,128.72,,118.892,0.9501
3953,2015-02-26,95.292,100.09,126.2,1305.27,86.93,2.014,0.02,112.88,,13.91,48.17,151.54,2110.0,3572.0,146.81,16.583,18785.79,4461.75,90.5,128.28,,118.822,0.9485
3954,2015-02-27,95.321,100.19,126.4,1312.8199,85.23,2.002,0.015,113.29,,13.34,49.76,151.92,2102.75,3590.0,147.03,16.513,18797.94,4442.5,91.4,128.42,,119.377,0.9526
3955,2015-03-02,95.462,99.77,126.01,1320.0601,81.84,2.084,0.013,112.35,,13.04,49.59,151.31,2114.0,3590.0,145.81,16.407,18826.88,4477.0,90.2,127.77,,119.826,0.9543
3956,2015-03-03,95.383,99.6,123.09,1317.72,85.05,2.122,0.036,112.07,,13.86,50.52,150.83,2104.75,3555.0,145.16,16.258,18815.16,4456.5,91.8,127.47,,120.198,0.9585
3957,2015-03-04,95.965,99.64,127.89,1303.09,84.1,2.121,0.015,112.24,,14.23,51.53,150.39,2096.5,3577.0,145.34,16.132,18703.6,4444.25,90.7,127.56,,119.637,0.9608
3958,2015-03-05,96.378,99.72,127.26,1306.53,81.26,2.11,0.01,112.08,,14.04,50.76,149.8,2099.75,3616.0,145.47,16.132,18751.84,4449.5,89.3,127.72,,119.651,0.9634
3959,2015-03-06,97.615,99.09,124.65,1268.11,86.88,2.24,0.013,111.34,,15.2,49.61,145.81,2070.75,3619.0,143.38,15.784,18971.0,4405.0,86.6,126.75,,120.045,0.9736
3960,2015-03-09,97.588,99.3,124.16,1268.71,85.55,2.195,0.01,111.55,,15.06,50.0,146.08,2077.75,3610.0,144.19,15.755,18790.55,4413.5,84.0,127.09,,120.739,0.9845
3961,2015-03-10,98.618,99.64,123.53,1262.45,91.89,2.128,0.015,111.71,,16.69,48.29,145.28,2042.0,3573.0,145.25,15.613,18665.11,4331.25,84.4,127.56,,121.408,0.9872
3962,2015-03-11,99.795,99.72,123.72,1261.63,97.28,2.11,0.018,112.18,,16.87,48.17,144.09,2039.5,3650.0,145.72,15.345,18723.52,4307.5,85.0,127.61,,121.038,0.9981
3963,2015-03-12,99.435,99.83,121.53,1278.52,89.48,2.096,0.023,112.05,,15.42,47.05,144.25,2064.0,3641.0,145.69,15.493,18991.11,4330.75,85.6,127.83,,121.411,1.0091
3964,2015-03-13,100.33,99.8,120.6,1277.86,93.12,2.11,0.028,111.77,,16.0,44.84,144.3,2042.25,3654.0,145.69,15.477,19254.25,4302.25,86.1,127.77,,121.318,1.0027
3965,2015-03-16,99.604,99.87,122.83,1291.54,90.54,2.098,0.036,111.92,,15.61,43.88,144.39,2068.5,3708.0,145.84,15.601,19246.06,4352.75,84.8,127.84,,121.343,1.0066
3966,2015-03-17,99.585,100.06,125.44,1288.4399,88.25,2.059,0.053,111.9,,15.66,43.46,143.76,2066.25,3672.0,146.66,15.562,19437.0,4370.5,86.3,128.11,,121.367,1.0077
3967,2015-03-18,98.55,100.63,128.51,1309.65,81.22,1.949,0.048,113.07,,13.97,44.66,144.14,2092.5,3665.0,148.16,15.525,19544.48,4420.25,85.7,129.16,,121.28,1.0056
3968,2015-03-19,99.26,100.5,127.95,1313.3,81.61,1.976,0.015,112.49,,14.07,45.53,146.36,2081.5,3673.0,147.97,16.098,19476.56,4422.0,87.8,128.81,,120.064,0.9811
3969,2015-03-20,97.909,100.75,131.09,1343.46,80.49,1.93,0.008,112.83,,13.02,46.57,148.32,2099.25,3695.0,148.59,16.867,19560.22,4447.25,86.5,129.22,,120.762,0.9897
3970,2015-03-23,97.033,100.8,127.12,1344.89,79.98,1.915,0.005,112.92,,13.41,47.45,148.69,2094.75,3621.0,164.03,16.872,19754.36,4436.75,84.9,128.84,,120.027,0.9775
3971,2015-03-24,97.193,100.99,126.82,1339.08,80.04,1.878,0.02,113.34,,13.62,47.51,149.16,2085.0,3664.0,165.25,16.963,19713.45,4429.0,83.7,129.09,,119.75,0.966
3972,2015-03-25,96.979,100.82,122.96,1321.89,83.52,1.92,0.023,113.1,,15.44,49.21,149.89,2053.75,3620.0,164.53,16.98,19746.2,4323.5,84.2,128.81,,119.791,0.9596
3973,2015-03-26,97.436,100.39,122.86,1311.12,87.03,2.009,0.036,112.41,,15.8,51.43,150.86,2048.5,3597.0,162.41,17.122,19471.12,4310.75,86.2,128.23,,119.508,0.9604
3974,2015-03-27,97.291,100.74,121.8,1312.8,86.5,1.948,0.038,112.78,,15.07,48.87,150.23,2052.5,3605.0,164.41,17.052,19285.63,4325.75,86.2,128.69,,119.183,0.9632
3975,2015-03-30,97.975,100.65,122.69,1322.91,82.16,1.961,0.028,113.01,,14.51,48.68,148.3,2075.5,3660.0,163.47,16.657,19411.4,4372.5,86.4,128.59,,120.013,0.9674
3976,2015-03-31,98.357,100.82,120.35,1312.5,84.01,1.934,0.036,113.37,,15.29,47.6,148.04,2060.75,3631.0,163.88,16.581,19206.99,4329.5,86.1,128.91,,120.022,0.9722
3977,2015-04-01,98.185,101.13,120.76,1309.6801,82.82,1.868,0.038,113.38,,15.11,50.09,151.17,2053.0,3645.0,165.81,17.044,19034.84,4313.0,85.6,129.38,,119.574,0.9662
3978,2015-04-02,97.436,100.94,119.92,1319.84,80.21,1.904,0.015,113.1,,14.67,49.14,150.26,2059.5,3643.0,164.56,16.686,19312.79,4307.25,84.3,129.17,,119.697,0.96
3979,2015-04-03,96.545,101.31,,,,1.8416,0.0127,,,,,150.26,2059.5,,165.75,16.686,19435.08,4307.25,79.3,129.92,,118.975,0.952
3980,2015-04-06,96.777,100.97,120.05,1333.73,80.3,1.902,0.01,113.17,,14.74,52.14,152.47,2073.25,,163.75,17.095,19397.98,4342.25,79.0,129.42,,119.477,0.9579
3981,2015-04-07,97.83,101.02,121.34,1316.2,79.7,1.893,0.025,113.35,,14.78,53.98,151.47,2067.75,3697.0,164.62,16.825,19640.54,4334.0,77.8,129.36,,120.29,0.9656
3982,2015-04-08,97.94,101.04,124.24,1319.46,84.76,1.895,0.023,113.19,,13.98,50.42,150.53,2076.0,3675.0,164.94,16.44,19789.81,4374.75,80.0,129.36,,120.094,0.9661
3983,2015-04-09,99.155,100.71,125.87,1299.72,80.71,1.958,0.025,113.07,,13.09,50.79,149.34,2085.75,3710.0,163.25,16.164,19937.72,4399.25,78.8,128.84,,120.55,0.977
3984,2015-04-10,99.338,100.7,127.22,1301.35,78.91,1.953,0.02,113.11,,12.58,51.64,150.72,2095.5,3746.0,163.5,16.37,19907.63,4414.75,77.8,128.81,,120.225,0.9793
3985,2015-04-13,99.49,100.79,117.46,1291.8101,83.8,1.939,0.013,113.14,,13.94,51.91,150.06,2086.5,3763.0,163.47,16.28,19905.46,4403.25,75.8,128.98,,120.059,0.9772
3986,2015-04-14,98.733,100.98,123.64,1300.88,81.91,1.904,0.015,113.34,,13.67,53.29,149.22,2091.0,3719.0,164.38,16.151,19908.68,4397.75,74.8,129.31,,119.457,0.9727
3987,2015-04-15,98.319,101.02,119.71,1292.26,79.83,1.9,0.02,113.44,,12.84,56.39,150.31,2099.75,3736.0,164.09,16.269,19869.76,4421.75,73.0,129.44,,119.143,0.9648
3988,2015-04-16,97.415,101.12,120.37,1297.76,79.78,1.878,0.018,113.31,,12.6,56.71,149.89,2100.75,3686.0,164.12,16.276,19885.77,4415.25,72.4,129.69,,119.044,0.9565
3989,2015-04-17,97.52,101.23,122.24,1291.02,85.97,1.85,0.018,113.38,,13.89,55.74,150.53,2075.5,3604.0,165.47,16.221,19652.88,4349.0,74.4,129.81,,118.915,0.952
3990,2015-04-20,97.941,101.0,124.16,1292.6899,81.48,1.897,0.018,113.24,,13.3,57.88,149.36,2091.0,3650.0,163.78,15.883,19634.49,4407.5,73.5,129.53,,119.227,0.9553
3991,2015-04-21,98.004,100.91,122.77,1295.12,81.29,1.914,0.025,113.13,,13.25,56.61,150.53,2091.0,3659.0,163.38,16.002,19909.09,4428.5,72.9,129.36,,119.633,0.9546
3992,2015-04-22,97.932,100.61,124.07,1297.09,79.7,1.972,0.0253,112.66,,12.71,56.16,148.5,2100.25,3662.0,161.47,15.791,20133.9,4445.25,72.9,128.86,,119.95,0.9694
3993,2015-04-23,97.278,100.75,123.26,1298.6,78.17,1.947,0.025,112.91,,12.48,57.74,149.43,2107.0,3633.0,162.03,15.824,20187.65,4481.5,73.2,129.14,,119.571,0.9553
3994,2015-04-24,96.922,100.88,119.95,1302.88,76.43,1.917,0.02,113.2581,,12.29,57.15,147.02,2111.75,3650.0,162.56,15.631,20020.04,4529.25,71.6,129.39,,118.985,0.9541
3995,2015-04-27,96.765,100.86,122.84,1305.13,81.22,1.924,0.018,113.19,,13.12,56.99,150.54,2104.75,3713.0,162.84,16.39,19983.32,4524.75,71.0,129.31,,119.126,0.9552
3996,2015-04-28,96.092,100.62,124.02,1303.01,77.68,1.973,0.018,112.58,,12.41,57.06,151.88,2112.0,3653.0,161.47,16.587,20058.95,4516.0,72.9,128.95,,118.823,0.9563
3997,2015-04-29,95.209,100.35,125.36,1283.38,82.27,2.035,0.008,112.03,,13.39,58.58,151.39,2099.0,3564.0,159.88,16.67,,4479.75,73.9,128.52,,118.97,0.9403
3998,2015-04-30,94.6,100.29,115.96,1266.47,87.08,2.044,0.005,112.09,,14.55,59.63,147.94,2079.0,3568.0,159.59,16.124,19520.01,4408.25,75.3,128.38,,119.492,0.9332
3999,2015-05-01,95.297,99.91,122.37,1270.79,79.64,2.117,0.008,111.29,,12.7,59.15,146.95,2101.5,,157.62,16.111,19531.63,4467.75,78.9,127.78,,120.175,0.9326
4000,2015-05-04,95.48,99.83,121.68,1273.01,78.56,2.135,0.008,111.0352,,12.85,58.93,148.49,2109.25,3587.0,156.78,16.418,,4476.5,81.1,127.77,,120.1,0.9337
4001,2015-05-05,95.076,99.63,122.22,1251.5601,84.45,2.176,0.013,110.79,,14.31,60.4,149.29,2084.0,3499.0,156.06,16.557,,4407.5,87.7,127.42,,119.922,0.9272
4002,2015-05-06,94.087,99.35,119.74,1247.47,90.8,2.24,0.015,110.47,,15.15,60.93,148.93,2074.25,3512.0,154.31,16.484,,4373.0,91.0,127.09,,119.397,0.9165
4003,2015-05-07,94.635,99.58,120.73,1255.09,89.21,2.184,0.01,110.84,,15.13,58.94,147.92,2084.25,3517.0,155.97,16.272,19291.99,4402.5,89.6,127.39,,119.709,0.9217
4004,2015-05-08,94.794,99.8,122.93,1275.51,79.44,2.15,0.008,111.26,,12.86,59.39,148.75,2108.5,3603.0,156.22,16.442,19379.19,4448.75,80.9,127.83,,119.805,0.9309
4005,2015-05-11,95.011,99.24,115.96,1261.03,83.11,2.272,0.013,110.35,,13.85,59.25,148.01,2097.75,3591.0,153.19,16.298,19620.91,4431.25,84.1,126.89,,120.131,0.9345
4006,2015-05-12,94.534,99.31,123.92,1262.33,84.64,2.262,0.023,110.16,,13.86,60.75,149.19,2095.0,3545.0,153.59,16.51,19624.84,4420.75,87.4,127.05,,119.835,0.9283
4007,2015-05-13,93.617,99.24,126.04,1257.83,84.45,2.282,0.02,110.24,,13.76,60.5,152.41,2094.5,3521.0,152.56,17.207,19764.72,4423.75,85.6,126.98,,119.16,0.917
4008,2015-05-14,93.457,99.41,127.63,1278.08,82.34,2.239,0.018,110.51,,12.74,59.88,153.29,2117.5,3581.0,153.0,17.449,19570.24,4490.25,83.2,127.39,,119.191,0.9126
4009,2015-05-15,93.135,99.84,127.56,1290.41,80.93,2.141,0.015,111.18,,12.38,59.69,153.3,2119.0,3544.0,155.59,17.545,19732.92,4488.75,83.2,128.03,,119.29,0.916
4010,2015-05-18,94.221,99.44,126.91,1284.74,82.06,2.228,0.013,110.67,,12.73,59.43,153.59,2126.0,3568.0,153.47,17.712,19890.27,4507.25,88.2,127.38,,119.9,0.926
4011,2015-05-19,95.267,99.26,126.28,1281.84,77.53,2.262,0.02,110.11,,12.85,57.99,150.98,2124.5,3656.0,153.0,17.05,20026.38,4501.25,87.67,127.03,,120.662,0.9371
4012,2015-05-20,95.448,99.3,125.01,1277.8,77.03,2.25,0.023,110.23,,12.88,58.98,151.24,2122.5,3669.0,152.72,17.092,20196.56,4505.5,87.65,127.27,,121.212,0.9361
4013,2015-05-21,95.255,99.61,121.11,1272.6801,73.18,2.186,0.018,110.62,,12.11,60.72,150.65,2128.0,3674.0,154.41,17.111,20202.87,4528.75,86.1,127.72,,121.039,0.937
4014,2015-05-22,96.11,99.38,124.86,1269.96,75.98,2.229,0.02,110.48,,12.13,59.72,150.63,2124.5,3670.0,153.78,17.03,20264.41,4528.75,87.67,127.28,,121.545,0.9441
4015,2015-05-25,96.014,,,1270.2,,,,,,,,,,,152.82,17.105,20413.77,,,,,121.644,0.9455
4016,2015-05-26,97.299,99.79,123.06,1257.98,81.94,2.135,0.015,110.86,,14.06,58.03,148.49,2105.0,3608.0,156.22,16.734,20437.48,4479.75,85.36,127.91,,122.986,0.9517
4017,2015-05-27,97.371,99.85,123.6,1267.36,77.79,2.135,0.018,110.92,,13.27,57.51,148.32,2121.0,3675.0,156.56,16.638,20472.58,4542.25,84.0,127.89,,123.74,0.9498
4018,2015-05-28,96.965,99.9,125.37,1263.0,77.35,2.13,0.008,110.77,,13.31,57.68,148.61,2121.75,3642.0,156.34,16.653,20551.46,4542.75,82.7,128.03,,123.82,0.943
4019,2015-05-29,96.907,100.1,122.5,1250.3,79.07,2.095,0.003,110.5,,13.84,60.3,148.74,2106.0,3562.0,157.19,16.684,20563.15,4511.0,82.7,128.31,,124.145,0.9403
4020,2015-06-01,97.392,99.61,122.43,1261.66,78.89,2.192,0.01,109.9297,,13.97,60.2,148.6,2109.25,3570.0,154.97,16.664,20569.87,4521.5,83.55,127.56,,124.847,0.946
4021,2015-06-02,95.835,99.3,121.17,1252.74,80.61,2.266,0.015,109.34,,14.24,61.26,149.31,2106.75,3558.0,153.31,16.783,20543.19,4503.0,87.5,127.0,,124.036,0.9334
4022,2015-06-03,95.465,98.88,124.59,1238.85,79.27,2.366,0.015,108.91,,13.66,59.64,148.12,2116.0,3577.0,151.25,16.464,20473.51,4527.5,91.81,126.25,,124.304,0.9345
4023,2015-06-04,95.461,99.17,121.98,1235.6899,87.99,2.307,0.013,109.28,,14.71,58.0,146.91,2099.0,3557.0,152.91,16.089,20488.19,4496.5,92.21,126.7,,124.38,0.9346
4024,2015-06-05,96.306,98.72,119.62,1218.67,84.1,2.4,0.018,108.85,,14.21,59.13,146.02,2092.25,3509.0,151.25,15.971,20460.9,4481.5,88.9,125.94,,125.625,0.9394
4025,2015-06-08,95.299,98.86,118.33,1216.14,86.5,2.381,0.015,108.87,,15.29,58.14,146.71,2078.25,3471.0,151.56,15.951,20457.19,4432.25,87.6,126.14,,124.563,0.9274
4026,2015-06-09,95.166,98.67,119.4,1212.13,84.34,2.417,0.018,108.48,,14.47,60.14,147.21,2080.0,3451.0,150.66,15.949,20096.3,4431.5,87.2,125.91,,124.339,0.93
4027,2015-06-10,94.646,98.41,120.83,1224.46,81.6,2.478,0.018,108.07,,13.22,61.43,148.34,2107.0,3527.0,149.47,15.952,20046.36,4488.75,89.8,125.48,,122.871,0.9321
4028,2015-06-11,94.976,98.84,125.32,1230.21,79.53,2.384,0.013,108.82,,12.85,60.77,147.56,2109.25,3549.0,151.88,15.953,20382.97,4490.5,87.8,126.14,,123.581,0.9339
4029,2015-06-12,94.972,98.82,119.26,1227.63,85.55,2.385,0.01,108.73,,13.78,59.96,147.41,2085.0,3502.0,152.0,15.818,20407.08,4447.25,87.7,126.09,,123.385,0.9291
4030,2015-06-15,94.81,98.95,119.25,1222.16,96.12,2.358,0.01,108.78,,15.39,59.52,148.24,2075.5,3441.0,152.12,16.076,20387.79,4428.0,86.0,126.36,,123.42,0.9298
4031,2015-06-16,94.999,99.12,120.23,1230.34,95.96,2.316,0.013,108.94,,14.81,59.97,147.62,2089.0,3453.0,152.94,15.958,20257.94,4451.75,85.7,126.64,,123.439,0.9317
4032,2015-06-17,94.296,99.2,119.09,1234.39,93.19,2.308,0.013,108.84,,14.5,59.92,147.11,2089.25,3427.0,152.56,15.94,20219.27,4454.25,82.4,126.91,,123.53,0.9209
4033,2015-06-18,94.042,99.0,120.17,1251.6801,89.2,2.351,0.008,108.62,,13.19,60.45,150.26,2114.75,3451.0,151.25,16.148,19990.82,4530.75,82.6,126.64,,123.002,0.9213
4034,2015-06-19,94.085,99.39,119.5,1242.9,92.16,2.267,0.008,109.07,,13.96,59.61,150.25,2097.75,3488.0,153.59,16.104,20174.24,4499.75,84.7,127.27,,122.675,0.9176
4035,2015-06-22,94.329,98.97,120.52,1238.51,83.87,2.362,0.008,108.52,,12.74,60.38,148.02,2112.75,3600.0,149.72,16.137,20428.19,4532.75,84.4,125.83,,123.379,0.9212
4036,2015-06-23,95.432,98.75,122.78,1230.25,78.85,2.409,0.013,108.26,,12.11,61.01,147.09,2116.5,3625.0,148.81,15.732,20809.42,4541.25,84.2,125.45,,123.86,0.9335
4037,2015-06-24,95.264,98.95,119.52,1223.4,82.53,2.371,0.01,108.4877,,13.26,60.27,146.62,2099.5,3610.0,149.84,15.848,20868.03,4515.75,82.7,125.73,,123.851,0.9335
4038,2015-06-25,95.187,98.88,122.68,1214.42,83.51,2.393,0.005,108.32,,14.01,59.7,146.49,2094.0,3608.0,149.56,15.805,20771.4,4509.25,83.32,125.58,,123.598,0.9365
4039,2015-06-26,95.472,98.53,123.07,1217.24,83.09,2.476,0.005,107.87,,14.02,59.63,146.66,2095.75,3623.0,147.56,15.735,20706.15,4480.5,84.3,125.02,,123.855,0.933
4040,2015-06-29,94.79,99.23,124.54,1197.38,117.0,2.331,0.005,108.61,,18.85,58.33,147.39,2050.5,3466.0,150.91,15.664,20109.95,4378.0,89.8,126.2,,122.67,0.9259
4041,2015-06-30,95.485,99.21,123.88,1198.27,110.17,2.333,0.02,108.57,,18.23,59.47,146.49,2054.5,3436.0,150.84,15.551,20235.73,4390.25,92.3,126.17,,122.386,0.9347
4042,2015-07-01,96.31,98.79,120.14,1214.1899,97.6,2.418,0.013,107.91,,16.09,56.96,146.17,2071.0,3490.0,148.84,15.552,20329.32,4422.0,90.3,125.47,,123.32,0.9487
4043,2015-07-02,96.113,98.97,121.52,1213.1801,105.14,2.391,0.008,108.18,,16.79,56.93,145.45,2068.75,3458.0,149.19,15.537,20522.5,4428.75,88.0,125.88,,123.059,0.9434
4044,2015-07-03,96.113,,,1212.77,,,,,,,,,,3434.0,150.18,15.653,20539.79,,,126.31,,122.815,0.9406
4045,2015-07-06,96.298,99.53,118.68,1214.1,105.97,2.278,0.01,108.5701,,17.01,52.53,146.66,2064.5,3358.0,152.09,15.726,20112.12,4422.75,86.18,126.77,,122.611,0.9429
4046,2015-07-07,96.865,99.76,117.37,1225.41,99.35,2.231,0.015,109.1,,16.09,52.33,144.09,2073.75,3287.0,153.5,14.95,20376.59,4422.25,90.5,127.12,,122.49,0.9466
4047,2015-07-08,96.294,99.92,118.25,1221.4301,111.67,2.206,0.015,109.28,,19.66,51.65,145.45,2039.25,3321.0,154.12,15.147,19737.64,4346.5,89.4,127.38,,120.862,0.9456
4048,2015-07-09,96.606,99.45,120.34,1220.42,115.36,2.301,0.018,108.61,,19.97,52.78,144.91,2041.25,3419.0,151.59,15.345,19855.5,4339.5,89.3,126.67,,121.7,0.9477
4049,2015-07-10,96.025,98.87,118.52,1229.65,101.19,2.415,0.015,108.14,,16.83,52.74,144.75,2069.0,3535.0,149.09,15.468,19779.83,4408.25,90.2,125.73,,122.755,0.9392
4050,2015-07-13,96.858,98.85,121.57,1235.85,85.95,2.43,-0.0025,107.94,,13.9,52.2,144.44,2094.5,3589.0,149.16,15.436,20089.77,4488.0,84.7,125.59,,123.57,0.9504
4051,2015-07-14,96.643,99.01,123.11,1240.3101,87.35,2.399,0.015,108.09,,13.37,53.04,144.19,2102.0,3603.0,149.53,15.295,20385.33,4517.5,80.8,125.94,,123.32,0.9449
4052,2015-07-15,97.166,99.25,123.06,1242.47,90.81,2.348,0.02,108.34,,13.23,51.41,143.43,2104.25,3626.0,150.84,15.028,20463.33,4536.5,79.1,126.34,,123.87,0.9523
4053,2015-07-16,97.668,99.23,124.67,1253.45,87.12,2.352,0.018,108.55,,12.11,50.91,142.98,2117.0,3677.0,151.34,14.964,20600.12,4597.75,76.0,126.17,,124.149,0.9571
4054,2015-07-17,97.862,99.28,127.91,1250.15,85.32,2.349,0.02,108.57,,11.95,50.89,141.42,2118.75,3672.0,152.09,14.82,20650.92,4650.0,74.21,126.12,,124.075,0.9616
4055,2015-07-20,98.029,99.14,125.06,1250.83,84.38,2.374,0.028,108.23,,12.25,50.15,138.26,2122.0,3689.0,151.75,14.745,,4671.25,72.8,125.89,,124.294,0.9634
4056,2015-07-21,97.328,99.31,124.9,1247.63,82.56,2.342,0.036,108.41,,12.22,50.86,137.82,2114.5,3646.0,152.31,14.769,20841.97,4666.5,72.4,126.2,,123.86,0.958
4057,2015-07-22,97.598,99.4,130.42,1249.58,78.89,2.322,0.036,108.49,,12.12,49.19,136.32,2108.0,3633.0,153.19,14.714,20593.67,4617.0,72.1,126.31,,124.068,0.9597
4058,2015-07-23,97.115,99.64,123.18,1235.97,81.64,2.278,0.036,108.77,,12.64,48.45,136.63,2098.5,3631.0,154.47,14.683,20683.95,4620.0,72.6,126.61,,123.876,0.9593
4059,2015-07-24,97.244,99.7,126.32,1239.27,88.36,2.273,0.038,108.855,,13.74,48.14,135.49,2077.5,3599.0,154.59,14.477,20544.53,4561.75,73.0,126.72,,123.82,0.9631
4060,2015-07-27,96.502,99.92,126.67,1239.6899,97.32,2.228,0.033,108.8,,15.6,47.39,136.85,2064.5,3517.0,155.19,14.594,20350.1,4522.5,72.2,127.16,,123.24,0.962
4061,2015-07-28,96.772,99.82,123.52,1241.8101,84.77,2.25,0.053,108.6801,,13.44,47.98,136.83,2087.25,3549.0,154.88,14.631,20328.89,4556.0,71.9,127.0,,123.576,0.9616
4062,2015-07-29,96.976,99.72,121.03,1248.8199,82.94,2.277,0.053,108.68,,12.5,48.79,136.41,2101.5,3572.0,154.38,14.734,20302.91,4565.0,69.71,126.81,,123.959,0.9674
4063,2015-07-30,97.56,99.76,122.06,1241.54,80.65,2.268,0.069,108.71,,12.13,48.52,135.83,2103.75,3578.0,155.16,14.691,20522.83,4595.25,71.2,126.84,,124.071,0.9683
4064,2015-07-31,97.336,100.04,124.2,1251.64,81.77,2.205,0.064,109.18,,12.12,47.12,136.63,2098.5,3598.0,155.94,14.746,20585.24,4585.0,75.8,127.44,,123.94,0.966
4065,2015-08-03,97.494,100.34,119.32,1255.95,79.43,2.152,0.069,109.2,,12.56,45.17,135.92,2091.0,3634.0,157.59,14.516,20548.11,4573.0,74.7,127.83,,123.945,0.9692
4066,2015-08-04,97.931,100.03,119.79,1252.95,80.82,2.211,0.081,108.63,,13.0,45.74,136.08,2083.0,3618.0,156.88,14.55,20520.36,4551.75,80.47,127.27,,124.274,0.9779
4067,2015-08-05,97.958,99.77,119.1,1245.77,80.1,2.268,0.081,108.33,,12.51,45.15,135.44,2093.75,3680.0,155.66,14.546,20614.06,4593.5,80.7,126.75,,124.73,0.979
4068,2015-08-06,97.833,99.95,126.09,1246.59,84.36,2.234,0.033,108.49,,13.77,44.66,136.01,2079.5,3669.0,156.72,14.67,20664.44,4524.75,80.3,127.02,,124.734,0.981
4069,2015-08-07,97.563,100.23,117.82,1249.5601,82.57,2.175,0.066,108.76,,13.39,43.87,136.51,2073.5,3640.0,158.53,14.816,20724.56,4519.0,76.2,127.45,,124.225,0.9838
4070,2015-08-10,97.159,99.94,121.54,1248.73,80.21,2.238,0.076,108.45,,12.23,44.96,137.75,2099.75,3675.0,156.78,15.289,20808.69,4566.0,75.3,127.02,,124.613,0.9836
4071,2015-08-11,97.29,100.46,124.37,1251.42,85.22,2.139,0.104,109.04,,13.71,43.08,138.2,2079.75,3604.0,158.81,15.281,20720.75,4510.75,78.1,127.86,,125.07,0.9882
4072,2015-08-12,96.262,100.49,119.97,1253.97,88.13,2.13,0.102,108.72,,13.61,43.3,140.19,2084.25,3492.0,158.62,15.473,20392.77,4533.5,81.5,127.97,,124.255,0.9753
4073,2015-08-13,96.445,100.18,119.96,1255.1899,88.36,2.187,0.092,108.54,,13.49,42.23,139.19,2080.5,3513.0,157.91,15.396,20595.55,4517.25,80.0,127.48,,124.363,0.9754
4074,2015-08-14,96.52,100.17,119.37,1261.1,89.38,2.198,0.092,108.65,,12.83,42.5,138.83,2089.5,3495.0,158.12,15.21,20519.45,4531.75,77.1,127.36,,124.315,0.9759
4075,2015-08-17,96.806,100.41,120.27,1269.66,87.35,2.152,0.071,108.71,,13.02,41.87,139.54,2099.25,3503.0,159.09,15.295,20620.26,4564.75,76.1,127.77,,124.438,0.9782
4076,2015-08-18,97.04,100.18,124.34,1272.53,88.84,2.196,0.092,108.51,,13.79,42.62,139.35,2094.0,3497.0,157.72,14.787,20554.47,4544.0,82.7,127.45,,124.371,0.9774
4077,2015-08-19,96.359,100.52,122.14,1263.72,91.84,2.129,0.051,108.82,,15.25,41.27,140.72,2072.75,3433.0,158.81,15.176,20222.63,4503.75,81.5,128.09,,123.897,0.9657
4078,2015-08-20,95.98,100.72,118.76,1255.1801,108.75,2.084,0.02,108.86,,19.14,41.32,143.88,2025.5,3356.0,160.09,15.517,20033.52,4366.25,84.6,128.33,,123.42,0.9591
4079,2015-08-21,95.008,100.87,130.04,1233.36,138.57,2.05,0.031,108.8801,,28.03,40.45,144.68,1971.5,3256.0,160.19,15.301,19435.83,4200.75,88.5,128.67,,122.025,0.9467
4080,2015-08-24,93.332,101.16,129.46,1178.39,168.75,1.998,0.023,108.56,,40.74,38.24,143.93,1871.25,3067.0,160.91,14.762,18540.68,4003.25,94.5,129.2,,118.884,0.9325
4081,2015-08-25,94.53,100.44,126.78,1159.5,152.42,2.133,0.061,108.13,,36.02,39.31,142.02,1872.75,3228.0,157.72,14.61,17806.7,4028.5,91.1,128.06,,118.658,0.9391
4082,2015-08-26,95.1,100.26,124.35,1177.6801,134.31,2.172,0.064,107.96,,30.32,38.6,140.31,1938.0,3182.0,156.03,14.045,18376.83,4214.5,92.0,127.94,,120.058,0.9519
4083,2015-08-27,95.61,100.31,126.31,1198.6,128.59,2.166,0.058,108.04,,26.1,42.56,140.06,1989.25,3286.0,156.88,14.421,18574.44,4328.0,91.4,127.95,,121.003,0.9653
4084,2015-08-28,96.106,100.19,130.38,1196.86,127.18,2.184,0.058,108.09,,26.05,45.22,141.48,1989.75,3279.0,156.72,14.535,19136.32,4333.0,91.1,127.78,,121.715,0.9625
4085,2015-08-31,95.824,100.08,129.36,1174.73,127.28,2.2,0.01,107.79,,28.43,49.2,141.3,1969.25,3269.0,156.12,14.577,18890.48,4271.75,87.7,127.64,,121.089,0.965
4086,2015-09-01,95.45,100.19,125.35,1152.72,128.94,2.172,0.053,107.9,,31.4,45.41,142.21,1916.0,3182.0,156.12,14.613,18165.69,4158.25,88.7,127.88,,119.715,0.96
4087,2015-09-02,95.828,100.06,125.35,1162.15,114.43,2.193,0.031,107.88,,26.09,46.25,141.43,1947.0,3205.0,155.5,14.661,18095.4,4260.0,93.1,127.73,,120.58,0.9698
4088,2015-09-03,96.405,100.21,132.43,1166.01,118.16,2.168,0.02,108.33,,25.61,46.75,140.3,1946.0,3272.0,155.97,14.702,18182.39,4229.5,91.4,127.95,,120.056,0.9738
4089,2015-09-04,96.229,100.43,142.19,1143.28,123.15,2.128,0.036,108.49,,27.8,46.05,139.91,1921.75,3185.0,157.31,14.544,17792.16,4194.0,86.8,128.3,,119.005,0.9719
4090,2015-09-07,96.229,,,1143.1801,,,,,,,,,,3201.0,155.42,14.515,17860.47,,,127.54,,119.403,0.9755
4091,2015-09-08,95.985,100.08,132.37,1160.03,117.62,2.193,0.031,108.11,,24.9,45.94,139.86,1965.75,3236.0,155.44,14.75,17427.08,4298.5,85.2,127.83,,120.089,0.9778
4092,2015-09-09,96.012,100.19,137.03,1152.41,131.3,2.181,0.046,108.29,,26.23,44.15,137.49,1942.75,3272.0,156.16,14.568,18770.51,4255.0,85.1,128.0,,120.278,0.9751
4093,2015-09-10,95.456,100.03,131.42,1153.13,127.06,2.222,0.025,108.08,,24.37,45.92,138.4,1949.5,3224.0,155.28,14.634,18299.62,4295.0,83.6,127.73,,120.619,0.9732
4094,2015-09-11,95.194,100.26,118.18,1166.66,119.09,2.183,0.031,108.0,,23.2,44.63,137.65,1950.25,3194.0,156.28,14.49,18264.22,4315.25,83.8,128.11,,120.58,0.9689
4095,2015-09-14,95.246,100.26,142.93,1167.13,118.01,2.18,0.033,108.165,,24.25,44.0,138.2,1944.0,3188.0,156.44,14.357,17965.7,4299.75,82.7,128.12,,120.36,0.9682
4096,2015-09-15,95.611,99.71,136.0,1174.23,109.34,2.281,0.064,107.43,,22.54,44.59,137.57,1970.0,3213.0,153.88,14.319,18026.48,4351.0,85.0,127.28,,120.434,0.9741
4097,2015-09-16,95.42,99.59,142.16,1186.48,107.02,2.303,0.064,107.56,,21.35,47.15,139.61,1988.0,3255.0,153.34,14.878,18171.6,4381.0,84.9,127.12,,120.523,0.9701
4098,2015-09-17,94.55,100.07,137.49,1197.78,118.09,2.217,0.013,108.2116,,21.14,46.9,139.36,1977.25,3261.0,154.56,14.975,18432.27,4369.75,77.7,127.89,,120.046,0.9621
4099,2015-09-18,94.863,100.52,119.47,1196.41,116.26,2.132,-0.0051,108.49,,22.28,44.68,141.96,1950.5,3180.0,157.25,15.154,18070.21,4326.75,75.8,128.58,,119.995,0.9684
4100,2015-09-21,95.894,100.09,135.45,1202.8199,103.4,2.214,-0.0051,108.0301,,20.14,46.96,141.33,1963.0,3178.0,155.69,15.216,,4341.25,74.5,128.03,,120.498,0.9718
4101,2015-09-22,96.283,100.56,135.94,1187.35,111.36,2.127,0.008,108.26,,22.44,46.36,140.34,1932.0,3063.0,155.75,14.75,,4267.25,75.6,128.11,,120.08,0.9754
4102,2015-09-23,96.068,100.49,136.71,1193.83,105.86,2.144,0.01,108.24,,22.13,44.48,141.17,1928.5,3071.0,155.62,14.78,,4262.75,69.2,127.97,,120.2,0.9791
4103,2015-09-24,96.69,100.65,134.03,1188.6,110.12,2.12,0.005,108.27,,23.47,44.91,143.95,1918.75,3003.0,156.69,15.125,17571.83,4246.0,76.4,128.12,,120.24,0.978
4104,2015-09-25,96.269,100.42,135.16,1198.5601,110.54,2.168,-0.0102,108.06,,23.62,45.7,142.93,1919.25,3107.0,155.44,15.106,17880.51,4213.5,75.9,127.84,,120.58,0.9785
4105,2015-09-28,96.034,100.82,134.18,1179.92,115.31,2.095,-0.0076,108.336,,27.63,44.43,141.2,1872.0,3033.0,157.53,14.538,17645.11,4094.75,76.9,128.44,,119.84,0.9744
4106,2015-09-29,95.855,101.0,136.71,1187.77,110.99,2.053,0.01,108.36,,26.83,45.23,140.59,1874.5,3026.0,157.91,14.569,16930.84,4074.75,83.3,128.81,,119.86,0.971
4107,2015-09-30,96.35,100.95,113.9,1199.6899,103.28,2.06,0.008,108.46,,24.5,45.09,139.14,1908.75,3091.0,157.34,14.513,17388.15,4163.0,81.6,128.73,,119.859,0.9741
4108,2015-10-01,96.185,101.03,124.81,1204.13,98.27,2.042,-0.0127,108.14,,22.55,44.74,138.95,1916.75,3061.0,157.81,14.506,17722.42,4187.5,81.5,128.75,,119.81,0.9762
4109,2015-10-02,95.83,101.36,115.75,1213.77,95.07,1.989,0.003,108.75,,20.94,45.54,141.81,1943.0,3076.0,158.81,15.257,17725.13,4261.25,78.9,129.34,,119.905,0.9711
4110,2015-10-05,96.106,101.01,132.83,1234.1899,92.29,2.056,0.003,108.79,,19.54,46.26,141.93,1974.75,3176.0,157.25,15.702,18005.49,4311.25,77.5,128.83,,120.461,0.9754
4111,2015-10-06,95.455,101.12,129.32,1231.95,92.46,2.035,0.005,108.59,,19.4,48.53,143.03,1968.5,3217.0,157.81,15.979,18186.1,4290.25,80.3,129.03,,120.24,0.9675
4112,2015-10-07,95.497,101.02,132.39,1241.53,89.43,2.06,-0.0025,108.86,,18.4,47.81,143.32,1987.25,3210.0,157.66,16.088,18322.98,4323.75,80.0,128.81,,119.915,0.9732
4113,2015-10-08,95.318,100.77,136.69,1249.28,88.42,2.108,0.005,108.68,,17.42,49.43,142.77,2006.5,3220.0,156.41,15.76,18141.17,4344.75,79.5,128.47,,119.929,0.9662
4114,2015-10-09,94.813,100.81,134.66,1250.52,89.08,2.099,0.008,108.56,,17.08,49.63,144.22,2007.5,3242.0,156.91,15.809,18438.67,4359.5,78.2,128.48,,120.275,0.9614
4115,2015-10-12,94.841,,137.25,1256.65,88.27,,,108.9,,16.17,47.1,145.29,2011.0,3243.0,157.81,15.855,,4375.0,,128.77,,120.011,0.9627
4116,2015-10-13,94.759,101.04,133.81,1246.73,98.35,2.055,0.005,108.832,,17.67,46.66,145.4,1994.0,3211.0,157.84,15.897,18234.74,4341.25,76.3,128.86,,119.72,0.9583
4117,2015-10-14,93.931,101.45,135.82,1241.26,102.29,1.982,-0.0025,109.21,,18.03,46.64,147.2,1984.0,3191.0,159.59,16.102,17891.0,4326.5,74.8,129.55,,118.83,0.9494
4118,2015-10-15,94.371,101.22,144.72,1257.47,96.61,2.021,0.005,108.98,,16.05,46.38,148.16,2019.0,3233.0,158.72,16.152,18096.9,4411.75,74.6,129.12,,119.05,0.9513
4119,2015-10-16,94.54,101.21,135.04,1266.25,97.58,2.023,0.005,109.01,,15.05,47.26,147.61,2025.5,3257.0,158.94,16.102,18291.8,4434.75,74.7,129.03,,119.445,0.9535
4120,2015-10-19,94.928,101.17,139.92,1281.5,94.38,2.028,0.003,109.12,,14.98,45.89,146.32,2027.5,3266.0,158.38,15.829,18131.23,4454.5,71.0,128.97,,119.503,0.9563
4121,2015-10-20,94.913,100.94,140.7,1281.02,97.11,2.071,0.02,108.86,,15.75,46.29,146.91,2020.5,3255.0,157.28,15.905,18207.15,4424.75,71.1,128.56,,119.795,0.956
4122,2015-10-21,95.035,101.17,133.07,1277.2,106.02,2.03,0.005,109.1739,,16.7,45.2,145.61,2008.5,3266.0,158.41,15.696,18554.28,4399.25,69.7,128.88,,119.842,0.9591
4123,2015-10-22,96.378,101.22,121.02,1287.16,97.07,2.025,0.005,109.34,,14.45,45.38,145.49,2053.0,3353.0,158.44,15.823,18435.87,4552.75,70.0,128.94,,120.86,0.9735
4124,2015-10-23,97.127,100.93,135.62,1277.16,97.21,2.083,0.008,109.16,,14.46,44.6,145.08,2066.0,3418.0,157.16,15.818,18825.3,4611.5,70.8,128.42,,121.465,0.9787
4125,2015-10-26,96.861,101.07,132.29,1277.28,98.1,2.058,0.018,109.33,,15.29,43.98,145.5,2062.25,3413.0,158.03,15.9,18947.12,4616.25,69.7,128.59,,121.296,0.9786
4126,2015-10-27,96.906,101.23,132.17,1276.75,95.21,2.028,0.02,109.28,,15.43,43.2,145.45,2060.5,3383.0,158.53,15.858,18777.04,4632.25,69.8,128.92,,120.949,0.9824
4127,2015-10-28,97.782,100.91,134.43,1279.54,88.28,2.092,0.046,108.97,,14.33,45.94,146.74,2084.5,3420.0,158.12,16.288,18903.02,4673.75,70.3,128.2,,120.477,0.987
4128,2015-10-29,97.282,100.48,134.64,1276.92,88.6,2.172,0.064,108.38,,14.61,46.06,143.14,2083.0,3403.0,155.84,15.544,18935.71,4661.75,73.1,127.61,,120.86,0.9936
4129,2015-10-30,96.946,100.59,125.77,1268.25,90.27,2.151,0.079,108.85,,15.07,46.59,142.41,2073.75,3403.0,156.44,15.566,19083.1,4643.25,73.1,127.69,,121.0,0.9887
4130,2015-11-02,96.928,100.42,138.78,1285.73,86.75,2.185,0.064,108.21,,14.15,46.14,141.72,2095.5,3433.0,155.75,15.413,18683.24,4694.0,73.2,127.38,,120.495,0.9863
4131,2015-11-03,97.158,100.23,137.4,1271.72,87.34,2.22,0.069,108.19,,14.54,47.9,139.0,2103.0,3433.0,154.62,15.244,,4712.0,73.3,127.11,,120.788,0.987
4132,2015-11-04,97.95,100.13,134.44,1265.52,89.46,2.23,0.066,107.86,,15.51,46.32,138.01,2094.75,3433.0,154.69,15.063,18926.91,4709.5,77.6,126.92,,121.095,0.991
4133,2015-11-05,97.936,100.05,135.21,1269.9,87.68,2.245,0.048,107.93,,15.05,45.2,137.77,2094.0,3445.0,154.09,14.988,19116.41,4695.25,76.7,126.83,,121.49,0.9929
4134,2015-11-06,99.168,99.59,137.75,1235.67,85.03,2.333,0.084,107.29,,14.33,44.29,135.71,2093.75,3462.0,152.31,14.696,19265.6,4703.0,74.3,126.05,,121.67,0.9952
4135,2015-11-09,98.979,99.56,134.34,1214.98,92.97,2.342,0.089,107.18,,16.52,43.87,135.76,2073.0,3412.0,152.09,14.418,19642.74,4652.75,,126.03,,123.2,1.0054
4136,2015-11-10,99.293,99.69,132.24,1222.59,86.96,2.322,0.132,107.355,,15.29,44.21,135.8,2078.0,3420.0,152.59,14.356,19671.26,4643.0,70.5,126.3,,123.077,1.0031
4137,2015-11-11,99.013,,132.44,1227.23,91.25,,,107.42,,16.06,42.93,135.33,2069.0,3445.0,152.03,14.262,19691.39,4631.75,,126.06,,123.084,1.0052
4138,2015-11-12,98.649,99.67,136.93,1218.87,98.19,2.319,0.135,107.28,,18.37,41.75,134.83,2040.5,3386.0,152.84,14.224,19697.77,4585.25,,126.2,,122.757,1.0035
4139,2015-11-13,98.998,99.85,139.5,1206.95,106.06,2.28,0.125,107.63,,20.08,40.74,134.83,2018.5,3354.0,153.38,14.203,19596.91,4502.0,68.3,126.53,,122.56,1.0004
4140,2015-11-16,99.442,99.89,131.77,1216.16,96.71,2.273,0.109,107.5,,18.16,41.74,135.16,2048.0,3353.0,153.25,14.221,19393.69,4559.75,67.7,126.67,,122.364,1.008
4141,2015-11-17,99.631,99.96,136.97,1222.39,100.37,2.261,0.147,107.64,,18.84,40.67,133.28,2049.0,3447.0,153.84,14.17,19630.63,4569.5,72.3,126.73,,123.266,1.0094
4142,2015-11-18,99.652,99.94,136.86,1229.96,93.47,2.269,0.135,107.65,,16.85,40.75,133.26,2079.75,3433.0,153.84,14.08,19649.18,4652.5,71.7,126.66,,123.445,1.0142
4143,2015-11-19,98.989,100.05,139.17,1239.65,96.18,2.246,0.099,107.93,,16.99,41.72,134.41,2079.25,3451.0,154.69,14.242,19859.81,4660.0,70.5,126.78,,123.525,1.0189
4144,2015-11-20,99.565,99.96,126.86,1251.41,90.79,2.262,0.104,107.89,,15.47,41.9,134.19,2088.75,3455.0,154.44,14.106,19879.81,4689.5,70.5,126.67,,122.912,1.0135
4145,2015-11-23,99.803,100.04,139.51,1248.78,88.55,2.25,0.117,107.88,,15.62,41.75,132.98,2084.25,3453.0,154.94,14.042,,4675.75,70.8,126.81,,122.923,1.0195
4146,2015-11-24,99.527,100.08,138.17,1240.84,89.64,2.243,0.165,108.07,,15.93,42.87,133.81,2084.75,3406.0,155.0,14.169,19924.89,4666.0,70.9,126.91,,122.915,1.0182
4147,2015-11-25,99.795,100.12,139.45,1246.92,86.14,2.232,0.188,108.1,,15.19,43.04,133.36,2088.0,3460.0,155.28,14.168,19847.58,4677.25,70.0,126.98,,122.505,1.017
4148,2015-11-26,99.795,,,1247.6,,,0.1653,,,,,,,3496.0,154.14,14.23,19944.41,,,127.08,,122.68,1.0217
4149,2015-11-27,100.02,100.15,137.66,1255.5699,88.35,2.225,0.173,108.125,,15.12,41.71,131.68,2090.0,3488.0,155.25,14.008,19883.94,4682.5,69.6,127.08,,122.634,1.0236
4150,2015-11-30,100.17,100.17,127.25,1247.67,90.84,2.218,0.181,108.13,,16.13,41.65,132.81,2079.75,3505.0,155.41,14.05,19747.47,4668.75,69.9,127.02,,122.83,1.0302
4151,2015-12-01,99.795,100.54,135.57,1265.34,87.32,2.157,0.216,108.45,,14.67,41.85,132.59,2100.0,3482.0,157.22,14.055,20012.4,4716.25,71.0,127.52,,123.21,1.0289
4152,2015-12-02,99.993,100.47,132.66,1241.86,92.94,2.178,0.2085,108.45,,15.91,39.94,131.38,2081.5,3469.0,157.5,13.979,19938.13,4694.5,72.3,127.3,,122.915,1.0262
4153,2015-12-03,97.621,99.71,135.26,1225.2,101.8,2.328,0.2111,107.38,,18.11,41.08,132.3,2051.25,3354.0,153.5,14.053,19939.9,4611.0,74.6,126.19,,123.226,1.0184
4154,2015-12-04,98.354,99.98,136.31,1243.12,89.19,2.275,0.2212,107.63,,14.81,39.97,135.16,2088.5,3331.0,155.19,14.505,19504.48,4713.25,71.3,126.55,,122.653,0.9937
4155,2015-12-07,98.655,100.26,136.77,1240.49,94.3,2.225,0.249,107.91,,15.84,37.65,134.05,2081.0,3354.0,156.69,14.307,19698.15,4701.0,70.56,126.94,,123.19,0.9968
4156,2015-12-08,98.474,100.19,131.25,1238.12,99.16,2.238,0.282,107.75,,17.6,37.51,134.06,2058.75,3303.0,156.22,14.091,19492.6,4687.25,72.7,126.92,,123.28,1.0004
4157,2015-12-09,97.345,100.35,134.26,1231.88,113.83,2.208,0.259,107.89,,19.61,37.16,134.21,2042.0,3283.0,156.84,14.164,19301.07,4616.0,72.4,127.25,,122.912,0.9928
4158,2015-12-10,97.939,100.19,134.94,1222.45,113.8,2.238,0.244,107.71,,19.34,36.76,133.65,2049.25,3275.0,156.47,14.085,19046.55,4644.0,72.3,126.95,,121.7,0.9833
4159,2015-12-11,97.565,100.75,146.53,1218.29,131.09,2.139,0.226,108.07,,24.39,35.62,134.11,2001.25,3207.0,158.59,13.859,19230.48,4532.5,75.0,127.72,,121.71,0.988
4160,2015-12-14,97.604,100.3,140.92,1219.5699,122.22,2.225,0.214,107.48,,22.73,36.31,132.58,2009.5,3141.0,156.81,13.666,18883.42,4560.5,78.2,127.03,,120.893,0.9838
4161,2015-12-15,98.217,100.11,143.35,1230.6,114.37,2.266,0.265,106.98,,20.95,37.35,132.35,2037.0,3242.0,156.09,13.74,18565.9,4601.0,79.6,126.72,,121.09,0.9855
4162,2015-12-16,97.871,99.95,135.5,1251.9301,108.93,2.289,0.27,106.85,,17.86,35.52,134.25,2063.75,3245.0,155.91,14.218,19049.91,4657.75,70.2,126.39,,121.675,0.9907
4163,2015-12-17,99.27,100.21,131.2,1246.36,113.52,2.238,0.226,107.28,,18.94,34.95,130.86,2024.75,3312.0,157.25,13.683,19353.56,4569.5,67.7,126.75,,122.463,0.9927
4164,2015-12-18,98.703,100.42,140.84,1236.53,118.32,2.197,0.188,107.33,,20.7,36.06,132.78,1992.0,3298.0,157.72,14.08,18986.8,4504.5,67.8,127.12,,122.45,0.9944
4165,2015-12-21,98.363,100.42,125.18,1238.47,109.44,2.197,0.168,107.43,,18.7,35.81,134.72,2015.0,3222.0,157.91,14.301,18916.02,4563.0,66.4,127.16,,121.3,0.9918
4166,2015-12-22,98.235,100.19,133.63,1241.99,100.91,2.239,0.211,107.09,,16.6,36.14,133.91,2036.0,3204.0,155.06,14.302,18886.7,4591.0,66.9,126.17,,121.206,0.9927
4167,2015-12-23,98.341,100.06,134.69,1253.91,99.61,2.264,0.198,107.16,,15.57,37.5,133.19,2053.0,3281.0,154.25,14.277,,4606.75,66.0,126.0,,121.03,0.9878
4168,2015-12-24,97.984,100.17,128.78,1256.92,99.88,2.243,0.201,106.92,,15.74,38.1,134.14,2051.25,3296.0,155.06,14.369,18789.69,4611.0,65.5,126.17,,120.935,0.9905
4169,2015-12-25,97.984,,,,,,,,,,,,,,,,18769.06,,,,,120.17,0.9862
4170,2015-12-28,97.919,100.26,136.29,1260.86,99.24,2.225,0.203,106.95,,16.91,36.81,133.19,2048.75,3248.0,155.62,13.873,18873.35,4613.75,67.2,126.27,,120.24,0.9868
4171,2015-12-29,98.101,99.81,139.26,1270.45,95.13,2.307,0.229,106.56,,16.08,37.87,133.15,2072.75,3299.0,153.28,13.917,18982.23,4690.5,67.2,125.66,,120.35,0.9879
4172,2015-12-30,98.266,99.83,143.0,1265.22,100.82,2.305,0.219,106.54,,17.29,36.6,132.13,2054.5,3282.0,153.25,13.814,19033.71,4646.0,67.3,125.61,,120.529,0.9922
4173,2015-12-31,98.631,100.0,124.43,1253.41,100.2,2.275,0.178,106.71,,18.21,37.04,132.18,2035.5,,153.75,13.775,,4587.75,67.8,125.91,,120.45,0.988
4174,2016-01-01,98.631,,,,,,,,,,,,,,,,,,,,,120.288,1.0014
4175,2016-01-04,98.869,100.18,140.0,1236.5601,107.69,,0.1704,106.68,,20.7,36.76,134.05,2009.0,3151.0,154.25,13.817,18450.98,4504.5,68.8,126.16,,120.311,0.9995
4176,2016-01-05,99.404,100.14,135.07,1254.83,101.84,2.2392,0.2187,106.79,,19.34,35.97,134.45,2011.75,3161.0,153.69,13.949,18374.0,4483.75,71.42,126.25,,119.467,1.0024
4177,2016-01-06,99.181,100.55,128.31,1248.45,103.06,2.1702,0.2085,106.9,,20.59,33.97,136.13,1986.0,3131.0,155.59,13.957,18191.32,4446.75,71.68,126.86,,119.102,1.0084
4178,2016-01-07,98.219,100.69,135.94,1227.23,116.55,2.1491,0.206,107.02,,24.99,33.27,138.11,1933.0,3075.0,156.0,14.335,17767.34,4289.25,74.21,127.11,,118.61,1.0074
4179,2016-01-08,98.54,100.81,138.83,1211.58,116.46,2.1156,0.2009,107.17,,27.01,33.16,136.88,1911.5,3029.0,156.38,13.908,17697.96,4261.5,71.01,127.41,,117.54,0.9937
4180,2016-01-11,98.725,100.73,142.52,1215.62,109.63,2.1754,0.1933,106.86,,24.3,31.41,136.66,1914.25,3031.0,155.78,13.855,,4273.0,71.02,127.36,,117.08,0.9922
4181,2016-01-12,98.974,101.07,138.67,1207.47,104.52,2.105,0.2187,106.69,,22.47,30.44,135.28,1925.0,3061.0,157.56,13.74,17218.96,4312.75,,127.83,,117.65,1.0015
4182,2016-01-13,98.933,101.25,145.88,1198.59,117.14,2.0909,0.2238,107.04,,25.22,30.48,135.52,1881.5,3063.0,158.53,14.145,17715.63,4175.75,74.46,128.06,,117.83,1.0029
4183,2016-01-14,99.089,101.11,138.79,1191.2,110.07,2.0909,0.2492,106.52,,23.95,31.2,133.82,1914.5,3028.0,157.47,13.737,17240.95,4257.5,73.61,127.83,,117.425,1.006
4184,2016-01-15,98.956,101.5,145.03,1182.66,116.41,2.0365,0.2391,106.51,,27.02,29.42,135.95,1875.0,2936.0,159.12,13.884,17147.11,4140.75,78.06,128.45,,118.203,1.0052
4185,2016-01-18,98.956,,,1179.05,,,,,,,,,,2929.0,158.89,13.9,16955.57,,,128.38,,116.99,1.0017
4186,2016-01-19,98.991,101.51,137.9,1187.64,113.76,2.0556,0.2441,106.43,,26.05,28.46,135.74,1873.0,2973.0,159.38,14.11,17048.37,4144.5,77.32,128.39,,117.384,1.005
4187,2016-01-20,99.091,101.82,134.82,1155.6899,112.88,1.9876,0.262,106.38,,27.59,28.35,137.86,1855.0,2868.0,160.44,14.147,16416.19,4133.0,81.82,128.88,,117.56,1.0032
4188,2016-01-21,99.056,101.65,132.99,1161.8199,108.38,2.0276,0.2823,106.1,,26.69,29.53,136.84,1861.0,2934.0,159.56,14.083,16017.26,4130.25,80.73,128.67,,117.134,1.0056
4189,2016-01-22,99.574,101.48,133.64,1192.15,98.92,2.0572,0.3052,106.23,,22.34,32.19,136.64,1899.25,3025.0,159.03,14.043,16958.53,4247.5,77.35,128.38,,117.924,1.0079
4190,2016-01-25,99.36,101.59,132.27,1187.53,102.88,2.0064,0.2899,106.24,,24.15,30.34,137.8,1870.25,2997.0,159.62,14.24,17110.91,4186.75,75.41,128.55,,118.572,1.0161
4191,2016-01-26,99.36,101.76,129.53,1207.78,98.4,2.0029,0.3154,106.5848,,22.5,31.45,139.67,1896.0,3029.0,160.16,14.544,16708.9,4226.75,75.16,128.81,,118.228,1.0124
4192,2016-01-27,98.902,101.75,129.06,1189.37,100.04,2.0028,0.3154,106.46,,23.11,32.3,139.13,1875.0,3034.0,160.0,14.44,17163.92,4127.0,71.94,128.86,,118.38,1.0172
4193,2016-01-28,98.51,101.83,129.23,1181.16,96.56,1.9819,0.3307,106.63,,22.42,33.22,139.11,1880.75,2974.0,160.06,14.216,17041.45,4153.75,70.98,129.03,,118.467,1.0143
4194,2016-01-29,99.606,102.14,120.86,1204.17,89.95,1.9226,0.3179,106.93,,20.2,33.62,139.14,1930.0,3028.0,161.03,14.229,17518.3,4263.0,74.0,129.58,,118.93,1.0138
4195,2016-02-01,99.009,101.92,126.38,1209.3,89.65,1.9503,0.3103,106.44,,19.98,31.62,140.59,1931.25,3017.0,160.53,14.329,17865.23,4291.5,73.46,129.17,,121.34,1.0243
4196,2016-02-02,98.872,102.53,119.83,1195.4,97.6,1.8517,0.3511,106.7,,21.98,29.88,140.49,1897.5,2948.0,163.03,14.276,17750.68,4192.0,77.49,130.09,,120.84,1.0195
4197,2016-02-03,97.288,102.47,122.04,1206.0601,97.32,1.8826,0.3358,106.46,,21.65,32.28,142.25,1908.5,2896.0,162.38,14.72,17191.25,4171.5,79.62,130.02,,119.856,1.0187
4198,2016-02-04,96.474,102.56,122.69,1207.65,95.22,1.8463,0.295,106.64,,21.84,31.72,144.27,1907.75,2908.0,162.75,14.836,17044.99,4155.75,83.76,130.27,,118.12,1.0052
4199,2016-02-05,97.031,102.62,119.01,1187.65,100.55,1.8426,0.2925,106.56,,23.38,30.89,144.29,1875.25,2877.0,163.25,14.764,16819.59,4022.0,81.67,130.36,,116.866,0.9934
4200,2016-02-08,96.57,103.28,120.25,1158.91,104.53,1.7483,0.2747,107.18,,26.0,29.69,149.3,1852.0,2784.0,166.03,15.416,17004.3,3964.25,89.27,131.3,,116.95,0.9928
4201,2016-02-09,96.071,103.26,120.74,1140.03,103.06,1.7311,0.3154,106.89,,26.54,27.94,149.39,1848.25,2744.0,166.12,15.444,16085.44,3944.25,91.61,131.31,,115.65,0.9871
4202,2016-02-10,95.888,103.39,120.36,1144.83,106.19,1.6732,0.3129,107.06,,26.29,27.45,148.89,1846.75,2789.0,167.06,15.277,15713.39,3967.25,86.32,131.5,,115.185,0.9729
4203,2016-02-11,95.562,103.67,122.38,1129.84,107.21,1.6642,0.29,107.31,,28.14,26.21,155.52,1824.5,2687.0,168.34,15.789,,3961.25,96.31,132.03,,113.252,0.9734
4204,2016-02-12,95.94,103.13,117.75,1136.79,103.25,1.7464,0.2899,106.99,,25.4,29.44,154.47,1858.25,2747.0,166.47,15.785,14952.61,4006.25,93.72,131.06,,112.497,0.9723
4205,2016-02-15,95.982,,,1144.62,,,,,,,,,,2835.0,165.89,15.335,16022.58,,,130.85,,113.67,0.9782
4206,2016-02-16,96.868,102.99,125.77,1160.72,94.2,1.7792,0.2849,106.61,,24.11,29.04,150.59,1888.75,2814.0,165.72,15.329,16054.43,4092.75,86.82,130.91,,114.322,0.9857
4207,2016-02-17,96.786,102.72,124.99,1170.78,88.96,1.8156,0.3103,106.7,,22.31,30.66,150.98,1922.75,2895.0,164.56,15.372,15836.36,4196.75,84.79,130.44,,114.08,0.9883
4208,2016-02-18,96.951,103.06,125.33,1179.86,87.53,1.7413,0.3027,107.19,,21.64,30.77,152.84,1916.5,2891.0,166.09,15.427,16196.8,4155.0,86.12,130.92,,114.28,0.9925
4209,2016-02-19,96.6,103.09,123.61,1187.9301,86.25,1.7431,0.2976,107.01,,20.53,31.75,153.4,1914.5,2862.0,166.59,15.368,15967.17,4161.0,90.1,130.91,,113.25,0.9931
4210,2016-02-22,97.379,103.01,117.46,1197.23,86.19,1.7552,0.3103,107.2,,19.38,33.39,150.82,1936.25,2931.0,166.19,15.179,16111.05,4214.75,85.15,130.78,,112.526,0.9906
4211,2016-02-23,97.481,103.15,119.67,1192.45,89.67,1.7157,0.3307,107.34,,20.98,31.87,152.38,1916.0,2888.0,166.75,15.235,16052.05,4159.25,83.98,130.94,,112.971,0.9995
4212,2016-02-24,97.458,103.17,119.46,1189.09,86.74,1.7518,0.3307,107.4,,20.72,32.15,154.44,1930.25,2812.0,166.69,15.292,15915.79,4208.5,85.09,131.0,,111.88,0.991
4213,2016-02-25,97.287,103.41,122.02,1209.12,83.51,1.714,0.3281,107.64,,19.11,33.07,154.4,1950.5,2873.0,167.34,15.165,16140.34,4244.25,84.44,131.45,,112.101,0.9891
4214,2016-02-26,98.148,102.94,118.65,1203.45,83.72,1.7641,0.3179,107.64,,19.81,32.78,152.11,1942.75,2930.0,165.62,14.689,16188.41,4230.0,82.54,130.75,,113.118,0.99
4215,2016-02-29,98.211,103.05,117.68,1201.1899,85.06,1.7382,0.323,107.64,,20.55,33.75,153.85,1929.5,2934.0,165.88,14.896,16026.76,4201.25,83.39,130.91,,113.66,0.9967
4216,2016-03-01,98.352,102.5,119.81,1230.11,79.45,1.8266,0.3358,107.06,,17.7,34.4,153.4,1978.0,2994.0,163.69,14.733,16085.51,4337.75,84.22,130.0,,112.43,0.9977
4217,2016-03-02,98.214,102.46,122.35,1240.74,78.84,1.8354,0.3078,107.24,,17.09,34.66,154.77,1983.5,3020.0,164.0,15.003,16746.55,4329.25,83.65,129.75,,113.93,0.9966
4218,2016-03-03,97.592,102.61,125.27,1245.98,79.41,1.8354,0.2772,107.76,,16.7,34.57,156.82,1990.5,3006.0,164.81,15.131,16960.16,4320.25,81.72,129.92,,113.466,0.9964
4219,2016-03-04,97.34,102.31,121.65,1248.0699,81.97,1.8758,0.2747,107.7,,16.86,35.92,158.38,1995.0,3034.0,163.59,15.681,17014.78,4322.5,78.01,129.5,,113.67,0.9923
4220,2016-03-07,97.071,102.25,124.01,1249.09,82.3,1.9039,0.2772,107.78,,17.35,37.9,157.54,1999.0,3018.0,163.66,15.623,16911.32,4300.0,77.83,129.34,,113.803,0.9939
4221,2016-03-08,97.209,102.63,123.53,1239.02,87.46,1.8305,0.318,108.02,,18.67,36.5,157.41,1981.0,3002.0,165.28,15.384,16783.15,4270.5,80.72,129.92,,113.452,0.9953
4222,2016-03-09,97.173,102.36,123.47,1243.89,92.86,1.8795,0.3052,107.97,,18.34,38.29,156.72,1989.0,3018.0,164.19,15.355,16642.2,4294.5,80.36,129.48,,112.66,0.9964
4223,2016-03-10,96.066,102.17,130.04,1240.61,94.77,1.9359,0.3205,107.98,,18.05,37.84,158.64,1988.75,2979.0,163.72,15.546,16852.35,4285.0,80.85,129.06,,113.253,0.9982
4224,2016-03-11,96.172,101.92,128.99,1267.59,92.35,1.9803,0.3205,108.09,,16.5,38.5,156.98,2010.5,3072.0,162.56,15.607,16938.87,4344.5,81.42,128.8,,112.86,0.9845
4225,2016-03-14,96.624,102.0,133.3,1267.85,89.74,1.9609,0.323,108.3,,16.92,37.18,155.2,2009.25,3090.0,162.81,15.518,17233.75,4357.75,79.12,128.88,,113.778,0.9827
4226,2016-03-15,96.633,102.02,132.45,1267.3101,90.34,1.9681,0.3434,108.29,,16.84,36.34,153.43,2006.5,3067.0,163.03,15.255,17117.07,4356.25,78.47,128.86,,113.83,0.987
4227,2016-03-16,95.89,102.22,125.42,1277.17,84.37,1.9134,0.3205,108.8,,14.99,38.46,153.28,2017.25,3062.0,162.84,15.214,16974.45,4388.25,74.16,129.3,,113.105,0.987
4228,2016-03-17,94.76,102.44,126.65,1303.01,84.71,1.8976,0.2874,108.9601,,14.44,40.2,157.68,2030.25,3036.0,164.06,16.022,16936.38,4393.0,72.41,129.56,,112.752,0.9779
4229,2016-03-18,95.086,102.61,126.75,1298.85,86.2,1.8767,0.2976,109.24,,14.02,41.14,156.33,2037.5,3060.0,164.56,15.806,16724.81,4394.75,71.26,129.86,,111.35,0.9671
4230,2016-03-21,95.288,102.32,129.35,1288.71,87.78,1.9173,0.3052,109.16,,13.79,41.52,155.11,2042.75,2969.0,163.53,15.841,,4416.25,70.83,129.55,,111.445,0.9693
4231,2016-03-22,95.648,102.27,130.99,1286.3199,85.04,1.9439,0.3103,108.94,,14.17,41.45,155.69,2042.5,2969.0,161.91,15.877,17048.55,4434.5,71.12,128.8,,112.139,0.9707
4232,2016-03-23,96.046,102.65,129.67,1275.96,86.06,1.8786,0.3078,109.44,,14.94,39.79,152.61,2028.75,2967.0,163.5,15.263,17000.98,4395.5,71.08,129.33,,112.252,0.9728
4233,2016-03-24,96.142,102.54,119.02,1271.76,84.2,1.9,0.2925,109.41,,14.74,39.46,152.35,2028.5,2916.0,163.03,15.191,16892.33,4397.25,72.68,129.22,,112.4,0.9753
4234,2016-03-25,96.142,,,,,,,,,,,,,,,15.2,17002.75,,,,,112.83,0.976
4235,2016-03-28,95.943,102.68,127.74,1281.74,83.29,1.8825,0.2721,109.44,,15.24,39.39,152.16,2028.0,,163.53,15.194,17134.37,4389.5,74.69,129.41,,113.364,0.9735
4236,2016-03-29,95.16,103.07,132.61,1302.6801,81.39,1.8035,0.234,109.98,,13.82,38.28,154.09,2047.5,2927.0,164.5,15.237,17103.53,4458.25,72.66,130.0,,112.68,0.9664
4237,2016-03-30,94.841,102.96,128.67,1307.2,80.33,1.8281,0.2034,109.86,,13.56,38.32,152.99,2055.25,2968.0,163.47,15.206,16878.96,4482.0,70.54,130.02,,112.366,0.965
4238,2016-03-31,94.586,103.2,122.03,1312.28,82.94,1.7704,0.2111,110.3,,13.95,38.34,153.86,2051.5,2931.0,164.44,15.46,16758.67,4476.25,68.8,130.39,,112.48,0.961
4239,2016-04-01,94.619,103.15,124.03,1312.28,81.57,1.774,0.2365,110.19,,13.1,36.79,152.35,2065.0,2878.0,164.38,15.042,16164.16,4528.5,67.0,130.3,,111.665,0.9575
4240,2016-04-04,94.51,103.25,125.23,1308.51,84.43,1.7618,0.1958,110.22,,14.12,35.7,151.83,2057.5,2881.0,164.66,14.942,16123.27,4500.25,65.36,130.47,,111.244,0.9588
4241,2016-04-05,94.631,103.56,120.27,1300.67,89.11,1.7201,0.234,110.63,,15.42,35.89,153.11,2038.75,2821.0,166.22,15.114,15732.82,4469.5,68.31,130.83,,110.378,0.9564
4242,2016-04-06,94.43,103.41,125.06,1303.34,85.59,1.7584,0.234,110.62,,14.09,37.75,152.39,2060.25,2834.0,165.34,15.052,15715.36,4535.0,69.71,130.69,,109.699,0.9555
4243,2016-04-07,94.482,103.81,125.13,1297.48,92.74,1.6871,0.2365,110.84,,16.16,37.26,154.09,2035.0,2794.0,167.0,15.156,15749.84,4470.25,71.09,131.25,,108.427,0.9561
4244,2016-04-08,94.235,103.63,113.84,1306.73,89.73,1.7167,0.234,110.62,,15.36,39.72,154.88,2040.75,2838.0,166.19,15.382,15821.52,4467.25,70.88,131.03,,108.055,0.9533
4245,2016-04-11,93.95,103.63,119.13,1306.14,92.81,1.7219,0.2238,110.68,,16.26,40.36,156.65,2034.5,2856.0,166.09,15.974,15751.13,4451.5,69.77,131.03,,107.93,0.9541
4246,2016-04-12,93.959,103.33,126.17,1311.88,89.78,1.7761,0.2416,110.37,,14.85,42.17,157.01,2055.75,2871.0,165.03,16.22,15928.79,4490.0,68.78,130.55,,108.64,0.9553
4247,2016-04-13,94.744,103.43,127.13,1310.41,87.89,1.7656,0.2365,110.65,,13.84,41.76,155.44,2076.0,2958.0,165.88,16.323,16381.22,4547.75,67.48,130.62,,109.42,0.9665
4248,2016-04-14,94.902,103.31,126.23,1302.17,87.92,1.7919,0.2289,110.62,,13.72,41.5,152.72,2076.5,2988.0,165.31,16.169,16911.05,4546.25,67.52,130.38,,109.316,0.9663
4249,2016-04-15,94.696,103.5,123.1,1308.78,90.27,1.7535,0.2289,111.05,,13.62,40.36,153.73,2075.0,2982.0,166.12,16.309,16848.03,4538.5,66.49,130.64,,108.765,0.9676
4250,2016-04-18,94.49,103.39,120.55,1313.86,86.57,1.7711,0.2136,110.97,,13.35,39.78,153.78,2086.75,2999.0,165.38,16.249,16275.95,4546.5,66.34,130.5,,109.073,0.9646
4251,2016-04-19,93.976,103.31,126.19,1317.16,86.98,1.7869,0.2238,111.26,,13.24,42.47,156.19,2093.75,3042.0,165.06,16.968,16874.44,4526.75,66.44,130.36,,109.24,0.9618
4252,2016-04-20,94.492,102.9,126.2,1301.22,87.97,1.845,0.2314,110.99,,13.28,44.18,156.2,2098.0,3079.0,163.41,17.131,16906.54,4535.75,67.77,129.75,,109.833,0.9712
4253,2016-04-21,94.599,102.78,127.06,1282.28,87.07,1.8646,0.2365,110.99,,13.95,43.18,155.69,2082.75,3089.0,162.69,17.086,17363.62,4497.75,68.6,129.61,,109.437,0.9746
4254,2016-04-22,95.116,102.7,123.25,1288.79,84.1,1.8913,0.2391,111.08,,13.22,43.73,153.16,2086.0,3069.0,162.47,16.896,17572.49,4465.75,67.78,129.47,,111.79,0.9786
4255,2016-04-25,94.842,102.61,126.78,1302.58,85.77,1.9145,0.2543,110.77,,14.08,42.64,154.43,2083.25,3050.0,161.94,17.005,17439.3,4472.25,67.89,129.38,,111.136,0.9749
4256,2016-04-26,94.573,102.46,127.4,1309.42,84.51,1.9307,0.2569,110.69,,13.96,44.04,154.83,2088.5,3058.0,161.22,17.106,17353.28,4452.5,67.15,129.17,,111.23,0.9736
4257,2016-04-27,94.387,102.82,126.09,1304.34,83.1,1.8525,0.2569,111.27,,13.77,45.33,155.7,2090.75,3065.0,162.69,17.286,17290.49,4423.75,64.74,129.78,,111.52,0.9708
4258,2016-04-28,93.761,102.95,125.44,1305.58,87.36,1.8243,0.2187,111.14,,15.22,46.03,157.69,2072.5,3061.0,162.75,17.553,16666.05,4382.0,64.64,129.95,,108.076,0.9662
4259,2016-04-29,93.082,103.09,126.49,1296.87,91.68,1.835,0.2136,111.39,,15.7,45.92,160.69,2059.0,2977.0,163.31,17.789,,4331.5,64.92,130.06,,106.365,0.9597
4260,2016-05-02,92.626,102.83,127.67,1313.92,89.49,1.8723,0.1933,110.98,,14.68,44.78,161.35,2074.25,2979.0,162.19,17.656,16147.38,4369.0,64.68,129.7,,106.396,0.9552
4261,2016-05-03,92.944,103.21,125.94,1313.92,91.66,1.7963,0.2136,111.22,,15.6,43.65,160.85,2057.0,2930.0,163.84,17.474,,4334.5,68.41,130.3,,106.68,0.9538
4262,2016-05-04,93.179,103.32,124.31,1322.4,91.86,1.7769,0.2111,111.24,,16.05,43.78,158.69,2047.0,2885.0,164.38,17.277,,4309.75,68.12,130.44,,106.92,0.957
4263,2016-05-05,93.78,103.54,123.74,1325.77,91.58,1.7418,0.1958,111.39,,15.91,44.32,158.43,2044.0,2890.0,165.41,17.302,,4300.25,68.67,130.73,,107.275,0.9679
4264,2016-05-06,93.888,103.41,120.82,1335.3199,88.86,1.7789,0.1933,111.26,,14.72,44.66,161.13,2052.75,2900.0,165.03,17.507,16106.72,4328.25,65.15,130.53,,107.125,0.9725
4265,2016-05-09,94.128,103.54,123.17,1347.88,86.42,1.7507,0.2238,111.38,,14.57,43.44,157.72,2054.25,2916.0,165.47,17.07,16216.03,4335.75,64.12,130.8,,108.331,0.9711
4266,2016-05-10,94.29,103.54,124.1,1349.63,85.92,1.7543,0.2518,111.43,,13.63,44.66,157.5,2077.5,2941.0,165.56,17.075,16565.19,4392.0,63.97,130.78,,109.194,0.9752
4267,2016-05-11,93.823,103.67,122.19,1322.79,91.53,1.735,0.2543,111.3,,14.69,46.23,158.83,2058.0,2924.0,166.19,17.302,16579.01,4351.5,63.89,130.91,,108.415,0.9707
4268,2016-05-12,94.15,103.46,123.52,1326.22,91.25,1.7481,0.2721,111.23,,14.41,46.7,158.27,2058.75,2902.0,165.44,17.087,16646.34,4334.75,63.92,130.59,,109.1,0.971
4269,2016-05-13,94.608,103.73,121.46,1313.48,94.0,1.7018,0.2721,111.47,,15.04,46.21,158.46,2043.5,2925.0,166.72,17.115,16412.21,4324.0,64.07,130.97,,108.615,0.9755
4270,2016-05-16,94.572,103.45,124.13,1325.48,90.61,1.7568,0.2747,111.19,,14.68,47.72,158.66,2062.75,2921.0,165.56,17.142,16466.4,4375.25,66.94,130.52,,109.08,0.978
4271,2016-05-17,94.548,103.42,122.96,1308.71,91.76,1.7723,0.2874,111.15,,15.57,48.31,159.02,2043.5,2906.0,165.75,17.235,16652.8,4319.5,67.12,130.41,,108.95,0.98
4272,2016-05-18,95.08,102.74,122.22,1292.53,89.99,1.8591,0.2798,110.5,,15.95,48.19,158.72,2041.5,2931.0,163.25,17.12,16644.69,4332.25,69.85,129.38,,110.14,0.9878
4273,2016-05-19,95.287,102.99,123.66,1275.95,90.46,1.8469,0.3078,110.77,,16.33,48.67,156.29,2038.75,2896.0,164.34,16.479,16646.66,4317.25,70.56,129.67,,109.881,0.9903
4274,2016-05-20,95.334,102.98,125.61,1287.24,85.46,1.8436,0.323,110.67,,15.2,48.41,156.1,2050.0,2935.0,164.25,16.519,16736.35,4362.25,68.51,129.7,,110.15,0.9902
4275,2016-05-23,95.231,103.01,124.74,1286.6801,84.12,1.835,0.3307,110.59,,15.82,48.08,155.96,2045.25,2924.0,164.47,16.41,16654.6,4352.5,67.78,129.75,,109.374,0.9897
4276,2016-05-24,95.571,102.92,124.74,1300.26,79.48,1.8646,0.3587,110.59,,14.42,48.62,153.14,2075.0,2999.0,164.06,16.238,16498.76,4445.25,69.41,129.56,,110.17,0.9931
4277,2016-05-25,95.354,102.83,127.13,1300.33,78.54,1.8717,0.3307,110.635,,13.9,49.56,152.44,2087.25,3049.0,163.59,16.255,16757.35,4474.75,67.54,129.47,,110.111,0.991
4278,2016-05-26,95.168,103.12,129.28,1302.88,77.48,1.8299,0.2925,110.92,,13.43,49.48,151.96,2089.75,3061.0,164.56,16.338,16772.46,4492.25,66.15,129.89,,109.713,0.9892
4279,2016-05-27,95.521,103.04,129.61,1306.5601,76.17,1.851,0.3179,110.87,,13.12,49.33,151.21,2097.25,3065.0,164.31,16.246,16834.84,4510.0,66.76,129.8,,110.235,0.9947
4280,2016-05-30,95.521,,,,,,,,,,,,,3081.0,162.64,16.035,17068.02,,,129.38,,110.841,0.9913
4281,2016-05-31,95.891,103.1,127.7,1303.58,79.43,1.8511,0.2899,110.9,,14.19,49.1,151.31,2095.0,3053.0,164.72,15.972,17234.98,4524.25,67.91,129.8,,110.67,0.9931
4282,2016-06-01,95.455,103.05,132.46,1302.14,78.93,1.8389,0.3044,110.75,,14.2,49.01,150.96,2098.0,3026.0,164.94,15.906,16955.73,4521.5,68.75,129.64,,109.442,0.9885
4283,2016-06-02,95.564,103.27,134.15,1304.97,79.54,1.7989,0.2841,110.97,,13.63,49.17,150.7,2103.75,3031.0,166.06,16.005,16562.55,4532.25,69.56,129.92,,108.86,0.9904
4284,2016-06-03,94.029,103.89,125.04,1315.86,79.08,1.7021,0.2917,111.56,,13.47,48.62,154.47,2097.75,2989.0,168.0,16.346,16642.23,4509.0,67.59,130.95,,106.525,0.976
4285,2016-06-06,93.902,103.79,125.57,1308.49,80.71,1.7367,0.2714,111.51,,13.65,49.69,155.03,2108.25,3001.0,167.53,16.428,16580.03,4525.5,66.27,130.86,,107.438,0.9702
4286,2016-06-07,93.828,103.86,128.54,1315.4301,82.3,1.716,0.2816,111.67,,14.05,50.36,154.98,2110.25,3039.0,167.91,16.377,16675.45,4514.25,,130.94,,107.254,0.9651
4287,2016-06-08,93.59,103.92,129.23,1324.0601,86.61,1.7039,0.2435,111.74,,14.08,51.23,156.88,2118.0,3014.0,168.28,16.968,16830.92,4519.0,67.92,130.89,,106.78,0.9583
4288,2016-06-09,93.953,104.09,129.31,1324.64,89.98,1.6816,0.2562,111.8201,,14.64,50.56,158.17,2114.25,2988.0,168.97,17.253,16668.41,4512.0,,131.08,,107.09,0.9644
4289,2016-06-10,94.571,104.34,133.67,1315.03,103.78,1.6438,0.2562,112.06,,17.03,49.07,158.57,2096.25,2912.0,169.78,17.315,16601.36,4465.75,75.1,131.45,,106.985,0.9647
4290,2016-06-13,94.362,104.49,137.49,1312.16,124.56,1.613,0.2638,112.05,,20.97,48.88,159.94,2069.75,2861.0,170.22,17.428,16019.18,4418.75,79.57,131.69,,106.226,0.9626
4291,2016-06-14,94.928,104.53,138.02,1312.16,116.44,1.613,0.2747,111.79,,20.5,48.49,160.08,2066.0,2794.0,170.38,17.41,15859.0,4418.0,79.1,131.72,,106.087,0.9633
4292,2016-06-15,94.61,104.65,140.91,1313.42,114.23,1.5754,0.2594,112.18,,20.14,48.01,160.11,2063.5,2833.0,170.66,17.489,15919.58,4405.5,78.67,131.98,,105.85,0.9608
4293,2016-06-16,94.569,104.83,142.5,1314.99,115.47,1.5788,0.2645,112.27,,19.37,46.21,161.37,2070.5,2822.0,171.62,17.594,15434.14,4416.75,83.54,132.16,,104.743,0.965
4294,2016-06-17,94.206,104.55,137.94,1318.27,115.72,1.6112,0.2645,112.07,,19.41,47.98,160.92,2059.0,2857.0,170.59,17.4,15599.66,4359.5,82.58,131.77,,104.125,0.96
4295,2016-06-20,93.611,104.29,137.81,1330.39,112.4,1.6783,0.2645,111.89,,18.37,49.96,160.58,2074.25,2936.0,169.47,17.503,15965.3,4390.0,77.32,131.39,,103.824,0.9614
4296,2016-06-21,94.017,104.14,135.92,1336.34,113.46,1.7094,0.279,111.82,,18.48,49.85,158.15,2080.5,2967.0,169.31,17.311,16169.11,4400.25,76.96,131.34,,104.67,0.9619
4297,2016-06-22,93.716,104.19,136.48,1333.75,122.94,1.6869,0.2765,111.94,,21.17,49.13,157.84,2076.75,2992.0,167.72,17.305,16065.72,4394.5,79.52,131.34,,104.65,0.9596
4298,2016-06-23,93.529,103.85,145.7,1341.25,104.71,1.7441,0.2917,111.75,,17.25,50.11,156.98,2105.75,3027.0,166.09,17.348,16238.35,4462.5,74.04,130.81,,104.896,0.9617
4299,2016-06-24,95.448,104.78,142.92,1302.9,125.13,1.5616,0.2587,112.32,,25.76,47.64,164.35,2018.5,2768.0,169.97,17.785,14952.02,4262.25,77.94,132.38,,102.23,0.9736
4300,2016-06-27,96.544,105.53,136.43,1293.9301,115.6,1.4445,0.2536,112.84,,23.85,46.33,164.63,1985.0,2686.0,173.16,17.74,15309.21,4178.0,81.57,133.28,,101.812,0.9786
4301,2016-06-28,96.245,105.53,153.66,1322.92,108.0,1.4647,0.2663,113.23,,18.75,47.85,163.79,2028.5,2743.0,173.09,17.839,15323.14,4281.0,78.67,133.25,,102.701,0.9804
4302,2016-06-29,95.769,105.45,136.46,1342.9,98.6,1.5172,0.2663,113.05,,16.64,49.88,164.91,2066.75,2819.0,173.0,18.362,15566.83,4362.75,71.8,133.06,,102.778,0.9793
4303,2016-06-30,96.143,105.41,140.58,1354.99,94.23,1.4748,0.2689,113.35,,15.63,48.33,164.12,2090.25,2855.0,172.34,18.582,15575.92,4407.0,72.64,132.98,,103.073,0.9762
4304,2016-07-01,95.649,105.59,128.53,1357.25,91.7,1.456,0.2587,113.59,,14.77,48.99,166.41,2096.25,2872.0,173.69,19.544,15682.48,4433.25,74.35,133.08,,102.525,0.9733
4305,2016-07-04,95.649,,,,,,,,,,,,,2857.0,174.33,20.49,15775.8,,,133.28,,102.518,0.971
4306,2016-07-05,96.166,106.21,125.35,1359.38,91.85,1.375,0.2536,114.09,,15.58,46.6,168.86,2082.75,2807.0,176.25,19.866,15669.33,4404.0,78.12,133.89,,101.141,0.9769
4307,2016-07-06,96.053,106.08,123.14,1351.76,89.24,1.3733,0.2739,114.17,,14.96,47.43,169.9,2094.0,2754.0,175.88,20.16,15378.99,4439.5,76.09,133.67,,101.15,0.9748
4308,2016-07-07,96.328,106.12,124.72,1345.59,89.5,1.385,0.2866,114.22,,14.76,45.14,169.28,2092.0,2774.0,176.25,19.798,15276.24,4452.25,76.73,133.69,,100.79,0.9787
4309,2016-07-08,96.302,106.23,127.2,1364.96,84.72,,0.2841,114.68,,13.2,45.41,168.82,2120.5,2832.0,176.94,20.058,15106.98,4517.25,72.31,133.8,,100.545,0.9834
4310,2016-07-11,96.571,105.87,125.03,1376.0699,84.78,1.4303,0.2917,114.62,,13.54,44.76,168.6,2130.25,2878.0,175.69,20.264,15708.82,4549.5,69.78,133.16,,102.524,0.9827
4311,2016-07-12,96.441,105.42,126.1,1378.38,84.98,1.5066,0.3103,114.125,,13.55,46.8,165.96,2145.75,2929.0,173.81,20.13,16095.65,4569.75,71.43,132.52,,104.756,0.9891
4312,2016-07-13,96.216,105.69,127.29,1383.6801,84.18,1.4726,0.3129,114.41,,13.04,44.75,167.0,2146.0,2928.0,174.97,20.37,16231.43,4561.25,71.65,132.83,,104.076,0.9843
4313,2016-07-14,96.077,105.33,128.28,1376.3199,86.03,1.5373,0.318,114.03,,12.82,45.68,165.58,2157.25,2963.0,173.0,20.281,16385.89,4590.0,73.56,132.39,,105.191,0.9814
4314,2016-07-15,96.58,104.98,129.76,1372.5699,89.04,1.5578,0.3154,113.47,,12.67,45.95,164.99,2152.75,2949.0,171.66,20.125,16497.85,4579.25,74.77,131.88,,104.845,0.9827
4315,2016-07-18,96.562,105.03,125.38,1375.75,87.2,1.5818,0.3052,113.58,,12.44,45.24,165.22,2160.0,2948.0,171.56,20.044,,4608.25,72.92,132.03,,106.146,0.9827
4316,2016-07-19,97.063,105.19,129.92,1382.01,89.03,1.5578,0.3273,113.82,,11.97,45.45,165.6,2158.75,2927.0,172.22,19.975,16723.31,4606.5,70.53,132.23,,106.137,0.986
4317,2016-07-20,97.201,105.03,128.49,1385.16,87.09,1.5801,0.3272,113.65,,11.77,45.75,164.0,2167.5,2963.0,171.47,19.582,16681.89,4650.5,70.64,131.98,,107.204,0.9863
4318,2016-07-21,97.0,105.13,128.01,1387.34,92.84,1.556,0.3196,113.85,,12.74,44.75,165.48,2158.0,2967.0,171.47,19.784,16810.22,4638.25,71.86,132.23,,105.811,0.9849
4319,2016-07-22,97.467,105.11,128.36,1387.34,89.51,1.5663,0.3171,113.82,,12.02,44.19,164.57,2167.5,2965.0,171.62,19.657,16627.25,4657.25,69.91,132.12,,106.075,0.9874
4320,2016-07-25,97.286,105.07,129.65,1395.24,91.95,1.5749,0.312,113.83,,12.87,43.13,164.03,2162.25,2964.0,171.56,19.615,16620.29,4653.75,68.75,132.06,,105.578,0.9859
4321,2016-07-26,97.156,105.12,130.02,1392.23,91.44,1.5628,0.3222,113.81,,13.05,42.92,164.17,2163.25,2977.0,171.88,19.655,16383.04,4663.75,68.76,132.12,,104.849,0.992
4322,2016-07-27,97.053,105.45,125.68,1380.84,91.23,1.5027,0.3044,114.28,,12.83,41.92,164.94,2160.5,2993.0,173.22,19.965,16664.82,4707.75,66.64,132.55,,104.951,0.9847
4323,2016-07-28,96.739,105.46,128.51,1393.03,89.81,1.5078,0.2435,114.13,,12.72,41.14,165.76,2164.75,2970.0,173.34,20.16,16476.84,4719.75,66.67,132.56,,104.745,0.9795
4324,2016-07-29,95.531,105.8,128.25,1412.1,90.84,1.4497,0.2663,114.29,,11.87,41.6,167.78,2168.25,2983.0,174.44,20.312,16569.27,4726.75,64.15,133.05,,102.065,0.9693
4325,2016-08-01,95.713,105.57,128.01,1413.91,90.68,1.5197,0.2562,113.58,,12.44,40.06,168.04,2164.5,2967.0,173.59,20.465,16635.77,4744.5,63.67,132.8,,102.359,0.9682
4326,2016-08-02,95.064,105.34,129.25,1396.78,93.89,1.5541,0.2917,113.28,,13.37,39.51,169.65,2152.75,2906.0,172.34,20.666,16391.45,4714.25,67.85,132.55,,101.068,0.9649
4327,2016-08-03,95.563,105.33,129.99,1386.3199,88.59,1.5454,0.2816,113.19,,12.86,40.83,168.67,2157.0,2907.0,172.16,20.436,16083.11,4728.25,67.79,132.58,,101.337,0.9727
4328,2016-08-04,95.758,105.59,127.06,1385.01,88.14,1.5025,0.2689,113.73,,12.42,41.93,169.0,2159.25,2925.0,173.16,20.406,16254.89,4743.75,67.1,132.95,,101.199,0.9738
4329,2016-08-05,96.194,105.09,130.6,1384.95,85.23,1.5902,0.2714,113.28,,11.39,41.8,166.16,2176.75,2970.0,171.56,19.78,16254.45,4783.0,66.59,132.14,,101.81,0.9807
4330,2016-08-08,96.401,105.11,132.94,1386.99,84.5,1.592,0.2689,113.29,,11.5,43.02,165.78,2175.5,2984.0,171.66,19.768,16650.57,4779.25,65.5,132.05,,102.288,0.9828
4331,2016-08-09,96.183,105.34,135.56,1391.59,86.65,1.5488,0.3078,113.82,,11.66,42.77,166.44,2177.5,3028.0,172.72,19.814,16764.97,4791.75,64.3,132.34,,101.915,0.9814
4332,2016-08-10,95.65,105.57,133.25,1392.13,89.4,1.5126,0.29,114.1,,12.05,41.71,167.09,2172.75,3018.0,173.47,20.134,16735.12,4781.5,63.34,132.73,,101.133,0.9738
4333,2016-08-11,95.857,105.12,131.28,1378.41,97.36,1.561,0.2925,113.84,,11.68,43.49,166.85,2181.75,3044.0,171.78,19.984,,4800.0,65.29,132.05,,101.808,0.975
4334,2016-08-12,95.722,105.45,132.13,1383.67,94.49,1.5101,0.2798,114.2,,11.55,44.49,166.01,2180.25,3046.0,172.97,19.672,16919.92,4804.25,64.37,132.53,,101.305,0.9745
4335,2016-08-15,95.629,105.24,134.45,1383.41,91.67,1.5576,0.295,114.06,,11.81,45.74,166.54,2186.0,3048.0,171.75,19.821,16869.56,4822.75,63.77,132.25,,101.24,0.9729
4336,2016-08-16,94.791,105.07,132.27,1370.83,91.86,1.5746,0.3019,113.76,,12.64,46.58,167.71,2176.75,3022.0,171.09,19.848,16596.51,4798.5,63.67,132.0,,100.2,0.9616
4337,2016-08-17,94.718,105.19,136.71,1373.84,84.84,1.5491,0.3019,114.04,,12.19,46.79,166.7,2179.75,2982.0,171.59,19.627,16745.64,4804.0,63.54,132.11,,99.906,0.9614
4338,2016-08-18,94.157,105.36,134.87,1375.71,82.83,1.5339,0.3019,114.35,,11.43,48.22,167.74,2183.5,2992.0,171.91,19.72,16486.01,4808.5,63.65,132.38,,100.112,0.9545
4339,2016-08-19,94.511,105.1,136.58,1366.28,82.44,1.5798,0.312,114.0,,11.34,49.11,166.38,2181.75,2969.0,171.09,19.301,16545.82,4807.0,64.82,131.95,,100.22,0.961
4340,2016-08-22,94.519,105.37,135.2,1371.11,83.13,1.5441,0.2968,114.38,,12.27,47.41,166.04,2181.5,2956.0,172.38,18.843,16598.19,4811.75,67.87,132.28,,100.251,0.9624
4341,2016-08-23,94.539,105.34,131.79,1374.87,83.45,1.5458,0.3171,114.41,,12.38,48.1,166.37,2185.25,2993.0,172.44,18.91,16497.36,4817.0,66.62,132.22,,100.311,0.9634
4342,2016-08-24,94.786,105.31,130.43,1368.29,85.37,1.5628,0.3196,114.37,,13.45,46.77,164.34,2175.0,3007.0,172.25,18.545,16597.3,4786.25,66.51,132.22,,100.552,0.9672
4343,2016-08-25,94.772,105.19,131.06,1373.66,85.43,1.5782,0.3272,114.3,,13.63,47.33,163.71,2173.5,2988.0,171.72,18.478,16555.95,4782.25,69.36,132.06,,100.555,0.967
4344,2016-08-26,95.566,104.79,132.4,1363.99,88.62,1.6279,0.3222,113.99,,13.65,47.64,163.87,2168.5,3013.0,170.31,18.645,16360.71,4785.75,71.24,131.38,,101.835,0.9796
4345,2016-08-29,95.58,105.26,131.3,1369.41,85.83,1.563,0.32,114.56,,12.94,46.98,164.02,2179.25,3000.0,172.09,18.762,16737.49,4793.25,68.61,131.95,,101.809,0.9778
4346,2016-08-30,96.054,105.2,136.14,1366.83,84.44,1.57,0.342,114.44,,13.12,46.35,162.71,2175.25,3033.0,171.78,18.577,16725.36,4776.0,69.11,131.89,,102.873,0.9831
4347,2016-08-31,96.022,105.21,129.25,1367.11,84.87,1.578,0.335,114.33,,13.42,44.7,162.08,2169.5,3030.0,171.84,18.622,16887.4,4773.75,69.08,131.88,,103.302,0.9836
4348,2016-09-01,95.653,105.22,129.83,1368.38,84.9,1.568,0.335,114.1,,13.48,43.16,162.79,2167.25,3014.0,171.94,18.857,16926.84,4777.5,70.25,131.89,,103.258,0.9796
4349,2016-09-02,95.844,105.05,128.4,1375.8199,81.35,1.608,0.327,113.93,,11.98,44.44,163.97,2178.0,3082.0,170.97,19.276,16925.68,4795.25,66.46,131.72,,103.99,0.981
4350,2016-09-05,95.844,,,,,,,,,,,,,3080.0,169.17,19.633,17037.63,,,130.69,,103.51,0.98
4351,2016-09-06,94.823,105.41,131.16,1387.15,82.14,1.536,0.32,114.17,,12.02,44.83,167.35,2184.5,3070.0,172.12,20.049,17081.98,4827.5,63.46,132.3,,101.525,0.97
4352,2016-09-07,94.956,105.41,130.94,1392.59,83.08,1.536,0.34,114.17,,11.94,45.5,166.75,2184.5,3091.0,172.19,19.759,17012.44,4828.75,64.07,132.3,,101.829,0.9697
4353,2016-09-08,95.027,104.91,129.74,1379.55,85.57,1.613,0.353,113.64,,12.51,47.62,165.81,2177.5,3084.0,169.91,19.591,16958.77,4796.0,65.95,131.67,,102.306,0.9719
4354,2016-09-09,95.336,104.57,125.25,1332.05,110.02,1.671,0.35,112.97,,17.5,45.88,164.94,2116.0,3052.0,168.38,19.282,16965.76,4667.75,69.12,131.31,,102.695,0.9755
4355,2016-09-12,95.095,104.64,134.18,1339.41,99.53,1.67,0.37,112.94,,15.16,46.29,163.84,2152.0,3011.0,168.34,18.915,16672.92,4763.75,68.91,131.45,,101.751,0.9714
4356,2016-09-13,95.633,104.24,131.56,1309.6899,110.02,1.734,0.358,112.6,,17.85,44.9,163.6,2122.25,2975.0,166.81,18.89,16729.04,4724.0,70.6,130.97,,102.504,0.9769
4357,2016-09-14,95.327,104.52,127.4,1310.1801,113.15,1.691,0.332,112.57,,18.14,43.58,163.9,2113.25,2968.0,167.41,18.982,16614.24,4728.5,69.23,131.44,,102.548,0.9733
4358,2016-09-15,95.288,104.46,130.57,1313.12,109.27,1.705,0.292,112.69,,16.3,43.91,162.9,2138.0,2977.0,166.94,18.959,16405.01,4813.75,69.13,131.45,,102.008,0.9712
4359,2016-09-16,96.108,104.46,125.25,1311.36,102.59,1.7,0.289,112.6801,,15.37,43.03,161.93,2132.5,2967.0,167.19,18.781,16519.29,4814.25,69.21,131.41,,102.295,0.9808
4360,2016-09-19,95.841,104.5,125.81,1323.35,101.58,1.696,0.264,112.68,,15.53,43.86,162.87,2133.0,2954.0,167.25,19.206,,4794.25,69.23,131.42,,101.846,0.98
4361,2016-09-20,96.019,104.55,126.85,1323.9301,101.98,1.689,0.304,112.84,,15.92,44.05,162.92,2131.0,2954.0,167.53,19.195,16492.15,4798.5,69.23,131.48,,101.547,0.979
4362,2016-09-21,95.66,104.63,122.13,1334.21,92.59,1.674,0.223,113.16,,13.3,45.34,164.55,2156.25,2970.0,167.34,19.686,16807.62,4850.0,63.73,131.38,,100.393,0.9732
4363,2016-09-22,95.448,104.87,124.29,1357.22,89.22,1.634,0.183,113.68,,12.02,46.32,166.2,2168.25,3035.0,167.5,20.02,,4886.25,61.18,130.86,,100.831,0.9689
4364,2016-09-23,95.477,104.99,125.13,1358.74,90.4,1.617,0.183,113.67,,12.29,44.48,165.83,2158.0,3019.0,167.81,19.733,16754.02,4856.5,59.75,131.03,,100.995,0.9704
4365,2016-09-26,95.297,105.13,121.72,1360.92,96.24,1.591,0.2,113.86,,14.5,45.93,166.12,2139.75,2963.0,168.25,19.516,16544.56,4815.0,58.85,131.31,,100.359,0.969
4366,2016-09-27,95.435,105.36,123.74,1351.0699,88.94,1.556,0.271,113.94,,13.1,44.67,164.43,2152.75,2955.0,169.44,19.087,16683.93,4860.75,59.23,131.53,,100.468,0.9706
4367,2016-09-28,95.431,105.3,126.85,1357.15,87.55,1.568,0.276,114.06,,12.39,47.05,163.6,2163.25,2978.0,169.25,19.044,16465.4,4868.25,57.62,131.44,,100.935,0.9705
4368,2016-09-29,95.535,105.4,122.67,1340.87,93.78,1.56,0.259,113.98,,14.02,47.83,163.89,2148.5,2979.0,169.62,19.115,16693.71,4844.25,58.84,131.55,,101.199,0.9661
4369,2016-09-30,95.463,105.07,124.58,1335.6801,91.42,1.603,0.284,113.81,,13.29,48.24,162.79,2160.5,2994.0,168.16,19.139,16449.84,4870.25,60.56,131.12,,101.345,0.9716
4370,2016-10-03,95.695,105.0,122.86,1315.5,91.51,1.624,0.315,113.35,,13.57,48.81,162.24,2153.25,2982.0,168.06,18.795,16598.67,4865.75,60.43,130.95,,101.832,0.9737
4371,2016-10-04,96.169,104.63,119.67,1298.6801,89.94,1.685,0.332,112.91,,13.63,48.69,156.93,2144.75,3023.0,166.44,17.713,16735.65,4857.5,62.08,130.5,,102.88,0.9783
4372,2016-10-05,96.125,104.43,121.54,1272.51,89.88,1.713,0.327,112.79,,12.99,49.83,156.79,2153.25,3017.0,165.72,17.634,16819.24,4873.5,62.57,130.22,,103.46,0.974
4373,2016-10-06,96.765,104.27,120.48,1269.26,89.86,1.741,0.332,112.85,,12.84,50.44,154.86,2156.5,3019.0,165.06,17.288,16899.1,4872.0,64.29,129.95,,103.765,0.9807
4374,2016-10-07,96.632,104.28,119.95,1265.96,90.86,1.727,0.325,112.9,,13.48,49.81,154.73,2146.5,2991.0,164.91,17.324,16860.09,4859.0,62.84,130.06,,102.915,0.9774
4375,2016-10-10,96.929,104.28,123.84,1270.79,90.66,,,112.91,,13.38,51.35,155.78,2159.0,3026.0,164.16,17.605,,4893.25,,129.8,,103.697,0.9822
4376,2016-10-11,97.69,104.15,119.79,1258.0601,95.43,1.769,0.34,112.6,,15.36,50.79,155.22,2134.5,3007.0,164.34,17.456,17024.76,4827.0,,129.89,,103.342,0.9879
4377,2016-10-12,97.966,104.06,122.34,1265.85,102.02,1.773,0.36,112.72,,15.91,50.18,154.96,2131.5,2997.0,164.09,17.455,16840.0,4813.5,63.95,129.81,,104.304,0.99
4378,2016-10-13,97.516,104.31,123.32,1276.17,103.4,1.746,0.292,112.9,,16.69,50.44,155.43,2126.25,2963.0,164.97,17.41,16774.24,4796.0,,130.19,,103.722,0.9866
4379,2016-10-14,98.019,103.98,121.86,1272.87,101.01,1.798,0.309,112.65,,16.12,50.35,155.17,2127.0,3015.0,163.22,17.393,16856.37,4804.25,64.98,129.86,,104.195,0.9901
4380,2016-10-17,97.888,104.18,124.08,1272.38,99.34,1.768,0.309,112.74,,16.21,49.94,155.31,2123.0,2996.0,163.94,17.426,16900.12,4803.25,64.42,130.12,,103.851,0.9879
4381,2016-10-18,97.895,104.28,122.76,1281.2,96.87,1.747,0.348,113.02,,15.28,50.29,156.09,2132.0,3038.0,164.28,17.591,16963.61,4827.0,63.18,130.3,,103.865,0.9901
4382,2016-10-19,97.92,104.28,122.56,1285.1801,93.9,1.743,0.337,113.27,,14.41,51.82,156.95,2138.0,3049.0,164.22,17.616,16998.91,4830.25,61.64,130.27,,103.416,0.9891
4383,2016-10-20,98.315,104.31,123.91,1282.63,89.72,1.75,0.335,113.08,,13.75,50.63,156.66,2137.0,3066.0,164.66,17.502,17235.5,4843.75,59.62,130.28,,104.109,0.9924
4384,2016-10-21,98.695,104.34,123.0,1276.11,87.34,1.736,0.332,113.195,,13.34,50.85,156.68,2134.75,3067.0,164.81,17.448,17184.59,4843.25,57.09,130.34,,103.835,0.9936
4385,2016-10-24,98.756,104.22,124.6,1279.85,85.81,1.763,0.33,113.05,,13.02,50.52,156.19,2144.25,3088.0,164.31,17.562,17234.42,4902.75,,130.17,,104.321,0.9939
4386,2016-10-25,98.719,104.27,122.83,1277.03,86.23,1.759,0.345,112.95,,13.46,49.96,157.41,2138.0,3075.0,164.69,17.736,17365.25,4886.0,57.41,130.17,,104.154,0.9946
4387,2016-10-26,98.629,104.09,123.31,1262.76,86.9,1.791,0.337,112.75,,14.24,49.18,156.54,2134.0,3073.0,163.94,17.585,17391.84,4853.75,59.51,129.94,,104.563,0.9933
4388,2016-10-27,98.888,103.79,122.35,1234.54,91.21,1.841,0.292,112.3,,15.36,49.72,156.9,2123.4,3076.0,162.44,17.604,17336.42,4807.0,,129.52,,105.209,0.9938
4389,2016-10-28,,103.79,126.35,1235.73,99.44,1.847,0.289,112.18,,16.19,48.7,157.81,2123.75,3070.0,162.19,17.762,17446.41,4806.0,64.38,129.55,,104.705,0.9887
4390,2016-10-31,98.445,103.92,126.12,1253.58,102.82,1.829,0.309,112.3,,17.06,46.86,157.35,2120.0,3053.0,162.72,17.762,17425.02,4796.75,65.47,129.62,,104.565,0.9874
4391,2016-11-01,97.699,104.05,124.46,1233.0601,108.26,1.833,0.365,111.84,,18.56,46.67,159.19,2103.75,3011.0,163.06,18.385,17442.4,4757.25,67.76,129.8,,104.82,0.9892
4392,2016-11-02,97.398,104.15,126.15,1222.5601,112.39,1.797,0.36,112.02,,19.32,45.34,161.69,2092.25,2976.0,163.25,18.66,17134.68,4716.75,69.25,130.03,,104.092,0.975
4393,2016-11-03,97.157,104.05,141.18,1217.86,120.24,1.812,0.373,111.86,,22.08,44.66,161.08,2083.5,2968.0,162.72,18.383,,4674.5,72.57,130.03,,103.378,0.973
4394,2016-11-04,97.065,104.21,133.03,1221.39,120.23,1.773,0.37,112.1,,22.51,44.07,161.23,2080.0,2949.0,163.34,18.342,16905.36,4657.75,74.61,130.25,,103.052,0.9742
4395,2016-11-07,97.781,103.99,134.91,1235.78,107.84,1.828,0.408,112.05,,18.71,44.89,158.13,2129.0,2998.0,162.59,18.124,17177.21,4775.75,,129.84,,104.195,0.9743
4396,2016-11-08,97.861,103.77,135.6,1241.86,108.67,1.862,0.436,111.76,,18.74,44.98,157.52,2135.5,3016.0,162.09,18.33,17171.38,4802.25,68.47,129.5,,104.438,0.974
4397,2016-11-09,98.504,102.59,134.61,1225.74,96.14,2.072,0.434,110.43,,14.38,45.27,157.39,2160.25,3046.0,156.97,18.357,16251.54,4820.5,76.33,128.03,,105.03,0.9795
4398,2016-11-10,98.785,102.3,127.0,1206.42,102.67,2.118,0.477,110.04,,14.74,44.66,156.48,2167.25,3042.0,156.22,18.716,17344.42,4743.75,82.57,127.56,,105.853,0.9845
4399,2016-11-11,99.06,102.3,121.71,1209.74,97.22,2.138,0.477,109.59,,14.17,43.41,151.22,2161.6,3019.0,155.16,17.364,17374.79,4748.0,,127.17,,106.856,0.9872
4400,2016-11-14,100.11,101.73,122.71,1225.23,98.22,2.222,0.52,109.1,,14.48,43.32,150.92,2160.5,3038.0,154.41,16.877,17672.62,4694.5,89.22,126.66,,106.871,0.9895
4401,2016-11-15,100.23,101.67,119.79,1216.13,91.77,2.238,0.5,109.63,,13.37,45.81,151.28,2179.25,3051.0,154.28,17.029,17668.15,4766.0,84.12,126.42,,108.202,0.9971
4402,2016-11-16,100.41,101.8,123.77,1211.25,92.45,2.221,0.472,109.62,,13.72,45.57,151.22,2172.75,3026.0,155.03,16.914,17862.21,4783.25,80.12,126.47,,109.038,1.0014
4403,2016-11-17,100.89,101.51,123.06,1206.76,87.58,2.278,0.436,109.27,,13.35,45.42,150.32,2184.25,3037.0,153.78,16.761,17862.63,4828.5,77.54,126.08,,108.785,1.0008
4404,2016-11-18,101.21,101.25,126.38,1204.6899,86.4,2.337,0.439,108.79,,12.85,46.36,149.33,2180.75,3022.0,153.16,16.613,17967.41,4808.5,81.65,125.56,,110.256,1.0071
4405,2016-11-21,101.05,101.24,124.01,1201.6,80.75,2.339,0.439,108.9,,12.42,48.24,149.47,2193.0,3029.0,153.19,16.512,18106.02,4854.0,80.58,125.55,,110.973,1.011
4406,2016-11-22,101.04,101.3,127.98,1216.1899,83.4,2.319,0.49,109.01,,12.41,48.03,149.64,2200.25,3042.0,153.25,16.623,18162.94,4874.75,76.46,125.7,,110.65,1.0078
4407,2016-11-23,101.7,101.11,125.33,1211.63,82.45,2.357,0.502,108.73,,12.43,47.96,146.97,2200.75,3033.0,152.91,16.383,,4849.5,78.64,125.36,,111.006,1.0109
4408,2016-11-24,101.7,,,,,2.355,0.505,,,,,,,3039.0,152.55,16.343,18333.41,,,125.12,,112.582,1.0175
4409,2016-11-25,101.49,101.09,126.27,1218.14,82.65,2.359,0.502,108.89,,12.34,46.06,145.56,2211.25,3045.0,152.81,16.464,18381.22,4868.5,79.69,125.2,,113.292,1.0166
4410,2016-11-28,101.33,101.35,125.75,1225.97,86.17,2.32,0.472,109.06,,13.15,47.08,147.14,2200.75,3013.0,153.69,16.578,18356.89,4861.0,78.74,125.64,,112.652,1.0125
4411,2016-11-29,100.93,101.49,128.31,1235.71,86.28,2.302,0.485,109.18,,12.9,45.23,146.77,2203.75,3035.0,154.12,16.661,18307.04,4875.0,77.3,125.77,,111.705,1.0123
4412,2016-11-30,101.5,101.15,126.39,1227.02,88.99,2.368,0.49,108.88,,13.33,49.44,144.69,2198.75,3051.0,152.66,16.406,18308.48,4816.0,80.96,125.23,,112.47,1.0117
4413,2016-12-01,101.04,100.75,128.37,1210.85,97.79,2.441,0.475,108.14,,14.07,51.06,144.13,2192.0,3024.0,150.88,16.427,18513.12,4736.5,86.63,124.73,,114.694,1.017
4414,2016-12-02,100.77,101.05,128.99,1222.36,98.07,2.39,0.475,108.48,,14.12,51.68,145.17,2192.0,3017.0,151.88,16.753,18426.08,4738.5,82.06,125.23,,113.909,1.0106
4415,2016-12-05,100.09,101.05,128.35,1230.2,88.88,2.387,0.469,108.7,,12.14,51.79,145.01,2204.25,3053.0,152.12,16.824,18274.99,4780.5,79.84,125.19,,113.505,1.0138
4416,2016-12-06,100.49,101.0,130.92,1238.66,88.12,2.394,0.505,108.69,,11.79,50.93,144.22,2210.0,3104.0,151.66,16.74,18360.54,4786.75,76.57,125.2,,113.863,1.007
4417,2016-12-07,100.23,101.26,123.61,1261.6,89.11,2.347,0.505,109.06,,12.22,49.77,145.13,2236.75,3137.0,152.56,17.203,18496.69,4841.75,73.44,125.55,,114.052,1.0099
4418,2016-12-08,101.1,101.04,119.08,1266.72,91.27,2.387,0.51,108.82,,12.64,50.84,144.5,2247.75,3188.0,151.34,17.025,18765.47,4863.0,73.11,125.28,,113.713,1.0068
4419,2016-12-09,101.59,100.68,119.51,1265.8,89.4,2.464,0.538,108.34,,11.75,51.5,143.21,2254.75,3197.0,149.88,16.897,18996.37,4893.25,75.55,124.8,,114.075,1.0159
4420,2016-12-12,101.03,100.67,123.28,1270.7,91.87,2.479,0.515,108.55,,12.64,52.83,143.69,2250.5,3197.0,150.0,17.116,19155.03,4866.25,76.39,124.77,,115.412,1.018
4421,2016-12-13,101.07,100.65,119.34,1273.5,93.32,2.48,0.541,108.59,,12.72,52.98,142.85,2267.75,3240.0,150.22,16.911,19250.52,4937.5,75.36,124.67,,115.002,1.0133
4422,2016-12-14,101.76,100.39,125.43,1251.88,96.82,2.523,0.541,108.17,,13.19,51.04,143.43,2252.0,3218.0,149.84,17.152,19253.61,4932.5,75.84,124.16,,115.224,1.0118
4423,2016-12-15,103.02,100.21,129.44,1235.79,93.08,2.578,0.508,107.96,,12.79,50.9,139.25,2258.5,3255.0,149.94,15.897,19273.79,4934.75,78.61,123.7,,117.211,1.0221
4424,2016-12-16,102.95,100.1,131.95,1252.54,93.79,2.597,0.505,108.03,,12.2,51.9,140.19,2255.25,3269.0,149.03,16.153,19401.15,4915.75,78.22,123.61,,118.241,1.0298
4425,2016-12-19,103.14,100.43,130.47,1263.16,90.51,2.54,0.495,108.5,,11.71,53.06,140.84,2260.0,3244.0,150.31,16.026,19391.6,4938.75,75.24,124.03,,117.791,1.0267
4426,2016-12-20,103.29,100.3,122.09,1265.9301,88.26,2.568,0.528,108.43,,11.45,53.3,139.72,2266.5,3268.0,149.88,16.054,19494.53,4956.0,75.46,123.94,,117.037,1.0272
4427,2016-12-21,103.02,100.44,124.9,1252.14,87.97,2.546,0.513,108.72,,11.27,52.49,139.67,2260.5,3260.0,148.94,15.918,19444.49,4949.5,73.97,123.3,,117.875,1.029
4428,2016-12-22,103.09,100.42,128.02,1249.78,89.72,2.551,0.513,108.42,,11.43,52.95,139.36,2258.75,3256.0,148.81,15.815,19427.67,4936.5,74.05,123.27,,117.604,1.0266
4429,2016-12-23,103.01,100.49,120.51,1252.4,87.64,2.543,0.518,108.57,,11.44,53.02,139.72,2260.0,3263.0,149.12,15.704,,4942.25,72.57,123.36,,117.542,1.0256
4430,2016-12-26,103.01,,,,,,,,,,,,,,148.89,15.825,19396.64,,,123.29,,117.31,1.0261
4431,2016-12-27,103.02,100.35,123.65,1255.25,86.37,2.563,0.523,108.37,,11.99,53.9,140.36,2261.0,3270.0,148.56,15.929,19403.06,4961.25,70.66,123.2,,117.192,1.0268
4432,2016-12-28,103.3,100.67,122.37,1244.5,89.17,2.508,0.515,108.54,,12.95,54.06,140.62,2245.25,3268.0,149.72,15.988,19401.72,4923.75,70.79,123.64,,117.48,1.0275
4433,2016-12-29,102.68,100.82,124.57,1258.16,88.87,2.477,0.459,109.05,,13.37,53.77,142.74,2245.0,3261.0,149.91,16.163,19145.14,4918.5,71.28,123.94,,117.047,1.0282
4434,2016-12-30,102.21,101.05,127.26,1274.2,91.6,2.446,0.502,109.22,,14.04,53.72,141.95,2236.25,3277.0,150.66,15.936,19114.37,4864.0,71.63,124.28,,116.267,1.0171
4435,2017-01-02,102.83,,,,,,,,,,,,,3295.0,150.2,16.015,,,,124.04,,116.795,1.0187
4436,2017-01-03,103.21,101.01,125.79,1273.16,85.37,2.452,0.502,109.31,,12.85,52.33,143.22,2252.5,3306.0,150.56,16.356,,4906.25,76.73,124.11,,117.495,1.0242
4437,2017-01-04,102.7,101.01,124.4,1290.16,82.27,2.452,0.533,109.55,,11.85,53.26,143.63,2264.25,3304.0,150.69,16.499,19594.16,4933.5,76.41,124.11,,117.659,1.0261
4438,2017-01-05,101.52,101.51,128.21,1297.61,81.33,2.368,0.525,110.12,,11.67,53.76,145.6,2264.25,3304.0,152.5,16.584,19520.69,4962.0,76.5,124.83,,117.085,1.0201
4439,2017-01-06,102.22,101.23,123.67,1299.0,80.59,2.418,0.525,109.69,,11.32,53.99,144.63,2271.5,3313.0,151.78,16.466,19454.33,5004.0,75.24,124.41,,115.265,1.0098
4440,2017-01-09,101.93,101.48,122.59,1286.64,83.47,2.376,0.502,109.82,,11.56,51.96,146.04,2265.0,3301.0,152.72,16.63,,5022.0,74.83,124.78,,117.15,1.0174
4441,2017-01-10,102.01,101.47,121.84,1278.22,86.36,2.379,0.518,109.7,,11.49,50.82,146.12,2263.75,3300.0,152.53,16.803,19301.44,5031.25,73.26,124.77,,115.985,1.014
4442,2017-01-11,101.78,101.54,123.06,1268.38,86.72,2.37,0.513,109.82,,11.26,52.25,147.49,2270.5,3298.0,152.81,16.783,19364.67,5046.5,72.83,124.81,,115.872,1.0168
4443,2017-01-12,101.35,101.56,126.22,1274.98,90.44,2.361,0.525,110.02,,11.54,53.01,147.88,2263.5,3281.0,152.59,16.78,19134.7,5034.75,73.74,124.89,,115.098,1.013
4444,2017-01-13,101.18,101.46,132.32,1271.88,92.9,2.38,0.533,109.71,,11.23,52.37,147.42,2272.5,3314.0,152.28,16.72,19287.28,5061.25,74.5,124.78,,114.664,1.0103
4445,2017-01-16,101.18,,,,,,,,,,,,,3289.0,152.33,16.832,19095.24,,,124.83,,114.227,1.0098
4446,2017-01-17,100.33,101.8,131.55,1280.5,92.39,2.327,0.53,110.14,,11.87,52.48,149.49,2262.75,3281.0,153.31,17.102,18813.53,5040.25,73.94,125.23,,114.152,1.0111
4447,2017-01-18,100.93,101.46,143.43,1282.6,87.06,2.389,0.53,109.55,,12.48,51.08,149.37,2266.5,3286.0,152.03,17.235,18894.37,5054.5,73.94,124.72,,112.878,1.0029
4448,2017-01-19,101.15,101.12,141.03,1266.49,86.84,2.459,0.513,109.11,,12.78,52.12,148.06,2261.5,3279.0,151.06,16.967,19072.25,5053.5,78.32,124.17,,114.762,1.0078
4449,2017-01-20,100.74,101.14,146.33,1274.02,83.63,2.467,0.502,109.33,,11.54,53.22,148.48,2266.0,3288.0,150.78,16.997,19137.91,5058.25,76.71,124.22,,114.98,1.0063
4450,2017-01-23,100.16,101.53,137.78,1285.46,84.51,2.401,0.495,109.53,,11.77,52.75,149.81,2262.0,3263.0,152.0,17.15,18891.03,5063.5,75.52,124.81,,113.81,1.0009
4451,2017-01-24,100.35,101.13,138.16,1284.7,79.05,2.471,0.51,109.38,,11.07,53.18,149.2,2274.5,3273.0,150.59,17.149,18787.99,5096.25,75.53,124.22,,112.78,0.9973
4452,2017-01-25,100.03,100.85,128.8,1277.72,78.66,2.523,0.503,109.1,,10.81,52.75,147.59,2294.0,3324.0,149.47,16.944,19057.5,5146.5,77.06,123.81,,113.84,1.0011
4453,2017-01-26,100.38,100.98,129.58,1275.51,79.65,2.508,0.505,109.15,,10.63,53.78,146.61,2294.0,3308.0,149.78,16.814,19402.39,5147.75,74.69,123.97,,113.293,0.999
4454,2017-01-27,100.53,101.12,129.95,1265.05,83.63,2.481,0.518,109.17,,10.58,53.17,146.44,2289.0,3295.0,150.38,17.1,19467.4,5162.5,72.19,124.17,,114.455,0.9999
4455,2017-01-30,100.43,101.11,134.32,1258.71,92.04,2.483,0.508,109.13,,11.88,52.63,147.04,2276.0,3252.0,150.25,17.122,19368.85,5124.5,72.36,124.22,,114.668,0.9974
4456,2017-01-31,99.512,101.27,138.08,1269.28,89.83,2.451,0.523,109.26,,11.99,52.81,148.93,2274.5,3234.0,150.84,17.512,19041.34,5112.75,72.52,124.47,,113.65,0.9944
4457,2017-02-01,99.641,101.15,133.97,1256.45,87.75,2.474,0.51,109.17,,11.81,53.88,148.55,2274.5,3249.0,150.44,17.42,19148.08,5148.5,70.84,124.33,,112.768,0.989
4458,2017-02-02,99.79,101.19,136.65,1267.1,89.73,2.47,0.505,109.07,,11.93,53.54,149.92,2275.5,3254.0,150.56,17.402,18914.58,5131.0,69.92,124.38,,113.243,0.993
4459,2017-02-03,99.868,101.06,133.25,1273.5699,88.97,2.491,0.51,109.04,,10.97,53.83,150.09,2291.0,3276.0,150.03,17.453,18918.2,5155.0,67.39,124.28,,112.789,0.9924
4460,2017-02-06,99.907,101.51,131.41,1270.27,90.02,2.413,0.525,109.27,,11.37,53.01,151.48,2286.5,3239.0,151.53,17.667,18976.71,5157.75,67.55,124.94,,112.639,0.9923
4461,2017-02-07,100.26,101.63,130.46,1268.04,89.61,2.389,0.546,109.45,,11.29,52.17,151.97,2288.5,3231.0,152.19,17.733,18910.78,5176.75,68.07,125.11,,111.827,0.9913
4462,2017-02-08,100.28,101.88,134.01,1278.86,94.58,2.351,0.543,110.0,,11.45,52.34,152.39,2290.25,3235.0,153.28,17.683,19007.6,5191.25,68.74,125.36,,112.387,0.9978
4463,2017-02-09,100.65,101.58,129.19,1280.26,89.59,2.397,0.543,109.43,,10.88,53.0,152.05,2304.25,3279.0,152.19,17.72,18907.67,5212.25,68.95,124.92,,111.952,0.9952
4464,2017-02-10,100.8,101.5,130.47,1285.98,85.77,2.409,0.541,109.52,,10.85,53.86,151.94,2312.75,3270.0,151.91,17.912,19378.93,5226.75,69.63,124.78,,113.434,1.0014
4465,2017-02-13,100.96,101.39,130.1,1284.8101,80.84,2.434,0.538,109.58,,11.07,52.93,150.7,2326.25,3308.0,151.38,17.804,19459.15,5259.25,68.83,124.59,,113.914,1.0044
4466,2017-02-14,101.25,101.17,133.66,1279.46,78.35,2.47,0.543,109.21,,10.74,53.2,150.65,2337.0,3308.0,150.62,17.872,19238.98,5276.0,67.26,124.23,,113.705,1.0056
4467,2017-02-15,101.18,100.96,137.55,1276.8,81.12,2.502,0.538,108.99,,11.97,53.11,151.6,2350.5,3326.0,149.94,17.947,19437.98,5310.0,65.51,123.97,,114.301,1.0063
4468,2017-02-16,100.44,101.27,141.41,1284.95,79.66,2.45,0.528,109.52,,11.76,53.36,152.65,2345.5,3308.0,150.81,18.063,19347.53,5300.5,68.23,124.45,,114.112,1.0047
4469,2017-02-17,100.95,101.42,141.13,1287.33,81.25,2.425,0.523,109.42,,11.49,53.78,152.34,2348.0,3301.0,151.25,18.019,19234.62,5325.75,69.78,124.7,,113.305,0.9972
4470,2017-02-20,100.95,,,,,,,,,,,,,3314.0,151.11,18.043,19251.08,,,124.62,,112.911,1.0019
4471,2017-02-21,101.37,101.42,136.93,1299.41,82.45,2.427,0.523,109.624,,11.57,54.33,152.31,2360.0,3337.0,151.31,17.99,19381.44,5343.75,68.72,124.7,,113.28,1.0033
4472,2017-02-22,101.22,101.45,138.24,1295.87,81.53,2.418,0.538,109.85,,11.74,53.59,151.62,2361.0,3338.0,151.38,17.942,19379.87,5351.0,69.26,124.77,,113.654,1.0091
4473,2017-02-23,101.05,101.61,137.91,1304.64,82.2,2.388,0.515,109.95,,11.71,54.45,153.85,2362.75,3330.0,151.81,18.113,19371.46,5332.0,68.64,125.05,,113.397,1.0108
4474,2017-02-24,101.09,102.01,138.66,1308.0699,83.31,2.317,0.515,110.29,,11.47,53.99,154.7,2365.0,3307.0,153.22,18.335,19283.54,5343.25,69.85,125.61,,112.682,1.0061
4475,2017-02-27,101.13,101.74,134.39,1313.28,85.69,2.367,0.51,110.2,,12.09,54.05,154.76,2368.25,3311.0,152.62,18.354,19107.47,5347.5,70.89,125.14,,112.188,1.0089
4476,2017-02-28,101.12,101.77,131.98,1306.66,88.08,2.358,0.541,110.2,,12.92,54.01,154.16,2362.75,3324.0,152.94,18.42,19118.99,5332.25,,125.11,,112.745,1.0095
4477,2017-03-01,101.78,101.14,132.16,1301.17,84.03,2.463,0.635,109.45,,12.54,53.83,153.68,2393.5,3387.0,150.69,18.443,19393.54,5386.0,,124.28,,113.077,1.0066
4478,2017-03-02,102.2,100.99,133.36,1293.97,83.61,2.489,0.665,109.41,,11.81,52.61,151.58,2382.0,3386.0,150.34,17.705,19564.8,5364.75,69.54,124.08,,114.121,1.0103
4479,2017-03-03,101.54,101.03,136.1,1289.01,81.19,2.492,0.708,109.41,,10.96,53.33,150.79,2381.25,3404.0,150.5,17.697,19469.17,5372.0,65.79,124.17,,114.342,1.0132
4480,2017-03-06,101.68,101.02,140.17,1284.99,81.44,2.494,0.731,109.23,,11.24,53.2,150.67,2375.5,3388.0,150.31,17.725,19379.14,5361.0,65.41,124.19,,113.847,1.0079
4481,2017-03-07,101.81,100.92,138.85,1278.55,81.43,2.511,0.757,108.92,,11.45,53.14,149.51,2366.5,3380.0,150.09,17.492,19344.15,5349.75,66.03,124.05,,113.917,1.0121
4482,2017-03-08,102.07,100.71,139.63,1260.89,82.5,2.552,0.729,108.66,,11.86,50.28,148.69,2364.0,3394.0,149.16,17.257,19254.03,5363.0,66.61,123.77,,113.926,1.0131
4483,2017-03-09,101.85,100.48,139.48,1244.24,83.64,2.598,0.734,108.27,,12.3,49.28,147.93,2366.25,3410.0,148.06,16.993,19318.58,5366.75,69.18,123.47,,114.411,1.0143
4484,2017-03-10,101.25,100.57,138.99,1239.03,80.27,2.582,0.747,108.35,,11.66,48.49,147.7,2368.5,3421.0,148.06,16.883,19604.61,5386.25,67.7,123.66,,115.149,1.0123
4485,2017-03-13,101.31,100.46,145.75,1240.74,81.57,2.607,0.749,108.24,,11.35,48.4,147.92,2371.75,3418.0,147.62,16.935,19633.75,5399.25,65.64,123.47,,114.732,1.0095
4486,2017-03-14,101.7,100.55,146.11,1237.97,85.88,2.595,0.775,108.24,,12.3,47.72,147.83,2363.0,3398.0,148.12,16.888,19609.5,5385.5,65.18,123.56,,114.915,1.0074
4487,2017-03-15,100.74,101.05,147.2,1259.23,80.76,2.504,0.739,108.89,,11.63,48.86,147.58,2380.5,3409.0,149.62,16.888,19577.38,5419.25,61.62,124.39,,114.659,1.0094
4488,2017-03-16,100.36,100.95,149.49,1264.48,75.96,2.524,0.734,108.84,,11.21,48.75,150.82,2379.0,3439.0,149.25,17.296,19590.14,5415.0,60.44,124.23,,113.402,1.0
4489,2017-03-17,100.3,101.06,154.34,1269.4,78.66,2.5,0.729,109.04,,11.28,48.78,151.19,2375.25,3455.0,149.75,17.379,19521.59,5408.5,60.72,124.39,,113.34,0.9961
4490,2017-03-20,100.41,101.23,152.93,1268.28,77.16,2.472,0.734,109.1799,,11.34,48.91,151.68,2370.25,3365.0,150.34,17.403,,5418.5,59.82,124.67,,112.674,0.9973
4491,2017-03-21,99.813,101.45,141.02,1265.15,83.02,2.434,0.775,109.38,,12.47,48.24,153.2,2342.25,3350.0,151.28,17.55,19455.88,5338.25,62.13,124.91,,112.573,0.9986
4492,2017-03-22,99.677,101.67,136.07,1263.86,83.8,2.396,0.769,109.72,,12.81,48.04,153.59,2342.5,3348.0,151.97,17.545,19041.38,5365.75,,125.08,,111.532,0.9934
4493,2017-03-23,99.76,101.59,132.54,1272.14,88.93,2.418,0.769,109.62,,13.12,47.7,153.26,2340.0,3376.0,150.53,17.563,19085.31,5354.5,65.22,124.41,,111.369,0.992
4494,2017-03-24,99.627,101.71,136.62,1271.62,89.74,2.4,0.769,109.73,,12.96,47.97,153.46,2344.75,3370.0,151.09,17.72,19262.53,5378.75,64.45,124.53,,111.004,0.9932
4495,2017-03-27,99.166,101.83,135.37,1262.58,84.86,2.375,0.78,109.88,,12.5,47.73,154.33,2338.5,3362.0,151.47,18.08,18985.59,5379.0,62.68,124.67,,110.771,0.9858
4496,2017-03-28,99.712,101.61,134.43,1267.05,79.27,2.409,0.795,109.83,,11.53,48.37,154.33,2351.5,3391.0,150.78,18.225,19202.87,5405.0,61.95,124.36,,111.226,0.9921
4497,2017-03-29,99.998,101.76,132.37,1267.72,78.26,2.387,0.777,109.93,,11.42,49.51,154.08,2357.0,3399.0,151.22,18.228,19217.48,5436.0,61.02,124.58,,111.154,0.9967
4498,2017-03-30,100.41,101.6,138.84,1269.04,77.87,2.416,0.78,109.77,,11.54,50.35,153.0,2364.5,3411.0,150.53,18.185,19063.22,5437.5,60.94,124.34,,111.776,1.0004
4499,2017-03-31,100.35,101.73,138.31,1275.5601,78.31,2.395,0.762,109.91,,12.37,50.6,153.4,2359.25,3426.0,150.84,18.235,18909.26,5438.5,60.7,124.56,,111.395,1.0031
4500,2017-04-03,100.54,102.0,135.23,1276.5601,82.96,2.35,0.764,109.96,,12.38,50.24,153.74,2356.0,3406.0,151.75,18.191,18983.23,5434.5,61.23,125.03,,110.709,1.0014
4501,2017-04-04,100.54,101.98,132.28,1277.47,79.67,2.35,0.803,109.84,,11.79,51.03,154.28,2356.5,3409.0,151.66,18.302,18810.25,5444.0,64.77,125.03,,110.854,1.0016
4502,2017-04-05,100.56,101.96,130.91,1280.58,86.59,2.355,0.803,109.86,,12.89,51.15,153.06,2346.5,3401.0,151.5,18.166,18861.27,5416.25,63.72,125.05,,110.381,1.0036
4503,2017-04-06,100.67,102.03,131.27,1288.52,83.91,2.343,0.81,110.08,,12.39,51.7,153.65,2353.75,3423.0,151.72,18.225,18597.06,5422.75,68.25,125.12,,110.897,1.0053
4504,2017-04-07,101.18,101.86,132.7,1289.48,89.39,2.373,0.82,109.81,,12.87,52.24,154.14,2352.25,3423.0,151.5,18.13,18664.63,5421.25,68.66,124.81,,111.07,1.009
4505,2017-04-10,101.02,101.95,132.86,1295.8,97.9,2.361,0.81,110.01,,14.05,53.08,153.73,2352.5,3416.0,151.78,17.894,18797.88,5422.25,68.5,124.91,,110.717,1.0078
4506,2017-04-11,100.71,102.32,136.66,1304.53,103.74,2.298,0.823,110.44,,15.07,53.4,156.22,2351.0,3399.0,152.97,18.233,18747.87,5401.75,70.56,125.48,,109.587,1.0069
4507,2017-04-12,100.78,102.33,131.93,1304.36,111.53,2.296,0.815,110.66,,15.77,53.11,156.69,2340.75,3401.0,153.0,18.279,18552.61,5372.75,73.42,125.47,,108.902,1.0021
4508,2017-04-13,100.56,102.68,134.36,1302.0,115.54,2.232,0.813,110.82,,15.96,53.18,157.97,2327.5,3377.0,154.0,18.489,18426.84,5359.0,74.48,126.08,,109.101,1.0055
4509,2017-04-14,100.56,,,,,,,,,,,,,,,18.545,18335.63,,,,,108.64,1.0055
4510,2017-04-17,100.29,102.57,139.63,1316.55,101.49,2.252,0.815,110.73,,14.66,52.65,158.39,2345.0,,153.47,18.493,18355.26,5395.25,70.96,125.91,,109.112,1.0042
4511,2017-04-18,99.499,103.0,137.2,1319.26,99.52,2.179,0.828,111.2,,14.42,52.41,158.66,2337.25,3351.0,155.16,18.251,18418.59,5389.25,72.87,126.52,,108.535,0.9963
4512,2017-04-19,99.738,102.88,140.2,1315.66,97.89,2.202,0.808,111.04,,14.93,50.85,157.34,2333.75,3355.0,154.75,18.136,18432.2,5397.75,73.13,126.28,,108.834,0.9979
4513,2017-04-20,99.778,102.67,146.85,1315.39,94.53,2.241,0.792,110.9,,14.15,50.71,157.39,2352.0,3376.0,154.16,17.992,18430.49,5442.75,73.86,125.95,,109.375,0.9987
4514,2017-04-21,99.977,102.7,148.42,1308.49,95.41,2.236,0.785,110.85,,14.63,49.62,158.04,2347.5,3377.0,154.16,17.83,18620.75,5442.0,77.15,126.06,,109.085,0.9959
4515,2017-04-24,99.092,102.51,144.45,1300.75,78.17,2.273,0.795,110.74,,10.84,49.23,156.62,2370.0,3510.0,153.44,17.848,18875.88,5504.0,63.27,125.8,,109.641,0.9959
4516,2017-04-25,98.785,102.21,139.04,1306.39,75.64,2.329,0.831,110.33,,10.76,49.56,155.36,2385.0,3521.0,152.41,17.581,19079.33,5548.25,62.36,125.41,,111.046,0.9934
4517,2017-04-26,99.045,102.3,142.13,1295.47,76.64,2.311,0.825,110.55,,10.85,49.62,154.99,2382.25,3515.0,152.66,17.353,19289.43,5536.25,60.95,125.56,,111.191,0.993
4518,2017-04-27,99.076,102.38,142.55,1292.84,76.66,2.296,0.808,110.62,,10.36,48.97,155.2,2386.0,3501.0,152.72,17.265,19251.87,5591.0,59.82,125.64,,111.226,0.9944
4519,2017-04-28,99.05,102.43,146.98,1281.0601,77.09,2.282,0.803,110.72,,10.82,49.33,155.49,2380.5,3508.0,152.97,17.191,19196.74,5580.5,60.19,125.72,,111.545,0.9952
4520,2017-05-01,99.077,102.18,128.46,1288.27,78.33,2.327,0.808,110.24,,10.11,48.84,153.92,2387.0,,152.0,16.78,19310.52,5630.75,59.4,125.47,,111.82,0.9957
4521,2017-05-02,98.976,102.38,127.49,1288.79,79.33,2.296,0.861,110.37,,10.59,47.66,154.11,2385.75,3526.0,152.75,16.769,19445.7,5639.75,60.32,125.7,,111.972,0.991
4522,2017-05-03,99.209,102.35,129.39,1275.13,78.77,2.309,0.871,110.44,,10.68,47.82,153.06,2383.25,3531.0,152.81,16.487,,5613.25,59.38,125.55,,112.783,0.9942
4523,2017-05-04,98.797,102.1,130.48,1272.16,78.0,2.356,0.879,110.18,,10.46,45.52,150.62,2385.5,3576.0,151.72,16.244,,5625.75,60.08,125.17,,112.537,0.9861
4524,2017-05-05,98.648,102.13,131.36,1279.54,80.65,2.352,0.892,110.15,,10.57,46.22,150.42,2397.75,3614.0,151.81,16.215,,5648.25,58.72,125.22,,112.725,0.987
4525,2017-05-08,99.06,102.02,128.12,1275.14,81.38,2.376,0.894,110.05,,9.77,46.43,150.44,2395.0,3601.0,151.31,16.199,19895.7,5655.5,55.41,125.06,,113.23,0.9982
4526,2017-05-09,99.658,101.87,128.28,1270.63,83.63,2.407,0.915,110.04,,9.96,45.88,149.09,2393.25,3613.0,150.75,16.008,19843.0,5676.25,55.22,124.83,,113.698,1.0066
4527,2017-05-10,99.669,101.85,128.27,1278.3199,87.49,2.414,0.899,110.02,,10.21,47.33,149.44,2395.25,3606.0,150.53,16.151,19900.09,5675.5,55.03,124.81,,114.328,1.009
4528,2017-05-11,99.623,101.91,128.21,1272.9,86.51,2.4,0.884,110.19,,10.6,47.83,150.08,2391.0,3585.0,150.62,16.209,19961.55,5670.75,54.47,124.92,,113.809,1.0078
4529,2017-05-12,99.252,102.26,129.65,1268.37,82.5,2.333,0.879,110.56,,10.4,47.84,150.5,2388.75,3601.0,151.44,16.346,19883.9,5689.0,55.71,125.47,,113.345,1.0007
4530,2017-05-15,98.911,102.23,129.44,1271.47,79.53,2.338,0.886,110.7,,10.42,48.85,150.78,2398.5,3611.0,151.28,16.561,19869.85,5701.25,56.73,125.45,,113.642,0.9957
4531,2017-05-16,98.105,102.29,131.24,1266.14,76.76,2.327,0.915,110.77,,10.65,48.66,151.55,2397.0,3621.0,151.59,16.693,19919.82,5724.25,55.5,125.55,,112.646,0.9843
4532,2017-05-17,97.575,102.89,133.51,1270.21,111.48,2.216,0.902,111.33,,15.59,49.07,154.28,2357.5,3562.0,153.78,16.852,19814.88,5578.75,62.58,126.42,,111.126,0.9792
4533,2017-05-18,97.879,102.81,137.01,1273.77,104.12,2.233,0.917,111.24,,14.66,49.35,153.56,2363.5,3541.0,153.81,16.621,19553.86,5630.5,58.98,126.28,,111.401,0.9795
4534,2017-05-19,97.142,102.78,131.39,1279.4,87.21,2.245,0.914,111.34,,12.04,50.67,153.64,2381.5,3566.0,153.84,16.75,19590.76,5653.25,57.82,126.19,,111.275,0.9724
4535,2017-05-22,96.984,102.75,128.57,1283.38,83.47,2.254,0.904,111.23,,10.93,51.13,154.62,2392.75,3561.0,153.78,17.143,19678.28,5702.0,55.47,126.12,,110.91,0.973
4536,2017-05-23,97.351,102.57,124.54,1283.78,84.19,2.283,0.937,111.05,,10.72,51.47,153.9,2398.0,3581.0,153.28,17.091,19613.28,5711.5,,125.86,,111.957,0.9762
4537,2017-05-24,97.238,102.69,123.11,1290.1801,81.91,2.266,0.93,111.1,,10.02,51.36,153.61,2402.0,3568.0,153.53,17.077,19742.98,5731.25,54.41,126.06,,111.524,0.9725
4538,2017-05-25,97.248,102.76,123.65,1290.04,82.2,2.255,0.932,111.25,,9.99,48.9,154.01,2413.5,3566.0,153.84,17.152,19813.13,5782.0,54.32,126.17,,111.73,0.9732
4539,2017-05-26,97.442,102.78,125.41,1282.58,81.81,2.25,0.935,111.37,,9.81,49.8,155.43,2413.75,3561.0,153.91,17.283,19686.84,5792.25,54.05,126.19,,111.345,0.9745
4540,2017-05-29,97.442,,,,,,,,,,,,,3562.0,152.83,17.392,19682.57,,,125.93,,111.174,0.9792
4541,2017-05-30,97.28,102.97,125.37,1276.75,84.3,2.215,0.935,111.48,,10.38,49.66,154.73,2410.75,3547.0,154.59,17.388,19677.85,5792.0,,126.44,,110.839,0.9758
4542,2017-05-31,96.922,103.1,125.11,1279.0699,84.52,2.198,0.978,111.6,,10.41,48.32,155.92,2411.0,3553.0,155.12,17.368,19650.57,5793.25,53.95,126.56,,110.796,0.968
4543,2017-06-01,97.198,103.01,124.55,1284.7,83.83,2.217,0.973,111.39,,9.89,48.36,155.27,2429.5,3562.0,154.84,17.243,19860.03,5822.0,54.0,126.45,,111.437,0.9711
4544,2017-06-02,96.715,103.34,124.23,1294.85,83.62,2.159,0.978,111.72,,9.75,47.66,156.5,2437.75,3581.0,156.16,17.487,20177.28,5886.0,53.74,126.89,,110.415,0.9623
4545,2017-06-05,96.799,103.2,125.05,1290.48,86.08,2.182,0.973,111.47,,10.07,47.4,156.81,2434.5,3570.0,155.66,17.547,20170.82,5880.75,53.0,126.73,,110.381,0.965
4546,2017-06-06,96.636,103.38,125.72,1285.13,89.15,2.147,0.983,111.84,,10.45,48.19,158.62,2430.75,3548.0,156.28,17.677,19979.9,5863.25,53.22,127.02,,109.509,0.9625
4547,2017-06-07,96.748,103.22,125.98,1293.9399,88.22,2.178,0.999,111.58,,10.39,45.72,158.09,2432.0,3543.0,155.84,17.587,19984.62,5879.75,54.8,126.78,,109.9,0.9647
4548,2017-06-08,96.918,103.13,127.09,1290.62,83.28,2.194,0.999,111.58,,10.16,45.64,156.42,2432.5,3561.0,155.56,17.384,19909.26,5885.0,53.73,126.7,,109.912,0.9692
4549,2017-06-09,97.274,103.11,131.26,1295.73,87.41,2.199,1.006,111.51,,10.7,45.83,155.43,2428.25,3579.0,155.53,17.193,20013.26,5748.25,52.56,126.66,,110.345,0.9696
4550,2017-06-12,97.138,103.03,136.86,1304.49,91.21,2.213,0.998,111.47,,11.46,46.08,155.12,2426.4,3545.0,155.28,16.914,19908.58,5719.25,52.32,126.56,,109.921,0.9691
4551,2017-06-13,96.975,103.06,136.41,1308.1,86.66,2.207,1.009,111.52,,10.42,46.46,155.08,2438.0,3555.0,155.31,16.738,19898.75,5759.25,51.67,126.61,,110.055,0.9688
4552,2017-06-14,96.939,103.47,135.89,1313.9399,89.97,2.138,1.011,112.1,,10.64,44.73,155.98,2435.3,3553.0,156.91,17.107,19883.52,5732.75,52.22,127.11,,109.446,0.9713
4553,2017-06-15,97.433,103.36,134.12,1314.41,89.95,2.162,1.019,111.89,,10.9,44.46,153.37,2432.0,3528.0,156.72,16.691,19831.82,5709.25,51.59,126.84,,110.952,0.9753
4554,2017-06-16,97.164,103.42,135.02,1313.9399,87.0,2.157,1.011,112.09,,10.38,44.74,153.61,2431.0,3537.0,156.88,16.636,19943.26,5684.0,51.48,126.92,,110.865,0.9738
4555,2017-06-19,97.548,103.29,138.77,1313.78,85.27,2.188,1.011,111.88,,10.37,44.43,152.41,2447.5,3576.0,156.66,16.483,20067.75,5766.0,51.6,126.66,,111.673,0.976
4556,2017-06-20,97.76,103.54,133.37,1307.3199,89.19,2.153,1.019,112.08,,10.86,43.51,152.02,2437.5,3555.0,157.62,16.398,20230.41,5732.75,51.6,126.91,,111.334,0.9747
4557,2017-06-21,97.559,103.56,129.89,1304.54,88.07,2.155,0.994,112.13,,10.75,42.53,152.3,2433.5,3546.0,157.59,16.355,20138.79,5796.0,51.64,126.84,,111.31,0.9725
4558,2017-06-22,97.593,103.58,130.86,1304.2,86.38,2.153,0.958,112.23,,10.48,42.74,152.74,2431.75,3550.0,156.47,16.49,20110.51,5785.75,51.13,126.67,,111.29,0.9718
4559,2017-06-23,97.264,103.64,132.76,1308.9,84.52,2.144,0.958,112.24,,10.02,43.01,153.59,2435.0,3534.0,156.62,16.628,20132.67,5812.25,51.16,126.73,,111.29,0.9695
4560,2017-06-26,97.426,103.72,128.6,1313.6801,81.94,2.137,0.96,112.35,,9.9,43.38,152.37,2436.0,3556.0,156.91,16.56,20153.35,5778.25,50.02,126.78,,111.858,0.9723
4561,2017-06-27,96.394,103.41,125.46,1304.35,87.3,2.198,1.019,111.9511,,11.06,44.24,152.43,2420.5,3530.0,155.69,16.576,20225.09,5676.5,52.1,126.28,,112.188,0.9604
4562,2017-06-28,96.01,103.33,126.95,1302.51,84.24,2.223,1.011,111.97,,10.03,44.74,152.7,2438.5,3528.0,155.0,16.715,20130.41,5763.5,52.51,126.2,,112.354,0.9593
4563,2017-06-29,95.628,103.09,129.15,1292.39,93.78,2.267,1.027,111.66,,11.44,44.93,152.3,2420.0,3461.0,154.25,16.586,20220.3,5653.0,54.66,125.81,,112.009,0.9555
4564,2017-06-30,95.628,102.93,129.51,1288.48,90.43,2.302,1.021,111.68,,11.18,46.04,151.87,2421.0,3431.0,153.69,16.568,20033.43,5652.75,55.22,125.53,,112.38,0.9583
4565,2017-07-03,96.218,102.73,126.63,1299.3199,93.31,2.348,1.026,111.09,,11.22,47.07,149.05,2425.0,3482.0,153.06,16.037,20055.8,5589.25,55.25,125.11,,113.37,0.9631
4566,2017-07-04,96.218,,,,,,,,,,,,,3479.0,153.24,16.126,20032.35,,,125.22,,112.962,0.964
4567,2017-07-05,96.29,102.8,128.67,1284.21,91.98,2.334,1.05,111.21,,11.07,45.13,149.35,2428.0,3473.0,153.34,15.842,20081.63,5651.5,56.44,125.22,,113.187,0.9642
4568,2017-07-06,95.802,102.6,127.25,1265.5601,100.21,2.369,1.034,111.13,,12.54,45.52,149.55,2408.5,3452.0,152.28,15.927,19994.06,5596.75,56.96,124.98,,113.165,0.9601
4569,2017-07-07,96.008,102.47,131.58,1269.9301,92.5,2.393,1.034,111.01,,11.19,44.23,147.88,2422.5,3454.0,151.66,15.371,19929.09,5655.75,55.76,124.84,,113.895,0.964
4570,2017-07-10,96.022,102.6,133.4,1260.9399,89.69,2.371,1.039,111.13,,11.11,44.4,148.31,2424.5,3472.0,152.0,15.577,20080.98,5694.0,53.18,125.08,,113.985,0.9634
4571,2017-07-11,95.669,102.65,132.75,1257.12,88.23,2.362,1.06,111.17,,10.89,45.04,148.5,2424.5,3455.0,152.06,15.697,20195.48,5720.0,53.22,125.17,,113.748,0.9631
4572,2017-07-12,95.761,102.86,134.95,1270.1899,88.19,2.327,1.05,111.545,,10.3,45.49,149.03,2440.0,3513.0,152.78,15.839,20098.38,5785.75,52.43,125.52,,113.335,0.9649
4573,2017-07-13,95.728,102.74,138.35,1274.42,85.68,2.348,1.039,111.44,,9.9,46.08,148.8,2445.5,3520.0,152.19,15.642,20099.81,5797.5,52.21,125.41,,113.418,0.9668
4574,2017-07-14,95.153,102.87,137.71,1288.3199,82.2,2.319,1.034,111.6,,9.51,46.54,150.04,2456.0,3516.0,152.62,15.884,20118.86,5843.25,51.03,125.67,,112.53,0.9635
4575,2017-07-17,95.128,102.96,139.87,1295.4,80.27,2.309,1.047,111.64,,9.82,46.02,150.79,2458.5,3513.0,152.88,16.05,,5855.0,50.0,125.75,,112.581,0.963
4576,2017-07-18,94.604,103.19,137.53,1293.21,79.14,2.263,1.07,111.95,,9.89,46.4,151.78,2457.75,3474.0,153.84,16.222,19999.91,5882.75,49.55,126.11,,111.995,0.9551
4577,2017-07-19,94.779,103.21,136.88,1306.78,77.96,2.268,1.116,112.11,,9.79,47.32,151.78,2471.5,3488.0,153.94,16.251,20020.86,5918.25,48.26,126.05,,111.877,0.9548
4578,2017-07-20,94.306,103.24,130.88,1302.28,76.26,2.266,1.144,112.22,,9.58,46.92,152.18,2471.25,3490.0,154.06,16.299,20144.59,5925.25,47.0,126.06,,111.885,0.9514
4579,2017-07-21,93.858,103.43,134.53,1301.16,77.86,2.232,1.167,112.32,,9.36,45.77,153.26,2469.5,3445.0,154.78,16.41,20099.75,5918.75,47.45,126.31,,111.125,0.9457
4580,2017-07-24,93.977,103.29,132.67,1298.9301,78.24,2.253,1.179,112.23,,9.43,46.34,153.22,2468.5,3441.0,154.25,16.398,19975.67,5934.0,47.0,126.16,,111.232,0.9471
4581,2017-07-25,94.054,102.88,135.61,1300.62,79.17,2.325,1.172,111.86,,9.43,47.89,152.96,2474.0,3472.0,152.62,16.497,19955.2,5933.75,49.57,125.58,,112.003,0.9527
4582,2017-07-26,93.672,103.12,135.61,1306.9301,82.34,2.282,1.129,112.05,,9.6,48.75,152.6,2473.25,3482.0,153.16,16.415,20050.16,5948.0,47.28,126.02,,111.128,0.9514
4583,2017-07-27,93.864,102.97,140.81,1311.01,86.87,2.31,1.106,111.98,,10.11,49.04,153.93,2472.0,3481.0,152.59,16.529,20079.64,5909.5,48.42,125.83,,111.097,0.9637
4584,2017-07-28,93.259,103.11,139.91,1309.0,87.2,2.287,1.08,112.15,,10.29,49.71,155.0,2470.25,3456.0,153.19,16.664,19959.84,5910.25,48.53,125.95,,110.665,0.9688
4585,2017-07-31,92.863,103.1,139.82,1309.73,86.76,2.292,1.083,112.17,,10.26,50.17,154.77,2468.0,3447.0,152.97,16.75,19925.18,5882.5,48.14,125.89,,110.359,0.9673
4586,2017-08-01,93.043,103.35,138.72,1315.23,84.55,2.251,1.085,112.09,,10.09,49.16,155.5,2472.25,3473.0,154.03,16.728,19985.79,5889.25,49.97,126.23,,110.432,0.9654
4587,2017-08-02,92.836,103.33,142.02,1306.72,86.89,2.262,1.078,112.13,,10.28,49.59,155.37,2473.5,3453.0,154.22,16.697,20080.04,5910.75,48.75,126.11,,110.757,0.9704
4588,2017-08-03,92.839,103.54,138.32,1304.05,87.66,2.228,1.085,112.28,,10.44,49.03,154.89,2471.75,3463.0,155.0,16.594,20029.26,5890.0,47.93,126.36,,109.9,0.9677
4589,2017-08-04,93.542,103.32,139.81,1304.38,87.39,2.267,1.077,111.89,,10.03,49.58,153.7,2472.0,3505.0,154.09,16.222,19952.33,5898.0,47.28,126.08,,110.685,0.9729
4590,2017-08-07,93.432,103.4,138.91,1303.1899,90.01,2.257,1.0394,111.96,,9.93,49.39,153.71,2477.5,3501.0,154.31,16.221,20055.89,5934.0,46.91,126.17,,110.75,0.9735
4591,2017-08-08,93.647,103.25,140.05,1298.36,98.68,2.282,1.0573,111.7,,10.96,49.17,153.45,2472.75,3512.0,153.72,16.36,19996.01,5918.0,47.34,126.02,,110.102,0.973
4592,2017-08-09,93.548,103.52,141.2,1295.45,106.77,2.241,1.047,111.79,,11.11,49.56,155.48,2473.0,3466.0,154.72,16.834,19738.71,5922.5,49.67,126.34,,110.049,0.9636
4593,2017-08-10,93.401,103.67,136.48,1287.15,135.32,2.211,1.0445,111.84,,16.04,48.59,156.8,2437.5,3426.0,155.34,17.036,19729.74,5789.75,52.0,126.56,,109.106,0.9617
4594,2017-08-11,93.069,103.81,135.43,1279.29,127.43,2.189,1.0393,111.91,,15.51,48.82,157.27,2440.0,3399.0,155.47,17.041,,5838.25,52.06,126.81,,109.185,0.9619
4595,2017-08-14,93.411,103.68,142.07,1298.09,100.6,2.218,1.0267,111.86,,12.33,47.59,156.83,2463.5,3454.0,155.16,17.093,19537.1,5910.0,49.3,126.55,,109.939,0.9725
4596,2017-08-15,93.853,103.43,143.23,1292.74,96.71,2.266,1.0318,111.72,,12.04,47.55,155.53,2463.75,3462.0,154.41,16.69,19753.31,5912.0,48.63,126.16,,110.596,0.9722
4597,2017-08-16,93.541,103.65,148.62,1297.22,94.82,2.225,1.0343,111.98,,11.74,46.78,155.92,2467.5,3484.0,155.06,16.917,19729.28,5923.5,48.47,126.52,,109.999,0.9652
4598,2017-08-17,93.622,103.8,142.73,1292.39,117.77,2.199,1.0088,112.09,,15.55,47.09,157.08,2429.5,3462.0,155.69,17.03,19702.63,5800.25,48.84,126.72,,109.328,0.9622
4599,2017-08-18,93.434,103.82,128.86,1282.24,114.39,2.194,1.0113,112.11,,14.26,48.51,156.98,2426.75,3447.0,155.84,16.98,19470.41,5801.25,50.16,126.75,,109.195,0.965
4600,2017-08-21,93.095,103.92,131.61,1291.8199,101.39,2.18,1.0038,112.2,,13.19,47.53,157.6,2428.0,3420.0,156.16,16.995,19393.13,5794.0,52.06,126.84,,109.052,0.9622
4601,2017-08-22,93.545,103.75,135.72,1289.9,92.7,2.215,1.0114,112.09,,11.35,47.83,156.91,2452.75,3455.0,155.59,16.962,19383.84,5878.5,51.3,126.56,,109.731,0.9685
4602,2017-08-23,93.147,103.98,129.98,1298.58,98.96,2.171,0.9961,112.34,,12.25,48.41,157.36,2441.5,3438.0,156.5,17.032,19434.64,5848.0,52.08,126.92,,108.921,0.965
4603,2017-08-24,93.277,103.85,129.95,1295.14,100.26,2.194,1.0216,112.17,,12.23,47.43,157.03,2440.75,3445.0,156.09,16.952,19353.77,5840.5,52.49,126.69,,109.514,0.9652
4604,2017-08-25,92.74,103.97,130.16,1298.65,95.53,2.169,1.0189,112.45,,11.28,47.87,157.74,2442.5,3440.0,156.53,17.038,19452.61,5825.0,50.56,126.88,,109.355,0.9568
4605,2017-08-28,92.207,104.03,128.32,1292.4,96.42,2.159,1.0291,112.51,,11.32,46.57,159.86,2443.75,3422.0,156.75,17.431,19449.9,5844.75,48.86,127.0,,108.737,0.9524
4606,2017-08-29,92.249,104.14,131.48,1291.41,98.79,2.136,1.0292,112.51,,11.7,46.44,160.3,2447.0,3387.0,156.94,17.422,19362.55,5869.75,51.4,127.19,,109.79,0.9557
4607,2017-08-30,92.884,104.09,130.53,1296.41,98.9,2.143,1.0241,112.63,,11.22,45.96,159.71,2455.75,3404.0,156.91,17.404,19506.54,5935.0,51.56,127.08,,110.46,0.9637
4608,2017-08-31,92.668,104.22,134.0,1302.5699,94.86,2.122,0.9961,112.77,,10.59,47.23,160.7,2470.0,3424.0,157.38,17.48,19646.24,5990.75,51.13,127.25,,110.129,0.9594
4609,2017-09-01,92.814,104.0,134.85,1305.73,93.6,2.157,1.0138,112.31,,10.13,47.29,161.69,2474.25,3444.0,156.47,17.719,19691.47,5988.25,49.44,126.95,,110.265,0.9647
4610,2017-09-04,92.635,,,,,2.166,1.019,,,,,,,3431.0,155.36,17.914,19508.25,,,126.78,,109.78,0.9588
4611,2017-09-05,92.252,104.54,133.48,1303.27,102.66,2.07,1.0292,112.71,,12.23,48.66,163.41,2459.75,3421.0,158.28,17.845,19385.81,5939.25,53.32,127.67,,108.602,0.9534
4612,2017-09-06,92.29,104.32,136.48,1306.99,99.61,2.106,1.0623,112.46,,11.63,49.16,162.74,2465.5,3435.0,157.62,17.816,19357.97,5955.0,52.92,127.34,,109.134,0.9556
4613,2017-09-07,91.663,104.61,135.39,1316.0601,96.29,2.061,1.0445,112.83,,11.55,49.09,164.11,2466.5,3449.0,158.66,18.016,19396.52,5970.0,54.01,127.77,,108.27,0.9495
4614,2017-09-08,91.352,104.61,130.57,1318.35,100.12,2.061,1.0418,112.68,,12.12,47.48,164.22,2461.0,3447.0,158.56,18.027,19274.82,5924.5,,127.75,,107.845,0.9445
4615,2017-09-11,91.899,104.25,136.96,1326.92,93.66,2.125,1.047,112.38,,10.73,48.07,162.34,2485.75,3492.0,157.28,17.807,19545.77,5990.75,51.88,127.25,,109.395,0.9562
4616,2017-09-12,91.882,104.03,139.6,1312.73,92.39,2.171,1.0394,112.15,,10.58,48.23,161.97,2494.25,3512.0,156.53,17.795,19776.62,6004.5,51.65,126.91,,110.226,0.9598
4617,2017-09-13,92.52,103.9,142.74,1308.35,90.89,2.195,1.0394,112.08,,10.5,49.3,161.4,2494.75,3527.0,156.09,17.772,19865.82,6009.0,51.37,126.72,,110.515,0.9637
4618,2017-09-14,92.124,103.9,142.74,1316.36,92.09,2.199,1.0546,112.09,,10.44,49.89,161.56,2494.25,3530.0,156.25,17.698,19807.44,5970.75,50.73,126.69,,109.919,0.9614
4619,2017-09-15,91.872,103.87,144.54,1319.48,90.63,2.202,1.0393,112.23,,10.17,49.89,161.06,2497.25,3525.0,156.31,17.611,19909.5,5995.25,50.63,126.59,,110.845,0.9599
4620,2017-09-18,92.047,103.72,143.65,1334.7,90.46,2.229,1.027,112.17,,10.15,49.91,159.31,2502.75,3515.0,155.62,17.071,,5986.75,50.16,126.38,,111.496,0.9614
4621,2017-09-19,91.793,103.67,142.64,1327.0699,91.22,2.243,1.044,112.12,,10.18,49.9,159.29,2504.75,3516.0,155.41,17.195,20299.38,5997.0,49.86,126.28,,111.578,0.9625
4622,2017-09-20,92.508,103.5,138.94,1324.53,90.91,2.276,1.047,112.02,,9.78,50.69,159.99,2505.25,3510.0,155.34,17.251,20310.46,5978.5,49.15,126.34,,112.546,0.9715
4623,2017-09-21,92.187,103.53,137.87,1318.64,92.32,2.278,1.0521,112.0,,9.67,50.55,157.37,2501.0,3530.0,153.88,16.937,20347.48,5945.25,48.31,125.62,,112.452,0.9702
4624,2017-09-22,92.171,103.61,137.5,1312.6801,93.29,2.262,1.0214,112.16,,9.59,50.66,157.7,2499.5,3528.0,154.09,16.903,20296.45,5935.75,50.52,125.73,,111.985,0.9693
4625,2017-09-25,92.648,103.86,135.07,1317.05,96.4,2.22,1.0522,112.42,,10.21,52.22,159.4,2497.0,3527.0,154.91,17.059,20397.58,5876.5,51.11,126.06,,111.761,0.9663
4626,2017-09-26,92.966,103.8,134.25,1316.88,94.81,2.229,1.07,112.42,,10.17,51.88,158.21,2495.5,3520.0,154.78,16.804,20330.19,5892.5,50.64,126.0,,112.377,0.9693
4627,2017-09-27,93.361,103.34,129.49,1307.12,95.36,2.309,1.07,112.03,,9.87,52.14,156.52,2504.5,3546.0,152.94,16.748,20267.05,5941.0,52.08,125.44,,112.86,0.9718
4628,2017-09-28,93.085,103.38,132.99,1311.67,94.1,2.307,1.0648,112.125,,9.55,51.56,156.63,2507.75,3550.0,152.78,16.773,20363.11,5938.5,51.86,125.55,,112.467,0.9706
4629,2017-09-29,93.076,103.33,137.75,1314.89,93.14,2.328,1.0596,112.23,,9.51,51.67,156.15,2516.0,3576.0,152.81,16.607,20356.28,5982.5,52.88,125.31,,112.49,0.9682
4630,2017-10-02,93.559,103.29,138.02,1311.76,92.48,2.337,1.042,111.88,,9.45,50.58,155.06,2526.25,3588.0,152.69,16.585,20400.78,5980.5,54.46,125.25,,112.77,0.9744
4631,2017-10-03,93.569,103.3,137.15,1311.24,91.59,2.332,1.0674,112.08,,9.51,50.42,154.91,2532.75,3596.0,152.62,16.581,20614.07,5998.0,54.6,125.33,,112.848,0.9731
4632,2017-10-04,93.458,103.29,144.19,1315.75,92.12,2.33,1.0725,112.14,,9.63,49.98,155.18,2536.25,3583.0,152.56,16.563,20626.66,6004.0,54.49,125.33,,112.823,0.9752
4633,2017-10-05,93.961,103.18,140.33,1319.0601,91.79,2.35,1.0699,112.0,,9.19,50.79,154.74,2550.0,3602.0,152.25,16.582,20628.56,6065.75,55.58,125.16,,112.774,0.9782
4634,2017-10-06,93.8,103.09,140.35,1315.27,97.09,2.368,1.07,111.77,,9.65,49.29,154.95,2545.0,3592.0,151.91,16.734,20690.71,6064.25,54.98,125.03,,112.645,0.9781
4635,2017-10-09,93.724,103.09,139.83,1317.95,101.83,,,111.95,,10.33,49.58,156.18,2543.75,3600.0,152.09,16.916,,6064.5,,125.09,,112.658,0.9795
4636,2017-10-10,93.29,103.26,139.24,1322.88,97.33,2.345,1.0878,112.005,,10.08,50.92,157.25,2548.5,3588.0,152.5,17.155,20823.51,6065.25,53.89,125.27,,112.345,0.9746
4637,2017-10-11,93.015,103.25,138.74,1326.9301,99.22,2.345,1.0929,112.02,,9.85,51.3,156.65,2553.0,3599.0,152.56,17.081,20881.27,6082.5,52.69,125.23,,112.434,0.9731
4638,2017-10-12,93.057,103.37,136.36,1333.36,97.77,2.323,1.0699,112.13,,9.91,50.6,157.57,2549.5,3598.0,153.09,17.211,20954.72,6074.75,51.82,125.39,,112.239,0.9748
4639,2017-10-13,93.091,103.6,138.28,1336.25,97.8,2.28,1.0724,112.44,,9.61,51.45,158.56,2552.75,3600.0,154.0,17.355,21155.18,6099.75,50.85,125.7,,111.855,0.9745
4640,2017-10-16,93.312,103.45,147.53,1330.63,97.65,2.309,1.0749,112.37,,9.91,51.87,158.36,2556.25,3598.0,153.72,17.315,21255.56,6120.25,,125.42,,112.195,0.9753
4641,2017-10-17,93.512,103.51,150.12,1330.52,98.74,2.298,1.1006,112.33,,10.31,51.88,156.32,2557.0,3606.0,154.06,16.987,21336.12,6123.75,49.03,125.44,,112.213,0.9779
4642,2017-10-18,93.363,103.28,147.95,1331.6899,94.34,2.339,1.0929,112.17,,10.07,52.26,155.93,2560.0,3610.0,153.03,16.943,21363.05,6119.25,50.29,125.14,,113.013,0.9811
4643,2017-10-19,93.159,103.4,146.16,1328.08,93.33,2.321,1.1005,112.25,,10.05,51.51,156.78,2560.5,3593.0,153.53,17.201,21448.52,6097.75,51.49,125.27,,112.68,0.9762
4644,2017-10-20,93.701,103.07,148.81,1319.9399,90.53,2.381,1.1157,112.0,,9.97,51.84,155.63,2574.0,3598.0,152.19,17.022,21457.64,6111.0,53.98,124.83,,113.515,0.9843
4645,2017-10-23,93.936,103.13,142.46,1314.33,97.09,2.375,1.0978,112.04,,11.07,51.9,155.68,2563.5,3603.0,152.34,17.024,21696.65,6064.75,54.1,124.92,,113.34,0.9845
4646,2017-10-24,93.772,102.98,142.15,1307.89,98.43,2.406,1.121,111.91,,11.16,52.47,155.36,2567.25,3606.0,151.69,16.907,21805.17,6079.5,55.94,124.73,,113.946,0.9906
4647,2017-10-25,93.711,102.79,138.0,1304.7,100.16,2.444,1.111,111.7,,11.23,52.18,155.45,2558.5,3580.0,150.91,16.868,21707.62,6064.5,57.36,124.45,,113.558,0.9888
4648,2017-10-26,94.612,102.74,135.36,1297.1,97.73,2.452,1.108,111.69,50.1399,11.3,52.64,154.31,2561.5,3633.0,150.72,16.764,21739.78,6084.75,57.35,124.38,,114.124,0.9981
4649,2017-10-27,94.916,102.89,135.7,1300.28,92.78,2.428,1.1,111.96,49.9999,9.8,53.9,154.57,2578.5,3648.0,151.19,16.702,22008.45,6215.25,54.67,124.59,,113.685,0.9977
4650,2017-10-30,94.502,103.22,132.54,1299.65,95.19,2.37,1.103,112.23,50.15,10.5,54.15,155.29,2568.25,3653.0,152.38,16.802,22011.67,6224.25,51.69,125.02,,113.739,0.998
4651,2017-10-31,94.552,103.2,131.81,1301.79,92.01,2.376,1.154,111.99,50.18,10.18,54.38,154.41,2572.75,3678.0,152.47,16.645,22011.61,6249.75,51.15,124.94,,112.996,0.9947
4652,2017-11-01,94.761,103.21,129.05,1305.49,92.0,2.376,1.167,111.85,50.166,10.2,54.3,155.24,2574.75,3695.0,152.75,17.132,22420.08,6240.75,49.94,124.91,,113.65,0.9976
4653,2017-11-02,94.685,103.38,128.97,1314.89,91.48,2.349,1.167,111.86,50.13,9.93,54.54,155.34,2576.75,3685.0,153.47,17.094,22539.12,6235.75,48.73,125.14,,114.152,1.0024
4654,2017-11-03,94.941,103.4,130.34,1312.22,89.68,2.343,1.177,111.97,50.2036,9.14,55.64,154.26,2582.75,3684.0,153.66,16.794,,6290.5,45.83,125.16,,114.016,0.9993
4655,2017-11-06,94.757,103.55,130.52,1317.71,91.25,2.32,1.1975,112.05,50.16,9.4,57.35,155.76,2588.75,3679.0,154.22,17.195,22548.35,6313.5,45.05,125.36,,114.178,1.0002
4656,2017-11-07,94.91,103.64,129.15,1326.9,93.45,2.307,1.2153,111.93,50.17,9.89,57.2,155.06,2586.75,3656.0,154.69,16.905,22937.6,6316.0,44.2,125.42,,113.771,0.9977
4657,2017-11-08,94.866,103.55,131.5,1333.4301,97.74,2.325,1.2306,111.93,49.93,9.78,56.81,156.02,2591.0,3648.0,154.34,17.106,22913.82,6341.5,43.97,125.25,,113.761,0.9982
4658,2017-11-09,94.444,103.48,128.95,1335.13,98.82,2.331,1.233,111.73,49.93,10.5,57.17,156.48,2584.0,3613.0,153.88,16.943,22868.71,6314.5,44.99,125.19,,113.927,0.9998
4659,2017-11-10,94.391,103.09,130.56,1336.04,104.76,2.4,1.23,111.23,,11.29,56.74,154.87,2579.5,3587.0,152.31,16.844,22681.42,6309.25,47.29,124.7,,113.375,0.9939
4660,2017-11-13,94.49,103.08,129.75,1339.38,106.3,2.4,1.215,111.22,49.7199,11.5,56.76,155.45,2582.0,3573.0,152.41,17.023,22380.99,6312.0,46.39,124.62,,113.686,0.9964
4661,2017-11-14,93.827,103.2,130.15,1337.8101,103.18,2.381,1.271,111.29,49.5218,11.59,55.7,155.93,2578.0,3552.0,152.88,17.052,22380.01,6293.5,47.77,124.73,,113.585,0.9963
4662,2017-11-15,93.813,103.46,135.21,1326.85,106.27,2.335,1.2535,111.56,,13.13,55.33,155.3,2565.0,3546.0,154.0,16.95,22028.32,6266.25,48.0,125.05,,113.402,0.9895
4663,2017-11-16,93.932,103.31,136.3,1337.13,100.15,2.361,1.261,111.41,49.81,11.76,55.14,155.36,2585.0,3560.0,153.56,17.056,22351.12,6341.0,47.74,124.86,,113.402,0.9895
4664,2017-11-17,93.662,103.35,137.19,1334.49,97.12,2.354,1.271,111.64,49.88,11.43,56.71,157.58,2576.25,3544.0,153.78,17.358,22396.8,6313.25,49.09,124.91,,113.028,0.9935
4665,2017-11-20,94.08,103.27,135.83,1331.4399,93.76,2.372,1.2791,111.62,49.87,10.65,56.42,155.01,2582.0,3559.0,153.66,16.827,22261.76,6316.0,48.1,124.69,,112.038,0.9896
4666,2017-11-21,93.952,103.32,133.56,1338.87,89.27,2.363,1.31,111.78,,9.73,56.83,155.8,2596.25,3576.0,154.09,16.949,22416.48,6379.5,48.09,124.69,,112.551,0.9931
4667,2017-11-22,93.22,103.55,132.52,1337.15,86.42,2.322,1.2892,112.14,,9.88,58.02,157.08,2594.5,3560.0,154.5,17.101,22523.15,6389.5,46.88,125.11,,112.341,0.9906
4668,2017-11-23,93.22,,,,,2.321,1.292,,,,,,,3566.0,154.64,17.096,,,,125.09,,111.313,0.9821
4669,2017-11-24,92.782,103.45,130.98,1341.53,86.32,2.34,1.2763,112.03,,9.67,58.95,156.48,2601.0,3579.0,154.25,16.981,22550.85,6413.5,46.16,124.97,,111.259,0.9816
4670,2017-11-27,92.904,103.51,130.18,1337.29,86.58,2.328,1.256,112.03,49.99,9.87,58.11,157.34,2601.75,3562.0,154.34,17.009,22495.99,6413.25,45.29,125.12,,111.649,0.9803
4671,2017-11-28,93.27,103.47,124.08,1332.33,85.73,2.337,1.2969,112.06,,10.03,57.99,157.37,2626.0,3582.0,154.28,16.811,22486.24,6420.25,44.93,124.97,,111.17,0.9813
4672,2017-11-29,93.164,103.25,126.28,1332.8199,89.57,2.376,1.302,111.79,,10.7,57.3,155.8,2625.0,3587.0,153.31,16.457,22597.2,6305.5,45.54,124.72,,111.648,0.9841
4673,2017-11-30,93.047,103.06,128.9,1335.35,89.94,2.417,1.2688,111.62,,11.28,57.4,154.65,2648.0,3573.0,152.84,16.382,22724.96,6369.0,46.83,124.31,,112.002,0.9844
4674,2017-12-01,92.892,103.4,128.83,1336.92,95.03,2.362,1.2712,111.82,50.05,11.43,58.36,155.32,2644.0,3523.0,154.38,16.297,22819.03,6346.25,50.17,124.67,,112.556,0.9838
4675,2017-12-04,93.188,103.29,132.14,1331.99,97.57,2.379,1.2814,111.72,50.1,11.68,57.47,154.77,2638.25,3570.0,154.12,16.284,22707.16,6265.25,48.76,124.5,,112.864,0.982
4676,2017-12-05,93.379,103.41,132.07,1324.77,97.95,2.356,1.3071,112.0,,11.33,57.62,153.22,2628.25,3573.0,154.81,15.973,22622.38,6271.75,49.24,124.59,,112.499,0.9846
4677,2017-12-06,93.61,103.5534,130.98,1324.09,98.17,2.33,1.2918,112.11,50.06,11.02,55.96,153.36,2629.25,3559.0,155.16,15.868,22177.04,6293.0,49.32,124.83,,112.464,0.9874
4678,2017-12-07,93.795,103.2959,130.84,1326.92,95.83,2.376,1.2841,111.96,49.798,10.16,56.69,151.79,2639.5,3572.0,154.0,15.715,22498.03,6323.0,49.24,124.52,,112.322,0.9892
4679,2017-12-08,93.901,103.3086,132.54,1333.16,91.89,2.383,1.2814,111.93,49.88,9.58,57.36,151.22,2654.0,3594.0,154.0,15.736,22811.08,6358.5,47.49,124.52,,113.173,0.9947
4680,2017-12-11,93.866,103.3,133.98,1311.5,92.06,2.385,1.3123,111.85,49.89,9.34,57.99,151.04,2664.5,3581.0,154.16,15.697,22938.73,6416.0,46.57,124.5,,113.543,0.9929
4681,2017-12-12,94.101,103.2317,133.02,1317.09,93.27,2.403,1.3378,111.84,49.889,9.92,57.14,150.41,2667.75,3596.0,153.78,15.582,22866.17,6403.0,46.75,124.36,,113.54,0.9914
4682,2017-12-13,93.429,103.5625,134.71,1318.1801,95.56,2.349,1.2969,112.28,49.96,10.18,56.6,151.24,2669.0,3584.0,154.81,15.784,22758.07,6417.25,45.03,124.83,,113.527,0.9914
4683,2017-12-14,93.489,103.6014,134.03,1318.91,96.07,2.346,1.3198,112.33,49.82,10.49,57.04,152.27,2656.0,3562.0,155.22,15.85,22694.45,6409.0,44.84,124.78,,112.782,0.9855
4684,2017-12-15,93.932,103.5855,135.73,1325.04,92.2,2.355,1.3146,112.43,49.87,9.42,57.3,152.32,2682.0,3549.0,155.38,15.978,22553.22,6498.5,46.43,124.64,,112.396,0.9887
4685,2017-12-18,93.695,103.3823,132.72,1333.79,90.64,2.392,1.3477,112.2,49.95,9.53,57.22,153.29,2694.5,3598.0,154.28,16.12,22901.77,6535.25,46.73,124.45,,112.716,0.991
4686,2017-12-19,93.441,102.9795,130.69,1311.83,93.58,2.463,1.3786,111.75,49.855,10.03,57.56,153.13,2684.0,3572.0,153.0,16.066,22868.0,6500.75,48.96,123.88,,112.568,0.9855
4687,2017-12-20,93.313,102.7581,133.15,1299.65,92.86,2.497,1.376,111.41,49.8,9.72,58.09,153.79,2681.5,3539.0,150.56,16.188,22891.72,6489.0,49.95,123.45,,112.983,0.9854
4688,2017-12-21,93.278,102.8961,132.63,1295.37,92.21,2.483,1.3504,111.39,49.8,9.62,58.36,153.91,2687.75,3559.0,151.19,16.152,22866.1,6492.25,51.6,123.52,,113.241,0.9862
4689,2017-12-22,93.347,102.8477,134.4,1301.0601,94.9,2.485,1.3477,111.44,49.82,9.9,58.47,154.9,2686.0,3541.0,151.0,16.357,22902.76,6483.75,50.38,123.47,,113.323,0.9885
4690,2017-12-25,93.347,,,,,,,,,,,,,,150.78,16.39,22939.18,,,123.45,,113.308,0.9891
4691,2017-12-26,93.257,102.9995,135.6,1307.3199,97.56,2.467,1.3374,111.56,49.837,10.25,59.97,155.95,2687.0,,151.62,16.52,22892.69,6460.0,48.82,123.62,,113.303,0.9889
4692,2017-12-27,93.022,103.3283,138.43,1313.28,97.08,2.412,1.4424,112.04,,10.47,59.64,156.43,2685.5,3541.0,152.94,16.619,22911.21,6454.0,47.73,123.98,,113.203,0.9897
4693,2017-12-28,92.602,103.2437,137.82,1318.2,97.25,2.432,1.381,112.0,,10.18,59.84,157.13,2685.75,3508.0,152.72,16.832,22783.98,6446.25,46.19,123.84,,113.217,0.9858
4694,2017-12-29,92.124,103.3828,137.05,1317.25,100.76,2.405,1.3936,112.03,49.8578,11.04,60.42,158.59,2676.0,3493.0,153.0,17.06,22764.94,6408.75,46.6,124.05,,112.875,0.9787
4695,2018-01-01,92.195,,,,,,,,,,,,,,152.88,17.07,,,,124.0,,112.67,0.9737
4696,2018-01-02,91.872,103.0517,135.37,1314.38,97.36,2.465,1.411,111.69,49.93,9.77,60.37,159.42,2693.0,3473.0,151.75,17.121,,6514.75,49.17,123.69,,112.77,0.9747
4697,2018-01-03,92.162,103.1515,133.43,1312.8101,94.4,2.445,1.404,111.78,50.02,9.15,61.63,159.71,2711.0,3501.0,152.31,17.185,,6584.5,47.6,123.78,,112.244,0.9715
4698,2018-01-04,91.853,103.0979,131.24,1294.09,94.21,2.453,1.404,111.84,50.26,9.22,62.01,160.08,2723.75,3556.0,152.31,17.189,23506.33,6603.5,47.38,123.67,,112.607,0.9771
4699,2018-01-05,91.949,102.9736,127.03,1296.65,93.1,2.476,1.404,111.73,50.3,9.22,61.44,160.17,2742.5,3594.0,151.81,17.205,23714.53,6667.75,46.07,123.52,,112.783,0.9744
4700,2018-01-08,92.358,102.9732,128.0,1302.4,93.97,2.482,1.414,111.73,50.3019,9.52,61.73,159.94,2746.75,3606.0,151.72,17.064,,6688.0,45.9,123.48,,113.154,0.9751
4701,2018-01-09,92.528,102.639,126.37,1289.78,94.74,2.546,1.45,111.34,50.2,10.08,62.96,159.13,2752.25,3612.0,150.22,16.936,23849.99,6687.0,47.29,123.05,,113.141,0.9774
4702,2018-01-10,92.332,102.6158,129.12,1275.42,93.7,2.549,1.424,111.38,50.0852,9.82,63.57,159.81,2750.5,3595.0,150.06,17.603,23788.2,6677.25,49.17,123.0,,112.755,0.9838
4703,2018-01-11,91.852,102.7429,126.1,1269.86,92.24,2.531,1.4295,111.59,50.15,9.88,63.8,160.19,2769.5,3586.0,150.44,16.894,23710.43,6726.5,48.19,123.12,,111.444,0.9776
4704,2018-01-12,90.974,102.6872,124.95,1264.45,92.22,2.552,1.437,111.69,,10.16,64.3,161.7,2788.75,3598.0,150.5,17.069,23653.82,6775.25,47.61,122.94,,111.294,0.9757
4705,2018-01-15,90.939,,,,,,,,,,,,,3608.0,150.44,17.38,23714.88,,,122.94,,111.1,0.9679
4706,2018-01-16,90.393,102.7499,128.65,1269.55,106.49,2.544,1.4348,111.73,50.25,11.66,63.73,161.97,2782.5,3607.0,150.81,17.122,23951.81,6762.25,45.91,122.98,,110.602,0.9631
4707,2018-01-17,90.541,102.5961,136.19,1277.39,102.63,2.578,1.4475,111.5,50.2,11.91,63.97,162.21,2803.75,3599.0,150.31,17.105,23868.34,6823.75,45.88,122.66,,110.388,0.9591
4708,2018-01-18,90.498,102.426,131.41,1266.13,103.68,2.611,1.4372,111.155,50.12,12.22,63.95,160.76,2796.25,3605.0,149.44,16.893,23763.37,6813.0,48.55,122.45,,111.376,0.965
4709,2018-01-19,90.572,102.2841,132.28,1270.72,101.59,2.639,1.4574,110.87,50.08,11.27,63.31,161.48,2811.0,3639.0,149.0,16.975,23808.06,6845.75,,122.28,,111.026,0.9588
4710,2018-01-22,90.401,102.1823,127.18,1271.34,99.68,2.665,1.4323,110.83,50.2,11.03,63.57,161.35,2835.25,3654.0,148.69,16.931,23816.33,6931.0,52.6,122.09,,110.684,0.9614
4711,2018-01-23,90.124,102.3825,122.95,1287.01,98.59,2.622,1.4501,111.15,50.209,11.1,64.47,161.93,2839.5,3659.0,149.22,17.532,24124.15,6965.75,52.55,122.42,,110.966,0.9621
4712,2018-01-24,89.206,102.2013,120.2,1284.62,99.77,2.654,1.4398,111.01,50.2382,11.47,65.61,164.31,2841.0,3641.0,148.47,17.425,23940.78,6931.25,54.11,122.2,,110.107,0.9566
4713,2018-01-25,89.391,102.4334,121.87,1292.35,101.78,2.621,1.427,111.36,,11.58,65.51,165.1,2841.25,3617.0,149.41,18.244,23669.49,6931.5,53.38,122.44,,109.326,0.9463
4714,2018-01-26,89.067,102.1968,117.99,1280.16,98.65,2.662,1.4268,111.28,,11.08,66.14,163.8,2874.5,3638.0,148.75,17.382,23631.88,7030.25,55.63,122.06,,109.704,0.9418
4715,2018-01-29,89.308,102.0483,118.8,1264.67,110.01,2.697,1.4348,111.02,50.17,13.84,65.56,162.34,2853.5,3634.0,148.12,17.068,23629.34,6992.5,55.98,121.81,,108.639,0.9337
4716,2018-01-30,89.16,101.9056,122.85,1256.04,113.48,2.725,1.4577,110.74,50.05,14.79,64.5,161.72,2824.5,3603.0,147.38,17.013,23291.97,6941.5,57.28,121.64,,108.926,0.9372
4717,2018-01-31,89.133,101.9664,121.23,1276.74,108.41,2.72,1.4602,110.99,50.12,13.54,64.73,162.1,2825.75,3600.0,147.81,17.204,23098.29,6962.5,57.2,121.58,,108.732,0.9346
4718,2018-02-01,88.671,101.6707,120.59,1252.65,105.77,2.773,1.4934,110.23,49.7852,13.47,65.8,162.68,2822.5,3567.0,146.56,17.118,23486.11,6898.5,57.83,121.22,,109.201,0.931
4719,2018-02-02,89.195,101.2776,126.45,1240.52,125.51,2.852,1.4881,109.85,49.6067,17.31,65.45,161.4,2756.75,3521.0,144.78,16.676,23274.53,6755.75,60.33,120.73,,109.406,0.926
4720,2018-02-05,89.554,101.6102,117.33,1206.89,177.34,2.794,1.5089,110.18,49.18,37.32,64.15,161.3,2607.75,3477.0,145.69,16.639,22682.08,6429.25,60.41,121.27,,110.035,0.9311
4721,2018-02-06,89.585,101.7185,129.61,1199.51,161.12,2.766,1.5267,109.88,49.33,29.98,63.39,160.46,2694.25,3391.0,146.03,16.548,21610.24,6653.75,,121.48,,109.095,0.9312
4722,2018-02-07,90.255,101.3275,136.9,1198.24,159.03,2.843,1.5471,109.57,49.46,27.73,61.79,158.66,2668.25,3452.0,144.62,16.206,21645.37,6555.75,66.07,121.0,,109.627,0.9361
4723,2018-02-08,90.229,101.2598,130.92,1170.3199,180.61,2.849,1.5495,109.3,,33.46,61.15,159.19,2593.5,3358.0,144.09,16.314,21890.86,6317.25,67.85,120.89,,109.196,0.9427
4724,2018-02-09,90.442,101.4039,128.51,1190.25,167.28,2.829,1.5749,109.05,48.74,29.06,59.2,158.79,2619.0,3307.0,144.16,16.116,21382.62,6417.75,,121.17,,108.529,0.9351
4725,2018-02-12,90.208,101.3072,148.02,1191.8,140.8,2.857,1.5906,109.14,48.74,25.61,59.29,160.08,2655.25,3372.0,144.41,16.548,,6531.75,69.86,120.89,,108.786,0.9395
4726,2018-02-13,89.703,101.3452,143.07,1197.87,136.58,2.84,1.5957,108.97,48.94,24.97,59.19,160.57,2661.75,3341.0,144.56,16.507,21244.68,6560.5,68.97,121.0,,108.69,0.9385
4727,2018-02-14,89.121,100.9339,127.84,1192.24,124.49,2.913,1.5879,108.67,48.9561,19.26,60.6,163.9,2697.0,3376.0,143.38,16.858,21154.17,6687.0,69.52,120.33,,107.764,0.9352
4728,2018-02-15,88.593,101.0592,131.67,1202.92,122.76,2.893,1.6057,108.94,49.2964,19.13,61.34,163.57,2734.0,3385.0,144.0,16.777,21464.98,6816.0,66.68,120.45,,106.587,0.9275
4729,2018-02-16,89.1,101.1289,137.8,1211.6801,121.2,2.877,1.6004,109.17,,19.46,61.55,163.68,2735.0,3426.0,144.22,16.695,21720.25,6786.75,63.03,120.58,,106.111,0.922
4730,2018-02-19,89.1,,,,,,,,,,,,,3404.0,144.06,16.61,22149.21,,,120.44,,106.261,0.9272
4731,2018-02-20,89.716,101.0367,131.63,1199.88,122.58,2.893,1.6028,108.86,49.37,20.6,61.79,160.66,2714.0,3435.0,143.88,16.425,21925.1,6790.5,60.26,120.48,,106.709,0.9294
4732,2018-02-21,90.0,100.7618,130.03,1181.16,125.73,2.941,1.6467,108.49,49.4195,20.02,61.68,160.77,2698.75,3427.0,142.69,16.604,21970.81,6760.5,61.16,120.2,,107.381,0.9364
4733,2018-02-22,89.736,100.9044,134.31,1189.66,116.98,2.919,1.6364,108.68,,18.72,62.77,160.84,2711.5,3438.0,143.12,16.579,21736.44,6788.75,61.14,120.42,,107.555,0.9387
4734,2018-02-23,89.883,101.1504,139.2,1206.83,110.19,2.871,1.6413,109.02,49.4372,16.49,63.55,160.55,2748.75,3438.0,144.06,16.476,21892.78,6909.75,64.6,120.73,,106.814,0.9331
4735,2018-02-26,89.853,101.2206,131.72,1210.25,107.68,2.859,1.6647,109.07,,15.8,63.91,160.86,2784.5,3466.0,144.22,16.542,22153.63,7000.0,63.72,120.83,,107.063,0.9371
4736,2018-02-27,90.355,100.9892,132.27,1185.55,119.5,2.908,1.6723,108.74,49.5099,18.59,63.01,159.14,2747.5,3452.0,143.56,16.346,22389.86,6915.75,63.93,120.39,,107.069,0.9386
4737,2018-02-28,90.613,101.2016,138.95,1183.72,121.7,2.87,1.6646,108.87,49.5099,19.85,61.64,159.06,2714.5,3438.0,144.44,16.324,22068.24,6865.0,62.97,120.66,,107.426,0.9394
4738,2018-03-01,90.324,101.5536,136.54,1184.37,128.14,2.804,1.6262,108.67,49.1,22.47,60.99,157.52,2678.25,3391.0,145.34,16.2,21724.47,6760.75,63.66,121.2,,106.64,0.9443
4739,2018-03-02,89.935,101.2906,127.48,1194.08,114.78,2.857,1.6592,108.45,48.98,19.59,61.25,159.72,2690.25,3324.0,144.44,16.392,21181.64,6804.75,65.3,120.8,,106.163,0.9415
4740,2018-03-05,90.08,101.1906,130.12,1194.38,109.66,2.881,1.6775,108.37,49.1105,18.73,62.57,159.3,2718.5,3359.0,144.12,16.979,21042.09,6877.5,64.71,120.66,,105.556,0.9371
4741,2018-03-06,89.618,101.2382,128.41,1198.51,104.61,2.877,1.6774,108.56,49.12,18.36,62.6,161.14,2724.0,3357.0,144.41,16.715,21417.76,6907.75,63.5,120.67,,106.25,0.9397
4742,2018-03-07,89.637,101.1816,128.17,1215.28,99.49,2.883,1.6825,108.49,49.08,17.76,61.15,160.23,2723.25,3377.0,144.12,16.428,21252.72,6924.5,63.35,120.64,,105.537,0.9382
4743,2018-03-08,90.179,101.2851,129.62,1217.99,96.92,2.866,1.6722,108.62,,16.54,60.12,159.52,2739.25,3415.0,144.59,16.436,21368.07,6974.25,61.58,120.8,,106.186,0.9434
4744,2018-03-09,90.093,101.1676,127.79,1222.63,99.71,2.894,1.6745,108.27,49.14,14.64,62.04,159.8,2788.75,3416.0,144.16,17.187,21469.2,7124.25,58.97,120.66,,106.406,0.9514
4745,2018-03-12,89.895,101.3194,141.98,1227.4399,104.94,2.87,1.6775,108.43,49.21,15.78,61.36,159.41,2789.0,3430.0,144.75,16.471,21824.03,7165.75,58.29,120.84,,106.891,0.9508
4746,2018-03-13,89.664,101.4396,140.43,1227.21,107.04,2.848,1.7183,108.4,49.09,16.35,60.71,160.17,2772.75,3390.0,145.16,17.206,21968.1,7083.25,55.07,120.92,,106.263,0.9472
4747,2018-03-14,89.704,101.6459,141.66,1228.53,110.29,2.821,1.7541,108.63,,17.23,60.96,159.98,2754.0,3392.0,145.88,17.112,21777.29,7058.0,57.85,121.14,,106.508,0.9433
4748,2018-03-15,90.139,101.5935,146.55,1226.99,109.28,2.819,1.777,108.62,49.01,16.59,61.19,159.03,2755.5,3419.0,145.81,16.991,21803.95,7070.5,57.7,121.09,,106.155,0.9444
4749,2018-03-16,90.233,101.4841,147.35,1233.23,106.49,2.848,1.7844,108.6,49.03,15.8,62.34,158.37,2756.0,3430.0,145.47,16.843,21676.51,7044.0,59.01,120.97,,106.309,0.9513
4750,2018-03-19,89.765,101.5183,143.96,1228.75,112.92,2.845,1.7875,108.39,48.92,19.02,62.13,159.01,2722.75,3303.0,145.53,16.255,21480.9,6914.25,59.98,121.0,,105.969,0.9528
4751,2018-03-20,90.371,101.3091,139.52,1224.4,107.13,2.876,1.7976,108.17,48.92,18.2,63.54,158.32,2723.5,3326.0,144.81,16.764,21380.97,6917.5,57.89,120.72,,105.996,0.9509
4752,2018-03-21,89.783,101.2251,133.69,1219.59,106.6,2.894,1.7489,108.02,48.9223,17.86,65.17,159.48,2718.25,3311.0,143.5,16.357,,6884.0,55.72,119.95,,106.469,0.9559
4753,2018-03-22,89.857,101.611,131.52,1212.9301,125.12,2.841,1.7207,108.25,,23.34,64.3,160.19,2643.25,3253.0,144.75,16.328,21591.99,6692.0,55.93,120.52,,105.929,0.9486
4754,2018-03-23,89.484,101.6515,130.79,1193.97,129.82,2.843,1.7384,108.14,48.5609,24.87,65.88,162.9,2597.75,3214.0,144.72,17.169,20617.86,6554.25,56.17,120.61,,104.968,0.9464
4755,2018-03-26,89.027,101.6086,128.96,1203.33,113.08,2.837,1.7485,108.23,48.91,21.03,65.55,163.52,2659.5,3184.0,144.72,17.274,20766.1,6773.5,54.55,120.47,,105.5,0.9448
4756,2018-03-27,89.329,101.8969,128.65,1207.08,118.61,2.803,1.7695,108.56,48.941,22.5,65.25,161.96,2615.75,3229.0,145.62,16.489,21317.32,6561.25,56.27,120.91,,105.493,0.9465
4757,2018-03-28,90.058,101.9377,128.33,1227.27,114.02,2.781,1.7362,108.72,48.8299,22.87,64.38,159.81,2607.5,3235.0,145.88,16.205,21031.31,6477.25,58.35,120.91,,106.812,0.9566
4758,2018-03-29,90.151,102.1612,119.34,1227.25,103.32,2.741,1.7233,108.97,49.02,19.97,64.94,159.48,2643.0,3281.0,146.62,16.223,21159.08,6594.0,58.54,121.14,,106.479,0.956
4759,2018-03-30,89.974,,,,,2.741,1.713,,,,,,,,,,21454.3,,,,,106.275,0.9541
4760,2018-04-02,90.052,102.2407,119.68,1214.35,111.67,2.721,1.744,108.7,48.63,23.62,63.01,161.84,2575.0,,146.75,17.245,21388.58,6393.25,58.66,121.27,,105.799,0.955
4761,2018-04-03,90.2,101.9375,118.38,1222.4,102.06,2.783,1.749,108.56,48.64,21.1,63.51,160.68,2613.25,3264.0,145.88,16.347,21292.29,6469.25,56.02,120.84,,106.436,0.9584
4762,2018-04-04,90.142,101.9025,119.23,1232.49,95.44,2.779,1.7106,108.46,48.805,20.06,63.37,161.03,2647.0,3253.0,145.72,16.811,21319.55,6582.5,55.35,120.83,,106.774,0.9601
4763,2018-04-05,90.46,101.6792,121.51,1231.08,92.21,2.819,1.7131,108.48,48.8598,18.94,63.54,159.63,2661.75,3348.0,144.91,16.32,21645.42,6600.25,53.72,120.56,,107.052,0.9619
4764,2018-04-06,90.108,102.0104,122.39,1224.58,98.6,2.775,1.7154,108.8,48.7048,21.49,62.06,160.54,2605.75,3322.0,146.03,16.91,21567.52,6454.75,56.07,121.02,,106.93,0.9593
4765,2018-04-09,89.838,101.9908,119.9,1223.22,100.24,2.786,1.715,108.93,,21.77,63.42,161.02,2619.0,3333.0,146.06,17.061,21678.26,6497.0,52.51,120.91,,106.749,0.9561
4766,2018-04-10,89.587,101.9381,121.25,1226.53,98.21,2.797,1.7311,108.81,49.07,20.47,65.51,161.72,2655.0,3360.0,145.94,16.566,21794.32,6624.25,51.43,120.77,,107.113,0.9563
4767,2018-04-11,89.568,101.9857,122.27,1225.52,100.02,2.79,1.7285,108.98,49.0605,20.24,66.82,163.41,2641.0,3340.0,146.12,16.738,21687.1,6592.75,50.5,120.84,,106.829,0.9574
4768,2018-04-12,89.751,101.7392,122.29,1215.11,98.08,2.834,1.7514,108.79,,18.49,67.07,161.24,2664.0,3365.0,145.38,16.443,21660.28,6670.75,51.49,120.47,,107.259,0.9623
4769,2018-04-13,89.8,101.749,126.0,1220.95,93.94,2.828,1.7588,108.83,49.26,17.41,67.39,161.96,2657.25,3369.0,145.41,16.628,21778.74,6640.75,51.14,120.48,,107.345,0.9624
4770,2018-04-16,89.425,101.7631,131.47,1226.12,93.22,2.832,1.767,108.73,49.3041,16.56,66.22,162.29,2681.75,3364.0,145.47,16.662,21835.53,6712.0,49.74,120.47,,107.046,0.9594
4771,2018-04-17,89.516,101.8785,130.57,1238.4301,89.59,2.814,1.792,108.81,49.43,15.25,66.52,162.15,2706.5,3407.0,146.03,16.772,21847.59,6828.75,48.34,120.56,,107.016,0.9664
4772,2018-04-18,89.623,101.5845,146.26,1237.14,92.41,2.867,1.8231,108.44,49.3853,15.6,68.47,162.63,2709.75,3418.0,144.94,17.761,22158.2,6843.5,50.0,120.14,,107.346,0.9685
4773,2018-04-19,89.94,101.3164,138.2,1222.53,95.38,2.914,1.8205,108.1,49.27,15.96,68.33,162.07,2693.0,3412.0,143.78,17.222,22191.18,6780.0,51.1,119.83,,107.432,0.9715
4774,2018-04-20,90.316,101.1281,133.07,1213.0699,99.21,2.951,1.8074,107.7677,49.1303,16.88,68.4,160.8,2671.5,3419.0,143.09,17.666,22162.24,6676.25,52.71,119.55,,107.665,0.9746
4775,2018-04-23,90.946,101.0619,126.48,1209.0601,96.87,2.973,1.8489,107.59,49.0,16.34,68.64,159.09,2671.25,3440.0,142.97,17.117,22088.04,6667.0,52.79,119.33,,108.761,0.9782
4776,2018-04-24,90.766,101.0094,126.5,1213.4399,100.81,2.983,1.8616,107.47,49.06,18.02,67.7,160.17,2635.25,3435.0,142.53,17.244,22278.12,6526.75,53.0,119.33,,108.803,0.9786
4777,2018-04-25,91.172,100.8216,124.29,1209.85,97.8,3.024,1.8538,107.24,48.765,17.84,68.05,158.94,2644.5,3417.0,141.75,17.045,22215.32,6555.75,55.2,119.08,,109.364,0.9826
4778,2018-04-26,91.561,100.9874,127.08,1223.1899,90.71,2.99,1.8205,107.39,,16.24,68.19,158.35,2674.5,3442.0,142.38,17.036,22319.61,6734.75,53.14,119.31,,109.3,0.989
4779,2018-04-27,91.542,101.1962,128.4,1243.92,92.15,2.957,1.8125,107.6,48.765,15.41,68.1,159.01,2671.5,3455.0,143.25,16.957,22467.87,6669.75,51.27,119.5,,109.045,0.9879
4780,2018-04-30,91.841,101.3366,130.77,1242.89,94.3,2.936,1.8099,107.61,48.765,15.93,68.57,158.51,2647.0,3474.0,143.84,16.312,,6613.0,50.35,119.62,,109.323,0.9905
4781,2018-05-01,92.449,101.1229,128.21,1250.65,89.97,2.976,1.8411,107.06,48.76,15.49,67.25,157.02,2652.25,,143.16,16.039,22508.03,6692.0,51.78,119.38,,109.872,0.9966
4782,2018-05-02,92.512,101.1865,122.42,1244.2,93.79,2.964,1.8206,107.07,48.83,15.97,67.93,156.88,2627.5,3497.0,143.25,16.826,22472.78,6633.5,49.05,119.52,,109.827,0.9993
4783,2018-05-03,92.414,101.2978,126.79,1243.36,91.07,2.946,1.8256,107.06,48.74,15.9,68.43,157.73,2631.75,3472.0,143.56,16.362,,6664.5,49.43,119.69,,109.096,0.9973
4784,2018-05-04,92.566,101.3217,127.37,1251.62,88.12,2.944,1.8458,107.08,48.74,14.77,69.72,157.97,2663.0,3497.0,143.66,16.975,,6774.75,,119.7,,109.125,1.0
4785,2018-05-07,92.749,101.3158,123.04,1257.8101,90.71,2.95,1.835,107.04,48.82,14.75,70.73,157.9,2670.0,3522.0,143.56,16.953,22467.16,6826.0,48.02,119.69,,108.943,1.0019
4786,2018-05-08,93.12,101.2409,125.1,1251.95,89.5,2.968,1.8693,107.02,48.77,14.71,69.06,157.85,2670.25,3511.0,143.38,16.939,22508.69,6820.5,48.82,119.52,,109.024,1.0011
4787,2018-05-09,93.04,101.0667,126.05,1255.37,93.89,3.004,1.8896,106.9,48.75,13.42,71.14,157.77,2696.0,3524.0,142.66,16.458,22408.88,6896.0,49.37,119.27,,109.847,1.0054
4788,2018-05-10,92.65,101.1949,129.35,1264.1899,93.02,2.971,1.8972,107.32,,13.23,71.36,158.88,2718.75,3528.0,143.19,16.68,22497.18,6965.0,47.81,119.39,,109.436,1.003
4789,2018-05-11,92.537,101.2084,129.35,1262.17,90.03,2.971,1.9123,107.44,48.84,12.65,70.7,158.69,2729.5,3530.0,143.12,16.676,22758.48,6960.0,47.06,119.41,,109.395,1.0006
4790,2018-05-14,92.587,101.1353,133.97,1252.47,92.62,2.995,1.9154,107.33,48.86,12.93,70.96,158.37,2731.0,3530.0,142.75,16.57,22865.86,6974.0,48.34,119.25,,109.731,1.0003
4791,2018-05-15,93.219,100.6794,136.76,1230.65,99.18,3.08,1.9179,106.77,48.7192,14.63,71.31,155.0,2709.0,3529.0,141.06,16.724,22818.02,6890.5,52.66,118.61,,110.297,1.0013
4792,2018-05-16,93.392,100.6467,134.45,1224.7,94.79,3.095,1.9024,106.63,48.68,13.42,71.49,155.15,2723.0,3528.0,140.94,16.297,22717.23,6937.25,55.13,118.55,,110.359,1.0004
4793,2018-05-17,93.469,100.5752,134.78,1219.58,93.48,3.109,1.907,106.49,48.7506,13.43,71.49,154.89,2718.75,3552.0,140.44,16.935,22838.37,6905.75,54.19,118.52,,110.828,1.0015
4794,2018-05-18,93.637,100.814,133.32,1220.85,94.76,3.067,1.899,106.77,48.67,13.42,71.28,155.09,2713.0,3544.0,141.19,16.387,22930.36,6874.0,53.26,118.84,,110.755,0.9978
4795,2018-05-21,93.677,100.8218,134.02,1232.49,91.04,3.065,1.907,106.77,48.731,13.08,72.35,155.03,2733.0,3555.0,141.28,16.452,23002.37,6915.75,53.08,118.84,,110.978,0.9968
4796,2018-05-22,93.609,100.8274,134.61,1235.22,90.47,3.065,1.938,106.82,48.75,13.22,72.2,155.15,2726.0,3574.0,141.25,16.508,22960.34,6909.25,52.57,118.88,,110.726,0.9919
4797,2018-05-23,94.003,101.1524,135.61,1245.59,89.8,3.003,1.918,107.14,48.83,12.58,71.84,154.84,2730.75,3520.0,142.22,16.338,22689.74,6957.0,53.27,119.39,,109.869,0.9941
4798,2018-05-24,93.758,101.3255,139.24,1245.58,90.64,2.981,1.905,107.41,48.82,12.53,70.71,156.63,2727.5,3501.0,142.78,17.315,22437.01,6957.25,52.16,119.5,,109.312,0.9913
4799,2018-05-25,94.188,101.5868,140.78,1248.99,93.78,2.931,1.897,107.74,48.809,13.22,67.88,156.54,2718.25,3493.0,143.69,16.481,22450.79,6960.25,54.09,119.86,,109.395,0.9898
4800,2018-05-28,94.188,,,,,,,,,,,,,3468.0,143.47,16.495,22481.09,,,119.84,,109.387,0.9934
4801,2018-05-29,94.833,102.5367,141.84,1249.59,108.67,2.768,1.886,108.26,48.5948,17.02,66.73,155.95,2692.25,3412.0,146.25,16.305,22358.43,6944.5,63.0,121.23,,108.399,0.9907
4802,2018-05-30,94.153,102.1136,143.89,1266.01,99.08,2.844,1.923,107.95,,14.94,68.21,156.24,2724.5,3422.0,145.44,16.479,22018.52,6987.25,61.86,120.61,,108.712,0.9886
4803,2018-05-31,93.985,102.2466,140.07,1253.22,100.63,2.822,1.915,107.79,48.7176,15.43,67.04,156.02,2705.5,3407.0,146.0,16.402,22201.82,6977.0,60.54,120.73,,108.762,0.9847
4804,2018-06-01,94.191,101.8455,134.53,1257.01,93.3,2.895,1.91,107.35,48.5427,13.46,65.81,155.38,2733.75,3443.0,144.81,16.891,22171.35,7083.0,56.94,120.17,,109.545,0.9882
4805,2018-06-04,94.02,101.6123,132.7,1270.28,90.83,2.937,1.91,107.04,48.63,12.74,64.75,155.14,2745.5,3465.0,144.12,16.379,22475.94,7148.25,54.3,119.83,,109.963,0.988
4806,2018-06-05,93.898,101.7198,132.58,1266.47,89.84,2.919,1.948,107.17,48.64,12.4,65.52,155.72,2751.5,3455.0,144.31,16.491,22539.54,7179.25,54.46,120.03,,109.859,0.984
4807,2018-06-06,93.66,101.4134,136.57,1270.3,88.12,2.975,1.941,106.85,48.68,11.64,64.73,155.63,2772.25,3455.0,143.25,16.642,22625.73,7215.0,56.44,119.62,,110.125,0.9859
4808,2018-06-07,93.397,101.6706,133.84,1269.83,91.28,2.933,1.93,107.11,48.72,12.13,65.95,155.82,2772.25,3458.0,144.12,17.421,22823.26,7161.0,56.58,119.92,,109.694,0.9808
4809,2018-06-08,93.551,101.6741,133.11,1273.11,93.49,2.937,1.925,107.0,48.72,12.18,65.74,155.78,2782.5,3440.0,144.03,16.694,22694.5,7176.5,59.57,119.92,,109.55,0.9852
4810,2018-06-11,93.576,101.563,138.93,1269.95,94.54,2.957,1.912,106.92,48.79,12.35,66.1,155.84,2786.75,3483.0,143.66,16.905,22804.04,7196.0,57.83,119.77,,110.386,0.9862
4811,2018-06-12,93.802,101.5666,142.82,1272.7,95.71,2.957,1.933,106.89,48.784,12.34,66.36,155.39,2788.25,3473.0,143.75,16.849,22878.35,7226.25,55.96,119.73,,110.452,0.9868
4812,2018-06-13,93.713,101.4421,141.74,1254.15,100.01,2.979,1.936,106.8,48.91,12.94,66.64,155.61,2779.0,3482.0,143.44,17.416,22966.38,7231.0,53.79,119.52,,110.242,0.9846
4813,2018-06-14,94.772,101.6265,142.39,1260.6801,98.21,2.946,1.928,107.14,48.94,12.12,66.89,156.45,2788.5,3532.0,144.12,17.226,22738.61,7311.25,52.5,119.75,,110.645,0.9969
4814,2018-06-15,94.789,101.7565,140.92,1260.67,101.66,2.924,1.933,107.1,48.92,11.98,65.06,152.89,2784.5,3533.0,144.5,16.452,22851.75,7281.5,53.08,119.89,,110.675,0.9976
4815,2018-06-18,94.801,101.7537,140.92,1260.04,99.87,2.928,1.927,107.06,48.88,12.31,65.85,153.08,2779.75,3458.0,144.41,16.845,22680.33,7276.0,52.33,119.91,,110.138,0.9942
4816,2018-06-19,95.085,101.926,139.35,1255.5601,104.13,2.893,1.943,107.16,48.8,13.35,64.9,152.9,2766.25,3427.0,144.94,16.724,22278.48,7252.25,52.4,120.14,,110.071,0.9941
4817,2018-06-20,95.055,101.7441,140.82,1269.21,98.51,2.928,1.933,106.75,48.885,12.79,65.71,152.41,2772.0,3437.0,144.78,16.289,22555.43,7313.25,51.92,120.02,,110.352,0.996
4818,2018-06-21,94.743,101.9083,139.94,1274.7,107.45,2.897,1.933,106.78,48.81,14.64,65.54,151.93,2752.5,3393.0,143.97,16.306,22693.04,7237.75,53.09,119.86,,109.952,0.9916
4819,2018-06-22,94.517,101.8927,140.54,1284.23,102.49,2.9,1.915,106.78,48.82,13.77,68.58,151.96,2759.5,3427.0,143.97,16.867,22516.83,7222.75,53.03,119.83,,109.97,0.988
4820,2018-06-25,94.276,102.0598,134.66,1281.4399,114.32,2.875,1.899,106.73,48.72,17.33,68.08,151.74,2722.25,3364.0,144.34,16.733,22338.15,7073.5,53.04,120.03,,109.643,0.9869
4821,2018-06-26,94.659,102.0427,134.92,1283.91,107.52,2.88,1.938,106.93,48.73,15.92,70.53,150.66,2728.5,3364.0,144.25,16.652,22342.0,7104.0,51.3,120.0,,110.097,0.9907
4822,2018-06-27,95.268,102.3685,131.3,1280.6,112.75,2.827,1.92,107.17,48.5848,17.91,72.76,150.21,2705.0,3385.0,145.28,16.557,22271.77,6998.25,53.05,120.39,,110.215,0.9968
4823,2018-06-28,95.386,102.2694,136.34,1286.78,108.88,2.847,1.92,107.15,48.57,16.85,73.45,149.6,2719.5,3351.0,144.97,16.361,22270.39,7060.5,52.13,120.19,,110.486,0.9976
4824,2018-06-29,94.636,102.2721,141.72,1290.0601,105.97,2.851,1.92,107.13,48.5,16.09,74.15,150.02,2721.5,3391.0,145.0,16.104,22304.51,7066.75,51.17,120.19,,110.68,0.9907
4825,2018-07-02,95.035,102.189,140.89,1281.01,104.8,2.867,1.935,106.86,48.1254,15.6,73.94,148.49,2727.25,3363.0,144.75,16.144,21811.93,7116.5,50.25,120.08,,110.871,0.9933
4826,2018-07-03,94.671,102.3504,134.57,1291.9,108.5,2.833,1.974,107.07,48.16,16.14,74.14,149.9,2713.25,3397.0,145.34,16.352,21785.54,7023.75,51.22,120.31,,110.408,0.992
4827,2018-07-04,94.671,,,,,,,,,,,,,3402.0,145.28,16.13,21717.04,,,120.27,,110.502,0.9922
4828,2018-07-05,94.469,102.3558,139.86,1304.26,103.22,2.84,1.956,107.37,48.25,14.97,72.94,150.53,2738.5,3432.0,145.5,16.008,21546.99,7125.75,51.46,120.25,,110.579,0.993
4829,2018-07-06,94.036,102.4586,141.02,1311.38,95.74,2.831,1.951,107.51,48.32,13.37,73.8,150.17,2763.0,3438.0,145.66,16.384,21788.14,7233.5,50.13,120.34,,110.46,0.9899
4830,2018-07-09,94.078,102.3069,138.96,1304.6,94.16,2.86,1.961,107.46,48.435,12.69,73.85,150.63,2787.5,3457.0,145.12,16.461,22052.18,7300.25,49.69,120.12,,110.953,0.9914
4831,2018-07-10,94.152,102.2356,139.26,1305.15,91.96,2.873,1.977,107.44,48.5,12.64,74.11,150.13,2796.75,3466.0,145.0,16.587,22196.89,7301.5,49.81,120.02,,110.831,0.9925
4832,2018-07-11,94.72,102.4063,136.85,1298.91,104.5,2.844,1.961,107.6,48.4202,13.63,70.38,148.8,2774.0,3419.0,145.47,16.138,21932.21,7253.75,50.48,120.25,,111.986,0.9956
4833,2018-07-12,94.806,102.3603,138.22,1302.2,100.82,2.853,1.974,107.79,48.569,12.58,70.33,149.04,2798.5,3438.0,145.28,16.304,22187.96,7382.75,48.57,120.16,,112.665,1.0027
4834,2018-07-13,94.752,102.5027,142.48,1300.58,99.81,2.831,1.971,107.94,48.5892,12.18,71.01,148.38,2803.25,3448.0,145.69,16.14,22597.35,7393.0,48.28,120.36,,112.375,1.0018
4835,2018-07-16,94.511,102.3374,148.16,1294.55,100.95,2.858,1.981,107.75,48.56,12.83,68.06,148.19,2796.5,3445.0,145.12,16.135,,7325.0,47.79,120.17,,112.374,0.9968
4836,2018-07-17,94.945,102.3124,149.58,1284.6,98.56,2.864,2.018,107.68,48.59,12.06,68.08,146.71,2811.25,3452.0,145.03,15.931,22697.36,7421.75,46.64,120.12,,113.012,1.0003
4837,2018-07-18,95.08,102.2488,154.25,1281.6801,98.08,2.875,2.002,107.64,48.59,12.1,68.76,146.78,2816.0,3478.0,144.72,15.881,22794.19,7404.5,45.26,120.06,,112.791,0.9986
4838,2018-07-19,95.154,102.4083,150.98,1292.02,100.58,2.847,1.994,107.71,48.555,12.87,68.24,146.26,2805.25,3463.0,145.28,15.703,22764.68,7367.75,47.11,120.3,,112.363,0.9987
4839,2018-07-20,94.449,102.1465,152.72,1286.05,102.76,2.895,1.979,107.48,48.6,12.86,68.26,147.02,2800.75,3457.0,144.19,15.844,22697.88,7360.0,49.05,119.98,,111.41,0.9926
4840,2018-07-23,94.669,101.759,153.78,1282.99,102.04,2.965,1.966,107.09,48.575,12.62,67.89,146.31,2812.0,3448.0,142.81,15.717,22396.99,7430.5,51.51,119.48,,111.45,0.9932
4841,2018-07-24,94.608,101.869,145.94,1277.89,98.68,2.949,2.007,107.31,48.61,12.41,68.52,146.33,2821.0,3481.0,143.19,15.978,22510.48,7416.25,50.31,119.56,,111.241,0.9933
4842,2018-07-25,94.363,101.9272,145.09,1286.53,94.2,2.936,2.0,107.42,48.67,12.29,69.3,147.09,2841.25,3458.0,143.41,16.043,22614.25,7469.5,48.29,119.66,,110.845,0.991
4843,2018-07-26,94.75,101.7144,142.18,1286.47,91.66,2.975,1.989,107.45,48.72,12.14,69.61,146.41,2842.5,3503.0,142.69,15.779,22586.87,7430.75,49.27,119.34,,111.146,0.994
4844,2018-07-27,94.675,101.7907,144.57,1277.33,97.15,2.96,1.992,107.53,48.7892,13.03,68.69,146.11,2817.5,3524.0,142.94,15.775,22712.75,7301.25,48.83,119.44,,111.045,0.9945
4845,2018-07-30,94.324,101.7494,141.57,1279.0601,101.41,2.975,1.991,107.45,48.7952,14.26,70.13,145.96,2803.25,3510.0,142.62,15.819,22544.84,7200.5,49.42,119.38,,110.994,0.9881
4846,2018-07-31,94.493,101.8338,144.49,1298.38,94.13,2.964,2.033,107.61,48.8546,12.83,68.76,146.21,2817.0,3525.0,142.97,16.014,22553.72,7244.75,46.5,119.42,,111.808,0.9903
4847,2018-08-01,94.624,101.6253,142.77,1302.77,95.28,3.003,2.025,107.15,48.65,13.15,67.66,145.5,2810.75,3504.0,142.22,15.911,22746.7,7277.0,48.38,119.17,,111.62,0.9917
4848,2018-08-02,95.159,101.7179,143.83,1297.7,91.66,2.986,2.007,107.27,48.66,12.19,68.96,144.61,2828.5,3465.0,142.44,15.828,22512.53,7385.75,48.0,119.33,,111.69,0.9954
4849,2018-08-03,95.143,101.9092,146.19,1311.14,86.6,2.952,2.007,107.54,48.71,11.64,68.49,144.98,2839.5,3481.0,142.97,15.742,22525.18,7402.0,47.67,119.61,,111.265,0.9943
4850,2018-08-06,95.357,101.9966,142.01,1308.67,84.66,2.938,2.014,107.6,48.76,11.27,69.01,144.33,2850.0,3477.0,143.25,15.624,22507.32,7444.0,46.86,119.73,,111.34,0.9963
4851,2018-08-07,95.216,101.7941,138.94,1307.15,83.21,2.973,2.056,107.46,48.77,10.93,69.17,144.4,2859.75,3506.0,142.59,15.655,22662.74,7477.25,47.15,119.47,,111.345,0.995
4852,2018-08-08,95.051,101.8072,139.84,1303.74,84.42,2.971,2.056,53.62,48.82,10.85,66.94,144.72,2855.25,3490.0,142.62,15.717,22644.31,7471.5,46.84,119.5,,110.892,0.9931
4853,2018-08-09,95.504,102.0087,138.61,1302.17,88.69,2.935,2.051,53.74,48.72,11.27,66.81,144.59,2853.75,3490.0,143.28,15.753,22598.39,7475.5,47.35,119.72,,111.091,0.994
4854,2018-08-10,96.357,102.4451,149.2,1288.8,99.07,2.859,2.045,53.75,48.71,13.16,67.63,144.48,2836.75,3421.0,144.66,15.585,22298.08,7427.0,50.63,120.38,,110.94,0.9954
4855,2018-08-13,96.391,102.3438,159.03,1286.83,107.78,2.877,2.043,53.67,48.665,14.78,67.2,142.1,2825.5,3411.0,144.31,15.268,21857.43,7417.0,50.77,120.25,,110.661,0.9932
4856,2018-08-14,96.731,102.2447,152.41,1290.98,100.34,2.895,2.082,53.68,48.7238,13.31,67.04,142.31,2841.0,3410.0,144.03,15.34,22356.08,7457.75,49.84,120.11,,111.246,0.9941
4857,2018-08-15,96.696,102.5024,148.4,1300.74,111.13,2.851,2.069,53.76,48.68,14.64,65.01,140.45,2821.25,3343.0,144.75,14.731,22204.22,7374.0,51.52,120.44,,110.576,0.9931
4858,2018-08-16,96.645,102.411,148.45,1308.91,103.49,2.871,2.064,53.84,48.78,13.45,65.46,140.33,2844.75,3379.0,144.53,14.988,22192.04,7389.0,50.61,120.27,,111.004,0.9973
4859,2018-08-17,96.101,102.4182,146.01,1320.59,101.81,2.873,2.043,53.95,48.7523,12.64,65.91,140.36,2852.25,3369.0,144.53,14.903,22270.38,7387.75,50.69,120.25,,110.505,0.9959
4860,2018-08-20,95.9,102.7236,145.55,1323.4,100.77,2.823,2.04,54.11,48.7984,12.49,65.42,141.59,2858.5,3393.0,145.47,14.937,22199.0,7387.0,50.97,120.62,,109.948,0.9905
4861,2018-08-21,95.256,102.6078,144.7,1315.64,101.56,2.844,2.079,54.01,48.87,12.86,65.84,142.23,2861.75,3412.0,145.12,15.035,22219.73,7397.5,50.32,120.45,,110.134,0.9843
4862,2018-08-22,95.146,102.7235,143.75,1310.1,95.72,2.823,2.084,54.06,48.92,12.25,67.86,142.62,2861.25,3421.0,145.47,15.029,22362.55,7433.25,49.64,120.62,,110.588,0.9833
4863,2018-08-23,95.666,102.7465,147.38,1305.87,95.92,2.821,2.079,54.07,48.92,12.41,67.83,141.52,2858.0,3418.0,145.66,14.818,22410.82,7424.5,49.2,120.59,,111.367,0.9863
4864,2018-08-24,95.146,102.7154,148.2,1313.26,93.95,2.826,2.094,54.08,48.92,11.99,68.72,143.81,2876.75,3429.0,145.59,15.079,22601.77,7495.75,49.16,120.52,,111.235,0.9833
4865,2018-08-27,94.779,102.6044,144.85,1312.25,93.39,2.85,2.109,54.01,48.985,12.16,68.87,144.13,2898.5,3457.0,145.12,15.152,22799.64,7568.0,49.38,120.34,,111.137,0.9794
4866,2018-08-28,94.72,102.4137,140.88,1326.17,92.31,2.884,2.128,53.98,49.02,12.5,68.53,143.94,2899.25,3455.0,144.44,15.243,22813.47,7578.0,49.95,120.09,,111.162,0.9766
4867,2018-08-29,94.6,102.4273,140.76,1326.72,91.1,2.884,2.125,53.95,49.0,12.25,69.51,143.59,2914.75,3456.0,144.59,14.996,22848.22,7668.75,49.1,120.09,,111.712,0.9703
4868,2018-08-30,94.723,102.5589,141.82,1319.35,95.11,2.86,2.105,53.96,48.94,13.53,70.25,142.82,2902.0,3430.0,144.97,14.78,22869.5,7649.0,50.41,120.27,,110.999,0.9686
4869,2018-08-31,95.14,102.6173,146.91,1320.98,92.73,2.853,2.104,53.94,48.96,12.86,69.8,143.02,2902.0,3389.0,144.97,14.742,22865.15,7661.25,50.71,119.42,,111.04,0.9688
4870,2018-09-03,95.14,,,,,,,,,,,,,3393.0,143.97,14.52,22707.38,,,120.22,,111.088,0.9693
4871,2018-09-04,95.439,102.3376,142.18,1305.95,95.23,2.902,2.117,53.63,48.71,13.16,69.87,142.12,2898.25,3358.0,143.88,14.506,22696.9,7638.75,49.57,120.06,,111.461,0.9737
4872,2018-09-05,95.184,102.3477,142.22,1312.33,97.94,2.902,2.135,53.63,48.65,13.91,68.72,142.38,2888.25,3315.0,143.88,14.545,22580.83,7531.75,48.4,120.09,,111.431,0.971
4873,2018-09-06,95.021,102.4939,140.56,1315.08,101.36,2.879,2.13,53.75,48.655,14.65,67.77,142.74,2879.0,3296.0,144.38,14.5,22487.94,7457.5,48.65,120.3,,110.495,0.9654
4874,2018-09-07,95.365,102.1298,145.87,1302.86,102.38,2.942,2.137,53.62,48.66,14.88,67.75,142.28,2874.75,3290.0,143.34,14.345,22307.06,7438.5,49.43,119.8,,111.075,0.9693
4875,2018-09-10,95.15,102.1836,144.88,1307.27,100.38,2.937,2.132,53.67,48.7,14.16,67.54,142.21,2880.25,3311.0,143.5,14.36,22373.09,7460.25,47.69,119.81,,111.151,0.9747
4876,2018-09-11,95.249,101.9514,147.88,1308.21,96.44,2.979,2.153,53.59,48.74,13.22,69.25,142.49,2889.75,3311.0,142.75,14.486,22664.69,7512.0,47.97,119.5,,111.602,0.9729
4877,2018-09-12,94.799,102.0395,148.75,1310.6899,97.24,2.963,2.151,53.61,48.8,13.14,70.37,143.52,2888.5,3328.0,143.06,14.478,22604.61,7485.75,46.79,119.61,,111.22,0.97
4878,2018-09-13,94.518,102.0504,150.64,1315.34,91.06,2.963,2.143,53.69,48.88,12.37,68.59,143.2,2905.25,3335.0,143.16,14.431,22821.32,7564.5,46.06,119.59,,112.012,0.966
4879,2018-09-14,94.927,101.8716,151.59,1306.1899,88.07,2.994,2.153,53.64,48.85,12.07,68.99,142.36,2911.5,3347.0,142.53,14.327,23094.67,7573.5,47.45,119.36,,112.055,0.9675
4880,2018-09-17,94.496,101.8567,150.95,1312.16,96.34,3.001,2.158,53.6,48.89,13.68,68.91,142.92,2896.0,3349.0,142.41,14.411,,7465.0,46.81,119.31,,111.69,0.9627
4881,2018-09-18,94.64,101.5961,151.37,1306.58,92.49,3.048,2.174,53.47,48.81,12.79,69.85,142.57,2911.75,3356.0,141.41,14.371,23420.54,7524.5,47.97,118.98,,112.277,0.9637
4882,2018-09-19,94.537,101.4014,145.19,1293.51,88.18,3.083,2.166,53.38,48.877,11.75,70.77,143.21,2915.0,3369.0,141.06,14.459,23672.52,7526.5,48.79,118.86,,112.317,0.9672
4883,2018-09-20,93.912,101.473,144.84,1302.54,87.31,3.078,2.169,53.51,48.85,11.8,70.32,143.57,2939.5,3406.0,140.25,14.484,23674.93,7608.75,49.34,118.59,,112.495,0.9588
4884,2018-09-21,94.22,101.5298,141.55,1301.46,90.2,3.068,2.173,53.51,48.8429,11.68,70.78,142.38,2933.75,3426.0,140.34,14.69,23869.93,7550.5,48.83,118.67,,112.575,0.9587
4885,2018-09-24,94.185,101.5188,138.84,1280.64,91.51,3.078,2.173,53.46,48.83,12.2,72.08,142.75,2925.5,3392.0,140.25,14.671,,7586.0,48.31,118.62,,112.786,0.9645
4886,2018-09-25,94.133,101.3935,137.68,1281.88,91.07,3.102,2.215,53.41,48.74,12.42,72.28,142.83,2921.25,3405.0,139.78,14.677,23940.26,7595.25,49.38,118.45,,112.969,0.9652
4887,2018-09-26,94.193,101.611,140.98,1271.64,91.56,3.061,2.217,53.67,48.84,12.89,71.57,142.12,2911.5,3421.0,140.53,14.738,24033.79,7590.25,47.44,118.73,,112.704,0.965
4888,2018-09-27,94.894,101.6444,142.1,1271.36,87.66,3.055,2.192,53.63,48.86,12.41,72.12,140.74,2920.0,3436.0,140.66,14.626,23796.74,7657.25,45.71,118.75,,113.357,0.977
4889,2018-09-28,95.132,101.6551,144.43,1284.53,87.31,3.056,2.199,53.62,48.9275,12.12,73.25,141.78,2919.0,3387.0,140.5,14.898,24120.04,7655.25,46.16,118.78,,113.695,0.9821
4890,2018-10-01,95.298,101.5339,141.52,1274.58,86.97,3.08,2.206,53.38,48.7654,12.0,75.3,141.25,2930.0,3401.0,139.97,14.694,24245.76,7675.5,44.28,118.67,,113.946,0.9834
4891,2018-10-02,95.507,101.6633,137.98,1268.34,88.12,3.056,2.223,53.485,48.75,12.05,75.23,143.06,2928.5,3375.0,140.5,15.041,24270.62,7652.75,45.35,118.81,,113.577,0.9838
4892,2018-10-03,95.762,101.0997,136.33,1257.36,85.8,3.161,2.223,53.25,48.69,11.61,76.41,142.57,2931.5,3401.0,138.5,15.022,24110.96,7664.75,50.21,118.12,,114.486,0.9918
4893,2018-10-04,95.751,100.9152,136.73,1243.73,99.44,3.195,2.222,53.06,48.58,14.22,74.33,142.42,2907.75,3364.0,137.91,14.784,23975.62,7514.25,55.07,117.86,,113.894,0.9913
4894,2018-10-05,95.624,100.7441,130.28,1243.34,102.63,3.227,2.217,52.92,48.44,14.82,74.34,142.89,2894.0,3331.0,137.28,15.018,23783.72,7436.0,55.19,117.67,,113.72,0.9918
4895,2018-10-08,95.761,100.7441,129.64,1257.17,102.74,,2.2194,52.81,48.3,15.69,74.29,140.88,2893.75,3296.0,137.03,14.691,,7391.75,,117.7,,113.097,0.9921
4896,2018-10-09,95.668,100.8871,128.98,1262.21,103.92,3.208,2.237,52.92,48.33,15.95,74.96,141.22,2888.25,3313.0,137.72,14.766,23469.39,7399.0,53.45,117.81,,112.998,0.9916
4897,2018-10-10,95.508,100.7985,127.65,1247.54,135.61,3.225,2.274,52.85,48.01,22.96,73.17,141.45,2781.0,3261.0,137.25,14.692,23506.04,7032.0,55.7,117.75,,112.092,0.9882
4898,2018-10-11,95.017,101.2837,130.85,1218.77,129.3,3.131,2.266,53.06,48.1293,24.98,70.97,145.5,2745.5,3202.0,138.84,14.977,22590.86,7031.0,56.07,118.39,,112.08,0.9898
4899,2018-10-12,95.221,101.2717,125.51,1213.36,124.81,3.141,2.271,52.98,48.23,21.31,71.34,144.84,2768.5,3183.0,138.72,14.996,22694.66,7172.25,54.37,118.34,,112.205,0.9916
4900,2018-10-15,95.059,101.1473,128.32,1217.4399,118.78,3.163,2.283,52.94,48.19,21.3,71.78,145.82,2749.0,3202.0,138.28,14.928,22271.3,7076.5,51.25,118.16,,111.841,0.987
4901,2018-10-16,95.048,101.1891,132.15,1238.63,111.78,3.156,2.31,53.05,48.32,17.62,71.92,145.9,2817.75,3247.0,138.5,15.062,22549.24,7353.75,50.18,118.22,,112.342,0.9904
4902,2018-10-17,95.575,101.0855,130.65,1237.96,109.28,3.179,2.31,52.88,48.29,17.4,69.75,145.48,2816.25,3233.0,138.16,14.862,22841.12,7313.25,48.99,118.05,,112.628,0.9951
4903,2018-10-18,95.9,101.102,125.96,1237.46,116.82,3.175,2.31,52.87,48.0975,20.06,68.65,145.8,2772.25,3203.0,138.12,14.8,22658.16,7137.75,52.63,118.14,,112.199,0.9957
4904,2018-10-19,95.713,100.9528,124.94,1244.7,114.95,3.2,2.309,52.82,48.16,19.89,69.28,145.63,2767.5,3202.0,137.72,14.845,22532.08,7106.5,52.04,117.95,,112.55,0.9965
4905,2018-10-22,96.013,100.9941,125.68,1231.0699,112.15,3.196,2.312,52.83,48.14,19.64,69.36,145.15,2756.5,3182.0,137.81,14.783,22614.82,7155.25,51.85,118.0,,112.757,0.9961
4906,2018-10-23,95.961,101.1594,126.54,1232.33,108.71,3.166,2.34,52.8,47.98,20.71,66.43,146.59,2746.25,3137.0,138.19,14.996,22010.78,7140.25,55.01,118.27,,112.444,0.9947
4907,2018-10-24,96.434,101.3571,128.91,1241.3199,118.58,3.124,2.335,52.9,47.75,25.23,66.82,145.92,2664.25,3121.0,138.78,14.876,22091.18,6836.25,57.69,118.62,,112.012,0.9969
4908,2018-10-25,96.679,101.3238,125.26,1254.22,113.91,3.136,2.335,52.86,48.0193,24.22,67.33,146.07,2688.25,3156.0,138.72,14.831,21268.73,6926.5,56.7,118.53,,112.35,0.9997
4909,2018-10-26,96.359,101.6276,121.7,1233.97,110.49,3.076,2.327,52.91,47.77,24.16,67.59,146.47,2669.5,3109.0,139.44,15.067,21184.6,6893.25,62.7,119.03,,111.905,0.997
4910,2018-10-29,96.579,101.5764,120.83,1245.8,110.39,3.087,2.314,52.91,47.76,24.7,67.04,145.5,2643.5,3147.0,139.34,14.644,21149.8,6736.25,59.77,118.95,,111.908,0.9974
4911,2018-10-30,97.011,101.4376,118.11,1253.53,106.08,3.109,2.338,52.73,47.74,23.35,66.18,145.23,2685.25,3143.0,138.91,14.829,21457.29,6815.25,61.79,118.78,,112.324,1.0017
4912,2018-10-31,97.127,101.1755,117.64,1239.8,102.9,3.159,2.333,52.65,47.8699,21.23,65.31,144.01,2711.0,3194.0,138.12,14.651,21920.46,6975.5,60.13,118.44,,113.052,1.005
4913,2018-11-01,96.277,101.2908,118.28,1247.78,99.57,3.144,2.325,52.56,47.64,19.34,63.69,146.81,2738.0,3189.0,138.44,14.981,21687.65,7077.75,58.54,118.58,,112.851,1.0079
4914,2018-11-02,96.542,100.8932,115.73,1235.6899,102.38,3.214,2.327,52.42,47.6893,19.51,63.14,146.18,2724.25,3210.0,137.16,14.964,22243.66,6980.25,61.42,118.05,,112.715,1.002
4915,2018-11-05,96.279,101.0065,118.89,1249.96,101.83,3.199,2.322,52.47,47.75,19.96,63.1,146.06,2739.5,3209.0,137.56,14.858,21898.99,6949.5,59.9,118.14,,113.139,1.0025
4916,2018-11-06,96.317,100.9615,119.93,1256.99,102.48,3.214,2.366,52.52,47.7496,19.91,62.21,145.35,2759.0,3203.0,137.44,14.71,22147.75,7016.5,59.01,118.0,,113.246,1.0042
4917,2018-11-07,95.997,100.9515,120.56,1272.21,95.75,3.213,2.361,52.64,47.95,16.36,61.67,145.63,2816.5,3235.0,137.38,14.958,22085.8,7218.5,,117.98,,113.363,1.0016
4918,2018-11-08,96.724,100.8688,121.85,1272.3199,95.4,3.232,2.358,52.535,47.9593,16.72,60.67,145.21,2808.75,3224.0,137.19,14.815,22486.92,7166.0,51.58,117.78,,113.551,1.0018
4919,2018-11-09,96.905,101.1097,120.06,1271.92,100.55,3.189,2.355,52.5999,47.72,17.36,60.19,143.25,2779.0,3220.0,137.91,14.535,22250.25,7031.25,53.54,118.12,,113.953,1.0056
4920,2018-11-12,97.542,101.1097,121.35,1271.49,107.77,,,52.61,47.44,20.45,59.93,142.64,2727.75,3185.0,138.47,14.41,22269.88,6835.0,,118.39,,113.846,1.0059
4921,2018-11-13,97.303,101.3753,122.06,1273.21,105.32,3.145,2.35,52.57,47.3567,20.02,55.69,142.39,2727.5,3219.0,138.59,14.377,21810.52,6853.0,52.23,118.52,,113.696,1.0102
4922,2018-11-14,96.803,101.5077,120.68,1271.8199,111.42,3.12,2.376,52.45,47.22,21.25,56.25,143.42,2698.5,3197.0,138.88,14.48,21846.48,6768.25,53.9,118.75,,113.789,1.0058
4923,2018-11-15,96.927,101.5065,120.76,1258.91,107.38,3.118,2.366,52.42,47.3,19.98,56.46,144.02,2734.5,3182.0,138.78,14.663,21803.62,6915.5,56.22,118.81,,113.564,1.0059
4924,2018-11-16,96.465,101.7832,118.71,1271.21,101.93,3.074,2.355,52.47,47.08,18.14,56.68,144.95,2743.0,3176.0,139.56,14.783,21680.34,6895.25,60.43,119.16,,113.555,1.0067
4925,2018-11-19,96.193,101.9031,115.79,1272.38,107.13,3.057,2.355,52.42,47.0398,20.1,57.2,145.2,2696.25,3151.0,139.78,14.801,21821.16,6672.0,59.47,119.3,,112.73,0.9994
4926,2018-11-20,96.836,101.9391,119.55,1262.05,107.61,3.048,2.392,52.37,46.8593,22.48,53.43,144.72,2640.0,3108.0,140.03,14.66,21583.12,6532.5,59.49,119.34,,112.443,0.993
4927,2018-11-21,96.712,101.8752,119.31,1264.98,100.27,3.061,2.407,52.42,47.01,20.8,54.63,145.52,2649.0,3148.0,139.91,14.901,21507.54,6576.25,57.65,119.23,,112.703,0.9947
4928,2018-11-22,96.712,,,,,3.065,2.402,,,,,,,3117.0,139.81,14.47,21646.55,,,119.19,,113.021,0.9941
4929,2018-11-23,96.916,101.9199,117.21,1264.28,99.29,3.046,2.407,52.41,46.8,21.52,50.42,144.96,2629.5,3129.0,140.0,14.644,,6531.0,57.31,119.28,,112.978,0.9943
4930,2018-11-26,97.074,101.851,117.57,1266.53,92.17,3.072,2.399,52.43,47.0142,18.9,51.63,144.92,2670.0,3168.0,139.78,14.622,21812.0,6673.25,51.53,119.14,,112.919,0.9973
4931,2018-11-27,97.369,101.9003,115.83,1269.51,91.54,3.057,2.405,52.365,46.93,19.02,51.56,143.88,2683.5,3161.0,139.91,14.493,21952.4,6712.5,51.24,119.25,,113.504,0.9982
4932,2018-11-28,96.786,101.9548,115.96,1281.5601,93.55,3.044,2.387,52.44,47.23,18.49,50.29,145.05,2741.5,3162.0,139.94,14.726,22177.02,6918.25,50.76,119.39,,113.767,0.9982
4933,2018-11-29,96.778,101.9763,115.49,1276.74,93.36,3.035,2.366,52.39,47.32,18.79,51.45,145.12,2744.25,3172.0,140.12,14.672,22262.6,6913.25,50.92,119.42,,113.555,0.993
4934,2018-11-30,97.272,102.0675,114.71,1282.46,93.59,3.013,2.363,52.4,47.17,18.07,50.93,144.6,2758.25,3163.0,140.53,14.488,22351.06,6949.5,52.43,119.55,,113.411,0.9959
4935,2018-12-03,97.04,102.2081,118.46,1284.96,85.87,2.991,2.342,52.41,47.1639,16.44,52.95,146.2,2790.75,3211.0,141.16,14.773,22574.76,7058.25,50.31,119.69,,113.758,0.9983
4936,2018-12-04,96.965,102.6418,117.76,1271.8199,96.57,2.924,2.423,52.44,46.95,20.74,53.25,147.03,2701.75,3184.0,142.78,14.911,22036.05,6803.25,53.86,120.09,,113.587,0.9978
4937,2018-12-05,97.07,,,,,2.915,2.423,,,,,146.55,2701.75,3145.0,142.3,14.673,21919.33,6803.25,,120.05,,112.699,0.9972
4938,2018-12-06,96.81,102.9299,116.68,1295.42,93.85,2.876,2.41,52.5,46.97,21.19,51.49,146.67,2691.0,3029.0,143.78,14.777,21501.62,6824.5,,120.45,,113.051,0.997
4939,2018-12-07,96.514,103.0714,114.3,1287.24,96.49,2.85,2.396,52.54,46.82,23.23,52.61,147.73,2636.0,3061.0,143.94,14.96,21678.68,6623.5,60.74,120.77,,112.689,0.9932
4940,2018-12-10,97.219,103.0883,117.64,1274.05,91.78,2.856,2.386,52.63,46.8164,22.64,51.0,147.36,2643.0,3006.0,144.06,14.87,21219.5,6699.25,60.26,120.69,,112.502,0.9897
4941,2018-12-11,97.388,102.9882,116.8,1274.54,89.77,2.879,2.428,52.7,46.9,21.76,51.65,147.1,2641.25,3061.0,143.78,14.89,21148.02,6717.0,58.73,120.45,,113.181,0.9895
4942,2018-12-12,97.044,102.887,116.78,1259.13,91.41,2.906,2.428,52.71,47.05,21.46,51.15,147.43,2652.5,3110.0,143.28,15.111,21602.75,6769.0,58.23,120.28,,113.384,0.9932
4943,2018-12-13,97.064,102.8709,117.03,1263.27,93.0,2.911,2.42,52.78,47.15,20.65,52.58,147.12,2645.5,3105.0,143.03,15.112,21816.19,6752.0,55.75,120.28,,113.287,0.9926
4944,2018-12-14,97.443,103.0288,118.6,1261.4399,96.45,2.889,2.424,52.79,47.0,21.63,51.2,146.41,2605.5,3084.0,143.28,14.891,21374.83,6622.5,56.13,120.45,,113.56,0.9936
4945,2018-12-17,97.1,103.2496,123.96,1224.65,101.55,2.857,2.394,52.83,46.71,24.52,49.88,147.64,2555.75,3062.0,143.78,15.015,21506.88,6489.25,55.41,120.72,,113.39,0.9975
4946,2018-12-18,97.104,103.4807,124.23,1231.08,103.64,2.823,2.384,52.8,46.28,25.58,46.6,147.85,2538.0,3046.0,144.47,14.959,21115.45,6483.75,59.4,120.95,,112.829,0.9926
4947,2018-12-19,97.035,103.7729,125.38,1219.6,105.05,2.776,2.394,52.8,45.96,25.58,48.17,148.18,2504.5,3056.0,144.91,15.077,20987.92,6352.25,59.01,120.92,,112.524,0.9924
4948,2018-12-20,96.276,103.7289,124.07,1206.9301,109.65,2.789,2.392,52.63,45.58,28.38,45.88,149.54,2486.25,3001.0,144.81,15.129,20392.58,6325.25,58.76,121.06,,112.41,0.9939
4949,2018-12-21,96.956,103.7111,122.17,1192.28,106.61,2.79,2.386,52.71,45.3693,30.11,45.59,148.38,2413.5,2973.0,144.81,14.962,20166.19,6059.0,61.61,121.03,,111.171,0.987
4950,2018-12-24,96.553,103.9759,118.27,1153.3101,111.88,2.736,2.388,52.65,45.07,36.07,42.53,150.0,2341.75,,145.44,15.076,,5892.0,66.04,121.41,,111.054,0.9936
4951,2018-12-25,96.553,,,,,,,,,,,,,,145.48,14.812,19155.74,,,121.43,,110.311,0.9858
4952,2018-12-26,97.05,103.7248,116.47,1181.1801,97.32,2.797,2.433,52.53,45.86,30.41,46.22,150.14,2471.0,,144.75,15.385,19327.06,6285.5,63.89,121.03,,110.402,0.9861
4953,2018-12-27,96.481,104.0101,115.18,1180.29,95.89,2.743,2.41,52.63,45.752,29.96,44.61,151.1,2495.0,2923.0,145.53,15.569,20077.62,6323.5,68.34,121.53,,111.206,0.9943
4954,2018-12-28,96.402,104.0145,117.26,1182.5699,91.24,2.738,2.383,52.79,45.81,28.34,45.33,151.32,2486.0,2974.0,145.53,15.693,20014.77,6293.25,66.66,121.62,,110.855,0.9869
4955,2018-12-31,96.173,104.2697,117.8,1179.3101,87.11,2.686,2.375,52.95,45.84,25.42,45.41,151.12,2505.25,,146.0,15.797,,6333.25,66.58,122.02,,110.33,0.9836
4956,2019-01-01,96.173,,,,,,,,,,,,,,145.67,15.523,,,,121.87,,109.63,0.9835
4957,2019-01-02,96.819,104.4457,116.06,1159.54,81.66,2.661,2.417,53.03,45.7048,23.22,46.54,151.45,2511.0,2978.0,146.75,15.907,,6371.0,62.8,122.19,,109.668,0.982
4958,2019-01-03,96.305,105.1118,112.22,1167.35,83.8,2.553,2.412,53.1,45.65,25.45,47.09,152.71,2447.75,2946.0,148.66,16.061,,6162.0,65.79,123.16,,107.441,0.9887
4959,2019-01-04,96.179,104.5169,111.44,1181.64,84.44,2.659,2.414,53.07,46.3266,21.38,47.96,151.65,2531.25,3027.0,146.88,16.052,19561.96,6434.0,65.82,122.3,,107.808,0.9871
4960,2019-01-07,95.666,104.4163,113.56,1191.99,82.74,2.682,2.409,53.0,46.7281,21.4,48.52,152.13,2550.5,3017.0,146.5,16.021,20038.97,6496.5,60.88,122.05,,108.522,0.9858
4961,2019-01-08,95.903,104.2172,115.3,1214.39,82.41,2.715,2.458,53.01,47.0798,20.47,49.78,151.66,2572.5,3049.0,146.03,15.988,20204.04,6557.25,59.05,121.75,,108.616,0.9791
4962,2019-01-09,95.219,104.1499,117.01,1216.4,86.62,2.728,2.443,53.18,47.2307,19.98,52.36,152.38,2582.5,3063.0,145.56,16.009,20427.06,6604.75,57.02,121.72,,108.776,0.9808
4963,2019-01-10,95.539,104.082,117.72,1229.25,86.35,2.731,2.43,53.12,47.3751,19.5,52.59,151.84,2594.0,3058.0,145.28,15.918,20163.8,6625.25,56.65,121.72,,108.189,0.974
4964,2019-01-11,95.67,104.2489,119.09,1234.38,83.85,2.701,2.424,53.2,47.2421,18.19,51.59,152.09,2595.0,3055.0,145.75,15.931,20359.7,6612.75,55.94,121.95,,108.298,0.984
4965,2019-01-14,95.61,104.1843,125.2,1231.36,83.01,2.71,2.417,53.07,47.1541,19.07,50.51,152.31,2580.5,3041.0,145.41,15.962,,6545.0,55.34,121.91,,108.458,0.9837
4966,2019-01-15,96.039,104.1673,126.87,1240.4,81.39,2.709,2.451,53.1,47.22,18.6,52.11,151.95,2605.5,3056.0,145.41,15.892,20555.29,6676.75,53.01,121.91,,108.25,0.981
4967,2019-01-16,96.059,104.0856,131.66,1248.2,83.34,2.729,2.42,53.23,47.3976,19.04,52.31,152.58,2613.25,3063.0,145.19,15.911,20442.75,6666.25,51.95,121.72,,108.644,0.9875
4968,2019-01-17,96.065,104.0178,133.02,1252.9399,82.79,2.749,2.412,53.25,47.54,18.06,52.07,152.39,2635.25,3057.0,145.03,15.809,20402.27,6720.0,53.44,121.52,,109.037,0.99
4969,2019-01-18,96.336,103.8154,131.19,1256.22,82.49,2.784,2.404,53.37,47.6002,17.8,54.04,151.24,2671.5,3126.0,144.53,15.67,20666.07,6792.75,53.78,121.17,,109.153,0.9937
4970,2019-01-21,96.336,,,,,,,,,,,,,3111.0,144.64,15.283,20719.33,,,121.27,,109.661,0.9954
4971,2019-01-22,96.303,104.1335,122.82,1251.99,93.81,2.732,2.401,53.42,47.4016,20.8,53.01,151.31,2632.0,3099.0,145.41,15.592,20622.91,6653.0,54.64,121.58,,109.67,0.9973
4972,2019-01-23,96.123,104.0313,123.88,1257.02,88.45,2.755,2.41,53.55,47.4514,19.52,52.62,151.4,2638.25,3102.0,144.97,15.647,20593.72,6665.25,54.19,121.39,,109.365,0.997
4973,2019-01-24,96.601,104.2898,130.92,1256.5601,84.89,2.712,2.371,53.68,47.5048,18.89,53.13,150.89,2634.0,3118.0,145.78,15.567,20574.63,6675.0,54.18,121.75,,109.492,0.9946
4974,2019-01-25,95.794,104.0768,126.11,1273.73,83.38,2.751,2.383,53.65,47.575,17.42,53.69,153.04,2663.5,3155.0,145.09,15.969,20773.56,6791.25,52.5,121.41,,109.597,0.9956
4975,2019-01-28,95.746,104.1298,123.06,1286.2,86.44,2.744,2.388,53.62,47.5217,18.87,51.99,153.64,2642.0,3127.0,145.09,16.037,20649.0,6701.75,50.95,121.5,,109.4,0.9924
4976,2019-01-29,95.821,104.2971,121.9,1297.87,86.84,2.712,2.423,53.75,47.5557,19.13,53.31,154.33,2640.25,3144.0,145.66,16.117,20664.64,6638.75,49.8,121.78,,109.254,0.9916
4977,2019-01-30,95.34,104.3894,123.28,1308.71,82.39,2.695,2.417,53.86,47.8398,17.66,54.23,154.36,2682.5,3148.0,145.69,16.204,20556.54,6837.25,48.32,122.0,,109.417,0.9945
4978,2019-01-31,95.578,104.75,126.53,1314.6,79.24,2.635,2.397,54.21,48.0239,16.57,53.79,155.5,2704.5,3152.0,146.69,16.348,20773.49,6914.75,49.81,122.47,,108.981,0.9935
4979,2019-02-01,95.579,104.4645,126.03,1309.74,80.0,2.691,2.396,53.93,47.71,16.14,55.26,155.14,2704.25,3168.0,145.94,16.21,20788.39,6877.75,48.79,121.94,,108.844,0.9937
4980,2019-02-04,95.852,104.3098,128.4,1316.0699,77.36,2.724,2.391,53.81,47.85,15.73,54.56,154.81,2721.25,3154.0,145.25,16.168,20883.77,6937.5,48.87,121.72,,109.473,0.9955
4981,2019-02-05,96.067,104.4523,123.42,1320.3,80.62,2.704,2.417,53.96,47.99,15.57,53.66,154.8,2731.0,3208.0,145.69,16.119,20844.45,7008.0,48.62,121.88,,109.961,0.9978
4982,2019-02-06,96.39,104.4579,123.72,1314.05,84.99,2.702,2.417,53.97,47.9564,15.38,54.01,154.24,2729.5,3206.0,145.66,15.984,20874.06,6995.75,47.44,121.89,,109.941,0.9997
4983,2019-02-07,96.507,104.7651,124.45,1323.34,85.01,2.652,2.412,54.0,47.755,16.37,52.64,154.21,2704.0,3152.0,146.5,15.999,20751.28,6905.5,48.97,122.28,,109.974,1.0021
4984,2019-02-08,96.637,104.8944,127.72,1326.48,82.7,2.632,2.422,54.09,47.8,15.72,52.72,154.72,2706.25,3132.0,146.88,16.098,20333.17,6916.75,49.63,122.38,,109.756,1.0024
4985,2019-02-11,97.057,104.745,129.19,1325.65,82.77,2.661,2.432,53.99,47.77,15.97,52.41,153.94,2708.25,3164.0,146.38,15.979,,6914.25,48.32,122.12,,109.81,0.9993
4986,2019-02-12,96.709,104.6223,128.6,1317.14,81.63,2.684,2.435,54.03,47.99,15.43,53.1,154.19,2744.75,3192.0,145.97,15.975,20864.21,7018.5,49.02,121.95,,110.4,1.0039
4987,2019-02-13,97.129,104.4962,127.12,1318.9301,80.27,2.706,2.43,53.97,47.93,15.65,53.9,154.32,2749.5,3203.0,145.75,15.933,21144.48,7016.25,48.17,121.75,,110.515,1.0061
4988,2019-02-14,96.978,104.7385,126.89,1321.92,81.64,2.657,2.43,54.08,47.945,16.22,54.41,154.18,2743.5,3183.0,146.5,15.809,21139.71,7019.75,47.19,122.17,,110.923,1.0087
4989,2019-02-15,96.904,104.7281,129.55,1328.42,80.45,2.666,2.427,54.14,48.0934,14.91,55.59,155.14,2777.0,3240.0,146.56,16.027,20900.63,7063.75,45.73,122.05,,110.538,1.005
4990,2019-02-18,96.904,,,,,,,,,,,,,3242.0,146.45,15.787,21281.85,,,121.99,,110.564,1.0045
4991,2019-02-19,96.52,104.8532,124.68,1333.03,78.64,2.645,2.429,54.19,48.15,14.88,56.09,157.8,2778.75,3236.0,146.84,16.255,21302.65,7068.25,45.06,122.22,,110.591,1.0045
4992,2019-02-20,96.454,104.8126,123.39,1324.9399,75.59,2.652,2.446,54.1,48.21,14.02,57.16,158.17,2787.0,3259.0,146.59,16.464,21431.49,7073.25,44.54,122.16,,110.594,1.0013
4993,2019-02-21,96.605,104.5666,122.42,1324.99,76.64,2.688,2.448,54.0,48.1598,14.46,56.96,155.81,2774.25,3261.0,145.78,16.091,21464.23,7034.5,46.55,121.91,,110.765,1.0
4994,2019-02-22,96.507,104.7877,121.08,1333.03,74.98,2.655,2.45,54.19,48.27,13.51,57.26,156.4,2791.25,3270.0,146.41,16.197,21425.51,7088.25,47.22,122.14,,110.708,1.0009
4995,2019-02-25,96.413,104.7048,127.67,1326.9399,79.35,2.673,2.45,54.15,48.31,14.85,55.48,156.01,2797.0,3279.0,146.12,16.118,21528.23,7125.75,46.16,122.03,,110.772,0.9997
4996,2019-02-26,96.003,104.9154,125.53,1325.71,80.53,2.636,2.458,54.24,48.38,15.17,55.5,155.89,2791.5,3291.0,146.81,16.116,21449.39,7117.75,46.28,122.33,,111.046,1.0001
4997,2019-02-27,96.154,104.5885,126.44,1319.62,80.37,2.693,2.451,54.12,48.38,14.7,56.94,155.03,2795.0,3279.0,145.56,15.959,21556.51,7121.75,,121.92,,110.556,0.9997
4998,2019-02-28,96.157,104.4756,128.85,1321.64,80.0,2.713,2.44,54.09,48.41,14.78,57.22,154.44,2784.75,3298.0,145.12,15.826,21385.16,7102.5,47.22,121.75,,110.862,1.0005
4999,2019-03-01,96.527,104.2137,126.97,1316.24,79.27,2.755,2.435,53.82,48.27,13.57,55.8,152.45,2805.0,3312.0,144.47,15.444,21602.69,7156.0,47.9,121.44,,111.371,0.9973
5000,2019-03-04,96.682,104.415,125.04,1320.67,82.34,2.722,2.432,53.93,48.14,14.63,56.59,151.08,2791.5,3315.0,145.06,15.293,21822.04,7145.75,46.74,121.67,,111.938,0.9984
5001,2019-03-05,96.866,104.4242,126.4,1324.7,82.46,2.722,2.465,53.95,48.21,14.74,56.56,150.75,2791.5,3326.0,145.09,15.292,21726.28,7165.5,45.86,121.69,,111.777,0.9987
5002,2019-03-06,96.873,104.605,125.8,1318.28,86.1,2.692,2.465,54.03,48.08,15.74,56.22,151.09,2771.5,3325.0,145.56,15.272,21596.81,7111.25,45.63,121.94,,111.866,1.0044
5003,2019-03-07,97.667,104.9506,123.14,1315.54,88.7,2.636,2.46,54.16,47.9701,16.59,56.66,150.91,2750.0,3306.0,146.47,15.226,21456.01,7027.5,45.83,122.42,,111.623,1.0041
5004,2019-03-08,97.306,105.0421,125.73,1319.66,87.24,2.625,2.454,54.19,47.9001,16.05,56.07,152.46,2752.0,3288.0,146.66,15.536,21025.56,7053.75,45.83,122.52,,111.634,1.0107
5005,2019-03-11,97.215,104.9456,132.93,1333.9301,81.23,2.641,2.444,54.25,48.0898,14.33,56.79,151.49,2789.0,3304.0,146.31,15.462,21125.09,7192.25,44.84,122.41,,111.08,1.0078
5006,2019-03-12,96.935,105.1833,130.17,1340.4399,83.06,2.605,2.46,54.4,48.16,13.77,56.87,152.3,2797.25,3308.0,147.09,15.601,21503.69,7234.25,44.86,122.61,,111.342,1.0102
5007,2019-03-13,96.55,105.1408,132.57,1345.63,82.76,2.61,2.452,54.32,48.2583,13.41,58.26,153.62,2819.5,3324.0,146.81,15.644,21290.24,7296.5,44.57,122.59,,111.306,1.0074
5008,2019-03-14,96.785,104.9877,130.57,1347.01,82.56,2.63,2.452,54.26,48.26,13.5,58.61,151.94,2812.25,3346.0,146.19,15.357,21287.02,7267.25,45.24,122.45,,111.196,1.0033
5009,2019-03-15,96.595,105.1786,128.76,1342.53,82.94,2.593,2.452,54.41,48.3157,12.88,58.52,152.82,2829.75,3386.0,146.88,15.512,21450.85,7343.25,46.05,122.7,,111.753,1.0035
5010,2019-03-18,96.524,105.1757,127.1,1337.11,85.52,2.6,2.446,54.4,48.326,13.1,59.09,152.68,2840.5,3303.0,146.78,15.51,21584.5,7360.75,44.95,122.59,,111.561,1.0024
5011,2019-03-19,96.383,105.0915,123.13,1334.11,87.36,2.614,2.47,54.4,48.2969,13.56,59.29,153.26,2836.5,3328.0,146.47,15.559,21566.85,7376.5,43.68,122.5,,111.373,1.001
5012,2019-03-20,95.761,105.5255,120.59,1337.86,86.63,2.537,2.473,54.66,48.4743,13.91,60.23,152.69,2827.0,3295.0,146.91,15.505,21608.92,7409.5,42.53,122.69,,111.401,0.9986
5013,2019-03-21,96.495,105.5564,120.67,1354.01,83.89,2.537,2.473,54.76,48.53,13.63,59.98,153.37,2862.5,3289.0,147.12,15.624,,7534.5,44.51,123.36,,110.66,0.991
5014,2019-03-22,96.651,106.0899,117.55,1348.0601,98.5,2.455,2.462,55.04,48.33,16.48,59.04,153.96,2810.75,3221.0,148.53,15.591,21627.34,7368.75,52.26,124.03,,110.806,0.9919
5015,2019-03-25,96.566,106.35,117.6,1347.15,97.2,2.418,2.454,55.15,48.3324,16.33,58.82,155.16,2807.0,3221.0,149.0,15.752,20977.11,7355.25,57.11,124.33,,110.081,0.994
5016,2019-03-26,96.736,106.3768,117.8,1359.59,89.85,2.412,2.47,55.19,48.45,14.68,59.94,154.28,2823.0,3239.0,149.09,15.614,21428.39,7376.75,56.51,124.41,,110.068,0.9923
5017,2019-03-27,96.774,106.6569,117.66,1356.39,91.34,2.374,2.442,55.27,48.45,15.15,59.41,153.75,2810.5,3242.0,150.06,15.483,21378.73,7334.5,60.97,124.69,,110.554,0.9936
5018,2019-03-28,97.202,106.6178,119.25,1361.45,87.95,2.389,2.439,55.285,48.58,14.43,59.3,151.23,2821.0,3241.0,150.03,15.155,21033.76,7352.0,59.93,124.5,,110.49,0.9947
5019,2019-03-29,97.284,106.4759,120.96,1356.15,85.82,2.414,2.4,55.28,48.67,13.71,60.14,151.6,2837.75,3272.0,149.66,15.295,21205.81,7400.5,58.55,124.22,,110.637,0.9948
5020,2019-04-01,97.232,106.022,126.77,1357.87,84.93,2.497,2.39,54.91,48.42,13.4,61.59,151.1,2870.5,3311.0,148.22,15.287,21509.03,7498.5,52.69,123.61,,111.434,0.9992
5021,2019-04-02,97.361,106.11,127.31,1364.89,83.28,2.479,2.434,54.95,48.422,13.36,62.58,151.24,2867.0,3321.0,148.31,15.246,21505.31,7519.25,54.21,123.77,,111.305,0.9982
5022,2019-04-03,97.091,105.8843,125.96,1366.0,84.23,2.517,2.437,54.86,48.425,13.74,62.46,151.23,2879.75,3358.0,147.5,15.287,21713.21,7582.25,53.84,123.5,,111.395,0.9973
5023,2019-04-04,97.308,105.9319,126.23,1362.9,82.15,2.51,2.434,54.92,48.525,13.58,62.1,151.11,2882.75,3368.0,147.69,15.266,21724.95,7561.5,51.7,123.55,,111.658,0.9999
5024,2019-04-05,97.395,105.984,128.75,1365.55,79.1,2.499,2.434,54.97,48.61,12.82,63.08,151.26,2896.0,3374.0,147.94,15.27,21807.5,7604.25,49.22,123.59,,111.735,1.0001
5025,2019-04-08,97.05,105.9053,129.13,1359.03,81.86,2.519,2.429,54.96,48.63,13.18,64.4,152.0,2898.25,3359.0,147.62,15.403,21761.65,7623.5,47.89,123.45,,111.456,0.9991
5026,2019-04-09,97.006,106.0296,127.66,1351.8199,88.14,2.499,2.429,55.03,48.62,14.28,63.98,152.75,2882.5,3350.0,148.0,15.398,21802.59,7593.25,48.83,123.64,,111.105,0.9997
5027,2019-04-10,96.946,106.132,127.61,1366.03,89.49,2.477,2.427,55.24,48.78,13.3,64.61,153.4,2894.5,3350.0,148.22,15.43,21687.57,7641.25,48.6,123.8,,110.991,1.0022
5028,2019-04-11,97.177,105.9381,126.23,1364.2,88.06,2.504,2.429,55.11,48.86,13.02,63.58,151.0,2891.75,3365.0,147.72,15.05,21711.38,7617.25,46.9,123.56,,111.635,1.0027
5029,2019-04-12,96.972,105.6524,124.22,1369.8199,84.98,2.56,2.439,55.05,48.93,12.01,63.89,151.22,2912.5,3375.0,146.91,15.145,21870.56,7652.25,48.84,123.09,,112.025,1.0024
5030,2019-04-15,96.942,105.7155,127.69,1363.76,84.17,2.553,2.423,55.05,48.89,12.32,63.4,150.76,2909.5,3378.0,147.06,15.154,22169.11,7647.75,47.64,123.16,,111.943,1.0037
5031,2019-04-16,97.043,105.5107,125.81,1339.0,83.58,2.594,2.442,54.92,48.93,12.18,64.05,149.12,2911.5,3394.0,146.34,15.089,22221.66,7679.5,48.31,122.83,,111.993,1.0075
5032,2019-04-17,97.009,105.5404,125.78,1325.79,85.55,2.592,2.439,54.94,48.86,12.6,63.76,149.07,2900.5,3407.0,146.31,15.107,22277.97,7689.75,48.65,122.86,,112.036,1.0104
5033,2019-04-18,97.474,105.7507,123.6,1334.83,84.41,2.56,2.429,54.95,48.85,12.09,64.07,148.98,2910.0,3425.0,146.84,15.127,22090.12,7712.5,49.23,123.14,,111.989,1.0148
5034,2019-04-19,97.378,,,,,,,,,,,,,3435.0,146.75,14.965,22200.56,,,123.11,,111.92,1.0146
5035,2019-04-22,97.287,105.6095,124.24,1321.55,83.27,2.59,2.441,54.88,40.78,12.42,65.55,149.16,2912.5,,146.22,15.147,22217.9,7734.75,48.78,122.94,,111.929,1.0153
5036,2019-04-23,97.636,105.7431,124.65,1332.88,81.43,2.57,2.45,55.07,40.85,12.28,66.3,148.65,2938.0,3436.0,146.5,14.955,22259.74,7838.0,49.79,123.12,,111.877,1.0201
5037,2019-04-24,98.173,106.0269,123.81,1344.83,85.17,2.522,2.434,55.27,40.79,13.14,65.89,149.37,2930.75,3431.0,147.34,15.084,22200.0,7847.75,50.52,123.53,,112.13,1.0203
5038,2019-04-25,98.203,105.9621,124.18,1345.25,86.94,2.534,2.429,55.21,40.82,13.25,65.21,149.41,2926.25,3425.0,147.16,15.047,22307.58,7798.5,49.79,123.39,,111.539,1.0199
5039,2019-04-26,98.006,106.1679,126.29,1353.63,84.12,2.504,2.423,55.38,40.8601,12.73,63.3,150.47,2941.5,3435.0,147.59,15.174,22258.73,7840.25,49.43,123.67,,111.595,1.0197
5040,2019-04-29,97.857,105.9846,125.79,1341.99,86.08,2.536,2.423,55.24,40.83,13.11,63.5,149.62,2943.0,3440.0,146.97,15.019,,7813.75,48.05,123.44,,111.677,1.0193
5041,2019-04-30,97.479,106.1707,126.47,1349.72,88.56,2.507,2.432,55.31,40.85,13.12,63.91,150.11,2948.5,3452.0,147.47,15.069,,7800.0,49.47,123.67,,111.395,1.019
5042,2019-05-01,97.686,106.1818,125.32,1353.66,95.75,2.511,2.427,55.12,40.59,14.8,63.6,149.93,2923.0,,147.59,14.815,,7756.5,46.75,123.58,,111.452,1.0174
5043,2019-05-02,97.832,105.943,124.59,1357.02,93.02,2.552,2.437,54.95,40.64,14.42,61.81,148.51,2917.5,3437.0,146.94,14.699,,7734.25,46.72,123.17,,111.495,1.0194
5044,2019-05-03,97.52,106.0682,122.22,1366.39,86.23,2.53,2.431,55.11,40.72,12.87,61.94,149.59,2947.5,3448.0,147.38,15.062,,7865.0,45.78,123.34,,111.105,1.0166
5045,2019-05-06,97.515,106.2622,123.23,1362.5601,94.85,2.5,2.426,55.19,40.7,15.44,62.25,149.89,2932.5,3420.0,147.81,15.01,,7803.5,47.82,123.62,,110.805,1.0171
5046,2019-05-07,97.628,106.5508,116.88,1343.9301,111.54,2.448,2.432,55.22,40.45,19.32,61.4,150.1,2890.75,3353.0,148.75,15.009,21923.72,7674.0,52.36,124.02,,110.24,1.0196
5047,2019-05-08,97.623,106.3815,117.79,1340.34,106.48,2.482,2.434,55.07,40.49,19.4,62.12,149.61,2887.25,3374.0,148.22,14.944,21602.59,7647.5,51.31,123.75,,110.028,1.0203
5048,2019-05-09,97.373,106.5395,117.68,1345.4399,102.92,2.457,2.434,55.14,40.46,19.1,61.7,150.05,2872.75,3310.0,148.69,14.853,21402.13,7595.25,54.72,123.98,,109.807,1.0152
5049,2019-05-10,97.33,106.5763,118.54,1356.83,96.01,2.455,2.429,55.15,40.54,16.04,61.66,150.3,2887.0,3331.0,148.66,14.87,21344.92,7610.25,53.49,123.98,,109.945,1.0118
5050,2019-05-13,97.319,106.9041,119.36,1354.09,105.6,2.405,2.413,55.21,40.25,20.55,61.04,151.97,2807.0,3286.0,149.47,14.857,21191.28,7314.75,57.89,124.42,,109.154,1.0054
5051,2019-05-14,97.526,106.8249,119.95,1358.98,97.26,2.419,2.416,55.21,40.28,18.06,61.78,151.32,2839.25,3325.0,149.19,14.892,21067.23,7421.0,55.35,124.33,,109.671,1.0087
5052,2019-05-15,97.569,107.0599,120.87,1365.0699,94.53,2.379,2.409,55.35,40.3148,16.44,62.02,151.51,2855.0,3350.0,149.88,14.889,21188.56,7529.25,57.4,124.67,,109.475,1.0082
5053,2019-05-16,97.855,106.9009,121.09,1371.45,94.23,2.405,2.401,55.28,40.415,15.29,62.87,150.15,2878.5,3406.0,149.44,14.615,21062.98,7600.25,56.98,124.42,,109.871,1.01
5054,2019-05-17,97.995,106.9811,118.69,1368.64,99.12,2.393,2.393,55.305,40.39,15.96,62.76,148.92,2862.0,3400.0,149.69,14.466,21250.09,7511.5,56.97,124.48,,110.085,1.0107
5055,2019-05-20,97.933,106.8861,115.25,1356.97,96.83,2.414,2.382,55.24,40.4,16.31,63.21,149.09,2844.0,3345.0,149.38,14.523,21301.73,7391.75,56.55,124.28,,110.07,1.0084
5056,2019-05-21,98.062,106.7952,117.17,1366.8,92.38,2.426,2.393,55.17,40.49,14.95,63.13,148.62,2866.0,3366.0,149.19,14.487,21272.45,7464.0,55.35,124.14,,110.07,1.0084
5057,2019-05-22,98.041,106.9927,115.42,1365.71,89.3,2.393,2.378,55.26,40.49,14.75,61.42,148.7,2857.5,3370.0,149.72,14.527,21283.37,7430.0,54.96,124.44,,110.221,1.009
5058,2019-05-23,97.856,107.6128,114.71,1366.72,94.98,2.296,2.365,55.4,40.33,16.92,57.91,150.03,2819.5,3315.0,151.44,14.692,21151.14,7311.0,61.07,125.2,,109.558,1.0029
5059,2019-05-24,97.613,107.3962,114.12,1372.24,90.19,2.324,2.349,55.42,40.29,15.85,58.63,149.82,2831.75,3335.0,150.97,14.636,21117.22,7315.5,60.54,124.89,,109.305,1.0018
5060,2019-05-27,97.613,,,,,,2.3525,,,,58.63,,,3352.0,150.67,14.572,21182.58,,,125.34,,109.509,1.0039
5061,2019-05-28,97.952,107.7765,112.58,1357.24,95.08,2.268,2.359,55.56,40.3,17.5,59.14,149.05,2805.0,3338.0,152.03,14.401,21260.14,7295.25,61.77,125.39,,109.346,1.0069
5062,2019-05-29,98.144,108.0023,111.93,1341.67,93.83,2.236,2.36,55.52,40.2,17.9,58.81,149.49,2780.0,3288.0,152.75,14.488,21003.37,7216.0,63.16,125.62,,109.542,1.0083
5063,2019-05-30,98.142,108.1063,112.68,1341.75,92.78,2.225,2.372,55.73,40.24,17.3,56.59,150.2,2790.5,3313.0,153.06,14.569,20942.53,7255.25,61.74,125.69,,109.357,1.0069
5064,2019-05-31,97.75,108.6816,112.65,1346.4,96.72,2.142,2.354,55.88,39.98,18.71,53.5,152.37,2752.5,3275.0,154.38,14.646,20601.19,7133.5,72.68,126.38,,108.275,1.001
5065,2019-06-03,97.142,109.1052,112.32,1350.38,96.03,2.081,2.341,55.87,39.8,18.86,53.25,154.32,2749.5,3291.0,155.25,14.819,20410.88,6993.75,73.56,126.89,,108.027,0.9923
5066,2019-06-04,97.072,108.8133,112.74,1346.52,88.93,2.119,2.357,55.8,40.16,16.97,53.48,154.41,2805.0,3334.0,154.34,14.845,20408.54,7179.25,75.26,126.59,,108.254,0.9925
5067,2019-06-05,97.32,108.7575,112.91,1369.42,86.72,2.123,2.342,55.83,40.18,16.09,51.68,154.98,2827.75,3336.0,154.06,14.862,20776.1,7228.5,77.64,126.64,,108.328,0.9939
5068,2019-06-06,97.044,108.7439,113.89,1372.5699,84.84,2.123,2.313,55.9,40.26,15.93,52.59,156.04,2845.75,3331.0,154.19,14.978,20774.04,7282.25,73.42,126.61,,108.454,0.9911
5069,2019-06-07,96.544,109.0376,114.67,1379.38,86.0,2.084,2.274,56.06,40.37,16.3,53.99,156.44,2875.0,3372.0,155.19,15.107,20884.71,7419.5,68.69,126.89,,108.195,0.9878
5070,2019-06-10,96.761,108.6964,114.38,1377.27,83.86,2.141,2.279,55.94,40.4,15.94,53.26,154.48,2889.25,3385.0,154.12,14.713,21134.42,7515.5,65.62,126.44,,108.359,0.9891
5071,2019-06-11,96.686,108.7136,113.81,1379.27,84.95,2.138,2.272,55.94,40.51,15.99,53.27,154.71,2887.0,3402.0,154.25,14.815,21204.28,7518.25,64.93,126.44,,108.474,0.992
5072,2019-06-12,97.0,108.7825,114.66,1377.76,86.2,2.127,2.221,55.99,40.42,15.91,51.14,155.36,2881.0,3386.0,154.25,14.827,21129.72,7473.25,68.43,126.64,,108.488,0.9947
5073,2019-06-13,97.013,109.0466,113.33,1386.05,84.73,2.091,2.198,56.1,40.505,15.82,52.28,156.16,2894.5,3389.0,154.91,14.964,21032.0,7522.75,75.74,127.0,,108.321,0.9935
5074,2019-06-14,97.572,109.0306,113.16,1383.85,82.57,2.094,2.184,56.18,40.52,15.28,52.51,156.25,2894.75,3376.0,154.97,14.878,21116.89,7504.75,80.82,126.94,,108.565,0.9991
5075,2019-06-17,97.558,109.0945,115.3,1394.46,83.48,2.086,2.195,56.16,40.45,15.35,51.93,156.06,2896.25,3387.0,155.25,14.902,21124.0,7561.25,76.88,126.97,,108.539,0.9987
5076,2019-06-18,97.644,109.2381,116.21,1393.17,87.37,2.058,2.226,56.38,40.68,15.15,53.9,156.97,2926.25,3457.0,155.62,15.067,20972.71,7673.5,76.74,127.14,,108.573,1.0007
5077,2019-06-19,97.117,109.4983,115.93,1400.96,84.58,2.027,2.182,56.7,40.78,14.33,53.97,156.75,2933.5,3454.0,155.0,15.032,21333.87,7702.0,71.37,126.91,,108.105,0.9927
5078,2019-06-20,96.629,109.6505,119.23,1406.34,81.21,2.001,2.136,56.92,41.0,14.75,57.07,162.34,2960.0,3471.0,155.72,15.568,21462.86,7772.75,72.37,128.06,,107.277,0.9811
5079,2019-06-21,96.22,109.2161,118.46,1392.8199,83.14,2.066,2.113,56.79,40.94,15.4,57.43,162.71,2950.5,3478.0,154.59,15.37,21258.64,7751.5,74.63,127.52,,107.315,0.9764
5080,2019-06-24,95.98,109.5458,117.09,1386.45,82.59,2.021,2.112,56.9,40.95,15.26,57.9,164.82,2952.0,3441.0,155.41,15.461,21285.99,7758.75,73.76,127.94,,107.327,0.9718
5081,2019-06-25,96.14,109.7007,116.83,1376.04,85.16,1.992,2.139,56.81,40.81,16.28,57.83,164.87,2922.0,3437.0,155.91,15.383,21193.81,7628.75,74.22,128.12,,107.166,0.9748
5082,2019-06-26,96.214,109.3478,117.16,1352.4301,85.39,2.049,2.149,56.71,40.81,16.21,59.38,164.49,2918.0,3430.0,154.97,15.375,21086.59,7650.0,73.73,127.59,,107.738,0.9774
5083,2019-06-27,96.194,109.6401,117.5,1359.6,86.52,2.005,2.144,56.93,40.9,15.82,59.43,164.1,2931.0,3433.0,155.72,15.294,21338.17,7690.5,69.92,127.94,,107.747,0.9766
5084,2019-06-28,96.13,109.6803,118.12,1366.86,85.78,2.0,2.1,57.07,40.94,15.08,58.47,164.29,2944.25,3466.0,155.59,15.341,21275.92,7693.75,70.43,127.97,,107.895,0.9762
5085,2019-07-01,96.844,109.4441,119.86,1364.89,79.58,2.034,2.125,56.94,40.8,14.06,59.09,161.46,2967.75,3486.0,155.0,15.193,21729.97,7790.0,66.53,127.69,,108.366,0.987
5086,2019-07-02,96.726,109.7889,122.14,1384.05,78.22,1.977,2.205,57.06,40.88,12.93,56.25,163.63,2979.5,3499.0,156.09,15.238,21754.27,7838.25,68.6,128.14,,107.805,0.9852
5087,2019-07-03,96.768,109.9576,120.82,1400.8199,80.04,1.953,2.21,57.23,41.0,12.57,57.34,165.13,3000.25,3529.0,156.66,15.336,21638.16,7887.5,68.33,128.25,,107.779,0.9856
5088,2019-07-04,96.768,,,,,,,,,,57.34,,,3534.0,156.83,15.35,21702.45,,,128.3,,107.809,0.9847
5089,2019-07-05,97.286,109.3386,126.66,1398.8101,79.78,2.046,2.22,56.88,40.83,13.28,57.51,162.71,2990.5,3517.0,154.97,15.001,21746.38,7851.5,65.28,127.47,,108.465,0.9917
5090,2019-07-08,97.384,109.4508,121.42,1400.1801,83.66,2.034,2.238,56.82,40.795,13.96,57.66,162.7,2978.5,3516.0,155.41,15.05,21534.35,7801.0,63.22,127.5,,108.721,0.9941
5091,2019-07-09,97.489,109.3249,120.44,1404.7,82.31,2.058,2.254,56.76,40.8,14.09,57.83,162.76,2982.0,3501.0,155.09,15.147,21565.15,7845.25,62.9,127.3,,108.924,0.9936
5092,2019-07-10,97.104,109.3337,120.66,1411.08,85.97,2.061,2.19,56.79,40.84,13.03,60.43,164.16,2997.5,3494.0,154.66,15.226,21533.48,7928.75,62.39,127.44,,108.334,0.9879
5093,2019-07-11,97.05,108.9603,122.45,1397.83,88.2,2.12,2.157,56.56,40.81,12.93,60.2,163.5,3004.0,3490.0,153.53,15.146,21643.53,7918.75,62.96,126.98,,108.588,0.9905
5094,2019-07-12,96.81,109.0416,123.65,1395.54,86.14,2.106,2.151,56.6,40.87,12.39,60.21,164.13,3015.5,3489.0,153.72,15.236,21685.9,7960.0,62.78,127.11,,107.905,0.9842
5095,2019-07-15,96.933,109.1663,126.22,1393.34,86.2,2.094,2.143,56.68,40.86,12.68,59.58,164.28,3017.25,3500.0,154.06,15.365,,7986.75,61.9,127.17,,107.889,0.9841
5096,2019-07-16,97.395,108.9962,125.15,1391.1801,88.25,2.12,2.159,56.57,40.82,12.86,57.62,164.0,3007.0,3512.0,153.62,15.678,21535.25,7942.75,61.29,126.92,,108.201,0.988
5097,2019-07-17,97.223,109.368,123.98,1388.77,90.35,2.061,2.128,56.85,40.78,13.97,56.78,165.41,2985.0,3494.0,154.75,15.971,21469.18,7885.5,62.29,127.36,,107.937,0.9866
5098,2019-07-18,96.794,109.5279,125.42,1391.74,84.04,2.04,2.069,56.96,40.8,13.53,55.3,165.98,2997.5,3478.0,154.97,16.198,21046.24,7933.5,63.12,127.64,,107.401,0.9826
5099,2019-07-19,97.151,109.4345,125.5,1372.5,86.77,2.05,2.066,56.86,40.71,14.45,55.76,165.82,2977.0,3471.0,154.75,16.195,21466.99,7842.75,63.86,127.53,,107.715,0.9818
5100,2019-07-22,97.257,109.5027,125.36,1367.46,81.22,2.043,2.082,56.99,40.79,13.53,56.22,165.85,2989.0,3482.0,154.94,16.411,21416.79,7924.75,60.97,127.59,,107.904,0.9824
5101,2019-07-23,97.705,109.2932,124.65,1380.52,78.99,2.074,2.092,56.99,40.87,12.61,56.77,165.25,3008.0,3531.0,154.28,16.476,21620.88,7983.75,61.23,127.36,,108.232,0.9854
5102,2019-07-24,97.729,109.434,123.08,1381.91,83.89,2.05,2.095,57.1,40.94,12.07,55.88,165.48,3021.5,3528.0,154.81,16.626,21709.57,8038.0,60.71,127.52,,108.189,0.9847
5103,2019-07-25,97.818,109.2528,121.88,1373.15,84.3,2.074,2.113,56.96,40.89,12.74,56.02,164.44,3006.5,3509.0,154.31,16.411,21756.55,7981.75,60.99,127.28,,108.666,0.991
5104,2019-07-26,98.01,109.239,123.27,1374.27,83.11,2.081,2.118,57.04,41.01,12.16,56.2,164.99,3024.5,3521.0,154.34,16.397,21658.15,8019.75,58.9,127.22,,108.675,0.9935
5105,2019-07-29,98.044,109.4097,125.1,1378.15,88.16,2.055,2.105,57.05,40.96,12.83,56.87,165.11,3021.75,3524.0,154.78,16.44,21616.8,8001.25,58.55,127.45,,108.866,0.9916
5106,2019-07-30,98.05,109.3739,121.94,1381.55,91.58,2.061,2.095,57.03,40.94,13.94,58.05,166.09,3012.25,3459.0,154.62,16.558,21709.31,7963.25,57.84,127.34,,108.562,0.9897
5107,2019-07-31,98.516,109.5479,121.71,1371.26,96.28,2.021,2.085,57.1,40.84,16.12,58.58,165.63,2982.25,3462.0,155.59,16.405,21521.53,7866.75,55.25,127.42,,108.82,0.9938
5108,2019-08-01,98.369,110.4469,117.07,1371.3199,105.47,1.89,2.085,57.36,40.65,17.87,56.31,165.01,2952.0,3481.0,157.69,16.18,21540.99,7808.25,64.68,128.69,,107.431,0.9901
5109,2019-08-02,98.074,110.6717,117.25,1378.08,102.69,1.855,2.064,57.41,40.71,17.61,55.66,167.9,2932.5,3377.0,158.59,16.27,21087.16,7702.25,66.11,128.86,,106.595,0.9822
5110,2019-08-05,97.522,111.4908,113.3,1353.4301,114.4,1.736,2.015,57.56,40.28,24.59,54.69,170.09,2830.0,3310.0,160.72,16.393,20720.29,7385.25,77.24,129.84,,105.593,0.9706
5111,2019-08-06,97.63,111.5536,114.2,1361.72,107.45,1.739,2.049,57.73,40.44,20.17,53.63,170.98,2876.0,3291.0,161.0,16.445,20585.31,7515.5,73.92,129.77,,106.337,0.9757
5112,2019-08-07,97.544,111.9789,113.96,1374.5601,104.27,1.684,2.021,57.79,40.45,19.49,51.09,175.05,2880.5,3301.0,162.22,17.196,20516.56,7553.25,79.08,130.16,,106.121,0.9747
5113,2019-08-08,97.618,111.7285,117.71,1393.91,98.66,1.715,2.023,57.85,40.56,16.91,52.54,173.89,2940.0,3358.0,161.56,16.936,20593.35,7735.75,78.55,129.92,,105.874,0.9739
5114,2019-08-09,97.491,111.6394,116.34,1392.38,101.52,1.736,2.002,57.7,40.52,17.97,54.5,173.78,2919.75,3323.0,161.28,16.931,20684.82,7660.25,78.97,129.69,,105.675,0.9725
5115,2019-08-12,97.38,112.3536,115.15,1387.1899,110.31,1.639,1.984,58.01,40.375,21.09,54.93,174.78,2880.25,3325.0,163.44,17.071,,7566.75,81.58,130.38,,105.358,0.9692
5116,2019-08-13,97.812,112.0553,117.58,1387.39,102.21,1.68,2.008,57.94,40.55,17.52,57.1,174.42,2932.0,3359.0,162.94,17.125,20455.44,7748.0,77.7,129.83,,106.59,0.9758
5117,2019-08-14,97.987,112.766,113.48,1370.41,113.99,1.581,1.959,58.11,40.27,22.1,55.23,176.0,2840.75,3281.0,164.91,17.422,20655.13,7488.75,87.22,130.52,,105.916,0.9735
5118,2019-08-15,98.144,113.1443,112.52,1380.9,112.26,1.527,1.902,58.41,40.41,21.18,54.47,176.39,2848.5,3281.0,165.72,17.353,20405.65,7496.25,90.62,130.95,,106.083,0.9763
5119,2019-08-16,98.142,113.0933,115.84,1394.78,110.32,1.539,1.871,58.4,40.49,18.47,54.87,175.51,2891.5,3325.0,165.56,17.263,20418.81,7611.75,89.52,130.92,,106.375,0.9784
5120,2019-08-19,98.347,112.5994,116.48,1404.71,101.22,1.598,1.907,58.225,40.61,16.88,56.14,174.13,2923.75,3367.0,164.25,17.076,20563.16,7727.5,86.49,130.44,,106.574,0.9812
5121,2019-08-20,98.19,112.8707,114.78,1394.58,104.77,1.561,1.951,58.49,40.55,17.5,56.13,174.6,2898.25,3346.0,165.0,17.286,20677.22,7668.0,86.86,130.73,,106.274,0.9778
5122,2019-08-21,98.295,112.7253,114.48,1398.54,98.03,1.576,1.974,58.53,40.73,15.8,55.68,174.6,2929.25,3389.0,164.81,17.29,20618.57,7750.25,84.51,130.53,,106.597,0.9819
5123,2019-08-22,98.17,112.4451,114.46,1403.55,100.94,1.61,1.992,58.41,40.77,16.68,55.35,173.78,2922.25,3366.0,164.09,17.178,20628.01,7711.25,83.15,130.3,,106.468,0.9837
5124,2019-08-23,97.64,113.0218,112.62,1390.1,111.37,1.528,1.964,58.61,40.65,19.87,54.17,177.13,2855.5,3340.0,165.53,17.554,20710.91,7504.5,91.82,130.95,,105.405,0.9747
5125,2019-08-26,98.081,112.9173,113.07,1395.63,106.27,1.545,1.987,58.575,40.875,19.32,53.64,177.08,2883.25,3347.0,165.09,17.785,20261.04,7590.5,87.98,130.78,,105.978,0.9791
5126,2019-08-27,97.999,113.3297,111.76,1391.5,106.49,1.49,1.995,58.79,40.85,20.31,54.93,178.76,2865.5,3361.0,166.5,18.298,20456.08,7562.75,88.67,131.14,,105.738,0.9809
5127,2019-08-28,98.21,113.4968,113.65,1395.12,103.95,1.468,1.992,58.86,40.94,19.35,55.78,178.45,2889.75,3366.0,166.91,18.456,20479.42,7599.25,89.87,131.36,,106.07,0.9813
5128,2019-08-29,98.507,113.1932,115.02,1403.29,99.8,1.516,1.992,58.77,40.97,17.88,56.71,177.05,2926.75,3411.0,166.06,18.323,20460.93,7712.0,86.94,130.95,,106.438,0.9859
5129,2019-08-30,98.916,113.294,115.37,1405.35,102.66,1.506,1.987,58.79,40.94,18.98,55.1,176.18,2924.75,3419.0,166.06,18.342,20704.37,7690.75,86.89,131.05,,106.305,0.9901
5130,2019-09-02,98.916,,,,,,,,,,55.1,,,3430.0,165.2,18.492,20620.19,,,131.73,,106.193,0.9903
5131,2019-09-03,99.0,113.5763,114.68,1412.02,102.19,1.466,1.964,58.54,40.66,19.66,53.94,179.24,2906.0,3414.0,166.72,19.237,20625.16,7617.5,85.27,131.45,,105.861,0.9868
5132,2019-09-04,98.451,113.6423,115.99,1424.98,97.3,1.459,1.967,58.67,40.79,17.33,56.26,179.75,2938.5,3449.0,166.75,19.547,20649.14,7722.75,81.6,131.61,,106.336,0.9808
5133,2019-09-05,98.414,112.8538,118.58,1418.1,95.51,1.565,1.972,58.36,40.88,16.27,56.3,175.73,2972.0,3482.0,164.69,18.807,21085.94,7855.5,79.92,130.66,,107.072,0.9862
5134,2019-09-06,98.394,113.0357,118.87,1422.58,94.4,1.55,1.961,58.46,40.94,15.0,56.52,174.58,2980.75,3491.0,165.31,18.119,21199.57,7857.75,78.82,130.73,,106.915,0.9874
5135,2019-09-09,98.281,112.5485,118.79,1421.51,94.5,1.622,1.964,58.16,40.96,15.27,57.85,174.07,2978.25,3493.0,163.78,18.167,21318.42,7830.75,76.44,130.25,176.33,107.337,0.9924
5136,2019-09-10,98.326,111.9383,119.01,1413.33,94.12,1.702,1.962,57.71,41.03,15.2,57.4,172.7,2978.5,3499.0,162.25,18.186,21392.1,7815.0,76.78,129.56,174.98,107.6,0.9916
5137,2019-09-11,98.645,111.7669,119.95,1416.66,97.79,1.733,1.962,57.74,40.98,14.61,55.75,173.16,3002.0,3513.0,161.72,18.17,21597.76,7889.75,76.7,129.34,174.24,108.021,0.9937
5138,2019-09-12,98.309,111.3577,119.95,1417.11,95.94,1.791,1.956,57.63,40.985,14.22,55.09,173.65,3011.75,3541.0,160.59,18.177,21759.61,7921.5,77.57,128.89,173.05,108.176,0.9904
5139,2019-09-13,98.257,110.6243,118.4,1409.58,98.93,1.901,1.959,57.23,40.95,13.74,54.85,172.74,3008.5,3554.0,158.38,17.569,21988.29,7908.25,85.53,128.08,171.56,108.085,0.9904
5140,2019-09-16,98.61,111.051,119.16,1417.6899,101.73,1.843,1.999,57.46,41.09,14.67,62.9,174.12,3001.5,3526.0,159.72,18.026,,7879.5,85.95,128.53,172.1,108.161,0.9929
5141,2019-09-17,98.261,111.2439,117.94,1428.5601,101.67,1.812,2.0,57.63,41.095,14.44,59.34,174.34,3008.0,3522.0,160.16,18.14,22001.32,7914.5,84.76,128.72,171.99,108.097,0.9925
5142,2019-09-18,98.561,111.4313,118.09,1425.0,99.09,1.784,1.941,57.72,41.04,13.95,58.11,174.62,3008.5,3533.0,160.84,17.919,21960.71,7918.0,79.66,128.81,171.28,108.425,0.9968
5143,2019-09-19,98.272,111.5437,118.77,1427.3101,97.3,1.774,1.938,57.83,41.02,14.05,58.19,173.51,3008.0,3552.0,161.22,17.884,22044.45,7918.0,78.14,128.92,172.42,108.041,0.9927
5144,2019-09-20,98.513,111.684,117.5,1427.0699,101.03,1.754,1.91,58.13,41.05,15.32,58.09,174.54,2989.5,3565.0,160.88,17.849,22079.09,7830.5,80.07,129.69,172.59,107.565,0.9909
5145,2019-09-23,98.599,112.0285,118.78,1429.38,97.6,1.708,1.905,58.14,41.07,14.91,58.64,176.43,2997.0,3524.0,161.66,18.711,,7850.5,81.01,130.08,173.52,107.614,0.9898
5146,2019-09-24,98.337,112.5081,118.01,1427.95,104.96,1.635,1.931,58.3,41.05,17.05,57.29,177.43,2970.25,3518.0,163.12,18.628,22098.84,7735.25,83.07,130.72,173.71,107.163,0.9859
5147,2019-09-25,99.037,111.8441,117.98,1432.23,99.68,1.732,1.895,58.03,40.98,15.96,56.49,174.21,2986.25,3493.0,161.25,18.073,22020.15,7820.25,80.22,129.95,173.34,107.692,0.9909
5148,2019-09-26,99.132,112.1933,117.51,1443.8101,100.31,1.685,1.828,58.16,40.96,16.07,56.41,174.55,2980.5,3517.0,162.31,17.912,22048.24,7787.25,79.87,130.28,173.3,107.756,0.9934
5149,2019-09-27,99.109,112.2992,116.61,1439.22,103.2,1.675,1.797,58.13,40.9,17.22,55.91,173.53,2963.75,3530.0,162.34,17.652,21878.9,7701.25,79.97,130.39,173.19,107.935,0.9909
5150,2019-09-30,99.377,112.3131,117.67,1438.97,97.62,1.675,1.825,58.28,40.95,16.24,54.07,169.67,2978.5,3555.0,162.31,16.998,21755.84,7770.5,77.2,130.31,173.23,108.069,0.9976
5151,2019-10-01,99.128,112.5509,114.01,1427.28,102.74,1.644,1.826,58.18,40.66,18.56,53.62,171.53,2937.75,3512.0,162.69,17.302,21885.24,7695.5,85.61,130.66,173.18,107.737,0.9927
5152,2019-10-02,99.019,112.8597,111.47,1421.64,103.81,1.597,1.808,58.21,40.45,20.56,52.64,173.71,2880.5,3408.0,163.31,17.683,21778.61,7546.25,89.39,131.14,172.77,107.163,0.9967
5153,2019-10-03,98.864,113.3442,112.44,1433.0699,98.2,1.536,1.718,58.38,40.42,19.12,52.45,174.39,2911.75,3406.0,164.41,17.676,21341.74,7658.5,87.94,131.75,173.44,106.826,0.9981
5154,2019-10-04,98.808,113.4798,114.54,1441.2,95.19,1.514,1.705,58.56,40.52,17.04,52.81,174.28,2951.0,3428.0,165.0,17.625,21410.2,7767.25,83.15,131.91,173.47,106.945,0.9955
5155,2019-10-07,98.967,113.1985,118.76,1439.42,97.04,1.553,1.723,58.38,40.51,17.86,52.75,173.3,2937.5,3455.0,164.41,17.54,21375.25,7740.0,81.86,131.52,173.29,107.251,0.9948
5156,2019-10-08,99.133,113.2888,118.42,1431.53,102.27,1.537,1.7,58.39,40.37,20.28,52.63,173.25,2892.5,3425.0,164.56,17.7,21587.78,7622.0,80.47,131.7,173.65,106.961,0.9926
5157,2019-10-09,99.118,112.9737,119.95,1433.45,101.25,1.589,1.705,58.35,40.47,18.64,52.59,174.27,2919.0,3447.0,163.56,17.81,21456.38,7699.75,79.31,131.28,173.03,107.182,0.9929
5158,2019-10-10,98.701,112.4992,120.85,1433.25,99.66,1.659,1.687,58.0,40.52,17.57,53.55,172.9,2941.0,3485.0,162.25,17.602,21551.98,7760.25,80.14,130.7,171.98,107.88,0.9961
5159,2019-10-11,98.301,111.9149,122.4,1439.5699,97.7,1.753,1.682,57.9,40.66,15.58,54.7,171.49,2970.75,3556.0,160.44,17.544,21798.87,7859.0,79.86,129.88,171.37,108.415,0.9968
5160,2019-10-14,98.454,111.9149,124.85,1438.63,94.43,,,58.1,40.69,14.57,53.59,172.52,2965.5,3544.0,161.12,17.71,,7857.5,,130.22,171.56,108.388,0.9976
5161,2019-10-15,98.288,111.8114,127.17,1445.54,93.98,1.769,1.671,57.95,40.74,13.54,52.81,170.9,2997.75,3592.0,159.94,17.384,22207.21,7959.75,80.06,129.77,170.87,108.817,0.9985
5162,2019-10-16,98.002,111.9295,125.53,1449.4301,93.16,1.745,1.669,58.0,40.76,13.68,53.36,172.11,2991.5,3593.0,160.28,17.427,22472.92,7948.5,77.94,129.98,170.56,108.677,0.9942
5163,2019-10-17,97.607,111.8679,128.01,1454.34,90.27,1.755,1.669,58.04,40.785,13.79,53.93,172.6,2998.0,3588.0,160.19,17.612,22451.86,7952.75,77.61,129.91,171.06,108.581,0.9873
5164,2019-10-18,97.282,111.9168,126.24,1461.4,91.2,1.748,1.671,58.13,40.8,14.25,53.78,172.12,2988.25,3572.0,160.22,17.578,22492.68,7880.75,78.35,130.03,170.83,108.43,0.9843
5165,2019-10-21,97.328,111.6529,128.44,1473.0699,87.29,1.792,1.669,57.99,40.82,14.0,53.51,171.43,3006.5,3592.0,159.44,17.602,22548.9,7948.25,80.25,129.62,170.23,108.601,0.9859
5166,2019-10-22,97.526,111.824,125.79,1470.98,89.32,1.766,1.659,58.08,40.81,14.46,54.48,171.36,2994.5,3593.0,160.06,17.5,,7858.75,78.73,129.81,170.76,108.483,0.9893
5167,2019-10-23,97.465,111.8602,127.92,1473.76,87.59,1.759,1.659,58.12,40.86,14.01,55.97,172.3,3005.75,3598.0,160.09,17.58,22625.38,7901.5,73.03,129.86,,108.642,0.9901
5168,2019-10-24,97.631,111.8148,125.22,1472.58,86.55,1.766,1.672,58.18,40.88,13.71,56.23,173.34,3004.25,3611.0,159.97,17.804,22750.6,7928.25,68.97,129.84,170.81,108.606,0.9923
5169,2019-10-25,97.831,111.5673,125.7,1459.3101,83.82,1.803,1.674,58.07,40.94,12.65,56.66,173.41,3020.25,3614.0,159.38,17.926,22799.81,8035.75,67.07,129.53,170.43,108.66,0.9945
5170,2019-10-28,97.764,111.2444,125.26,1454.36,86.48,1.853,1.648,57.97,40.94,13.11,55.81,172.31,3036.25,3621.0,158.28,17.876,22867.27,8094.75,67.41,129.16,169.73,108.734,0.9942
5171,2019-10-29,97.69,111.3595,127.29,1456.48,87.75,1.835,1.644,57.88,40.87,13.2,55.54,171.72,3035.75,3611.0,158.69,17.831,22974.13,8055.25,67.61,129.27,170.12,108.964,0.9948
5172,2019-10-30,97.646,111.6372,129.64,1463.9399,86.47,1.798,1.644,58.06,40.82,12.33,55.06,172.42,3047.75,3610.0,159.59,17.867,22843.12,8111.25,63.32,129.48,170.14,108.874,0.9941
5173,2019-10-31,97.352,112.3843,130.71,1462.38,88.92,1.691,1.546,58.37,40.7,13.22,54.18,174.5,3035.75,3609.0,161.38,18.067,22927.04,8090.25,65.88,130.3,171.14,108.789,0.989
5174,2019-11-01,97.239,112.1354,126.88,1462.04,85.69,1.728,1.528,58.24,40.64,12.3,56.2,174.11,3063.25,3614.0,160.62,18.052,22850.77,8160.25,57.28,130.02,170.84,107.996,0.9864
5175,2019-11-04,97.505,111.762,129.74,1453.17,88.75,1.786,1.548,58.0,40.66,12.83,56.54,174.07,3075.75,3657.0,159.47,18.066,,8215.75,60.18,129.58,170.41,108.22,0.9858
5176,2019-11-05,97.983,111.2716,126.78,1435.1,90.98,1.865,1.559,57.73,40.63,13.1,57.23,170.92,3072.0,3669.0,157.88,17.568,23251.99,8210.75,61.48,128.92,169.72,108.694,0.9883
5177,2019-11-06,97.952,111.6043,125.2,1435.71,89.59,1.814,1.556,57.98,40.6,12.62,56.35,172.0,3075.5,3679.0,158.97,17.598,23303.82,8207.25,61.73,129.33,169.86,109.146,0.9924
5178,2019-11-07,98.143,110.8609,124.68,1423.62,90.15,1.922,1.559,57.63,40.59,12.73,57.15,168.93,3086.0,3697.0,156.66,17.01,23330.32,8230.5,67.08,128.39,168.76,108.913,0.9925
5179,2019-11-08,98.353,110.8008,123.3,1415.29,89.06,1.933,1.554,57.58,40.6,12.07,57.24,168.52,3090.5,3689.0,156.41,16.823,23391.87,8257.25,64.44,128.39,168.88,109.274,0.9946
5180,2019-11-11,98.2,110.8008,123.85,1417.02,89.56,,,57.6,40.56,12.69,56.86,167.86,3087.5,3694.0,156.5,16.802,23331.84,8249.75,64.44,128.39,168.75,109.226,0.9972
5181,2019-11-12,98.309,110.9993,123.18,1404.77,90.35,1.909,1.574,57.61,40.59,12.68,56.8,167.46,3092.0,3711.0,157.0,16.835,23520.01,8275.0,69.82,128.53,168.73,109.042,0.993
5182,2019-11-13,98.373,111.2695,124.61,1412.36,93.5,1.87,1.572,57.73,40.57,13.0,57.12,168.56,3095.5,3693.0,157.62,17.057,23319.87,8265.75,66.1,128.89,169.55,108.993,0.9927
5183,2019-11-14,98.163,111.6434,126.28,1422.04,93.45,1.815,1.574,57.98,40.54,13.05,56.77,169.71,3097.0,3684.0,158.66,17.172,23141.55,8265.5,64.17,129.34,170.18,108.798,0.9897
5184,2019-11-15,97.999,111.5133,124.95,1429.96,93.35,1.834,1.569,57.94,40.63,12.05,57.72,169.16,3118.25,3704.0,158.31,17.092,23303.32,8318.75,61.7,129.14,170.04,108.492,0.9888
5185,2019-11-18,97.794,111.6781,126.59,1438.5699,93.99,1.808,1.561,58.08,40.6,12.46,57.05,169.55,3121.75,3694.0,158.78,17.143,23416.76,8333.5,64.13,129.33,170.03,108.699,0.989
5186,2019-11-19,97.856,111.8562,127.46,1441.95,95.95,1.786,1.567,58.15,40.49,12.86,55.35,169.83,3118.5,3691.0,159.34,17.265,23292.65,8341.5,62.64,129.44,170.1,108.662,0.9891
5187,2019-11-20,97.934,112.1738,127.46,1436.45,95.36,1.738,1.572,58.22,40.41,12.78,57.01,169.8,3109.0,3682.0,160.31,17.261,23148.57,8291.75,65.58,129.8,170.28,108.445,0.9903
5188,2019-11-21,97.993,111.9486,124.87,1419.35,96.09,1.772,1.577,58.14,40.42,13.13,58.58,168.6,3104.0,3682.0,159.72,17.211,23038.58,8274.5,61.83,129.48,169.94,108.478,0.9904
5189,2019-11-22,98.27,111.9471,125.53,1417.64,94.4,1.774,1.589,58.24,40.54,12.34,57.77,168.6,3111.5,3680.0,159.88,17.147,23112.88,8280.5,62.17,129.45,170.43,108.585,0.9927
5190,2019-11-25,98.323,112.0684,128.65,1423.52,90.24,1.764,1.589,58.4,40.63,11.87,58.01,167.83,3132.75,3705.0,160.06,17.03,23292.81,8376.5,61.55,129.52,170.28,108.73,0.9976
5191,2019-11-26,98.252,112.2543,130.28,1438.62,89.88,1.74,1.605,58.49,40.65,11.54,58.41,168.24,3143.75,3704.0,160.59,17.188,23373.32,8400.75,60.39,129.69,170.87,108.992,0.9967
5192,2019-11-27,98.37,112.0715,130.37,1445.5,90.2,1.767,1.608,58.47,40.73,11.75,58.11,167.49,3153.75,3706.0,160.09,17.055,23437.77,8454.75,57.62,129.38,170.77,109.097,0.9976
5193,2019-11-28,98.37,,,,,1.767,1.613,,,,,,,3700.0,159.08,17.032,23409.14,,57.62,129.38,170.68,109.367,0.9985
5194,2019-11-29,98.273,112.0528,129.83,1439.5601,91.05,1.774,1.587,58.4,40.57,12.62,55.17,168.85,3143.75,3702.0,159.75,17.106,23293.91,8417.5,56.57,129.3,170.41,109.512,0.9984
5195,2019-12-02,97.856,111.6195,126.35,1421.53,98.91,1.836,1.579,58.03,40.42,14.91,55.96,168.45,3114.25,3627.0,158.19,16.966,23529.5,8316.0,59.42,128.89,169.26,109.535,1.0001
5196,2019-12-03,97.737,112.502,122.78,1426.11,102.65,1.709,1.579,58.42,40.41,15.96,56.1,170.19,3091.0,3609.0,160.88,17.248,23379.81,8251.25,64.62,129.97,170.38,109.022,0.9914
5197,2019-12-04,97.648,112.0177,123.31,1430.42,98.72,1.781,1.559,58.32,40.51,14.8,58.43,169.71,3111.0,3656.0,159.5,16.916,23135.23,8295.25,63.01,129.41,170.04,108.653,0.9869
5198,2019-12-05,97.41,111.9286,123.64,1433.78,98.12,1.796,1.546,58.25,40.58,14.52,58.43,170.04,3117.75,3652.0,159.12,17.059,23300.09,8309.25,63.73,129.31,169.66,108.832,0.9883
5199,2019-12-06,97.7,111.6385,131.48,1437.53,96.52,1.843,1.523,58.17,40.62,13.62,59.2,167.98,3146.0,3690.0,158.44,16.596,23354.4,8400.25,64.07,128.91,169.57,108.738,0.987
5200,2019-12-09,97.644,111.7432,136.56,1439.64,101.89,1.829,1.546,58.21,40.62,15.86,59.02,167.96,3134.5,3669.0,158.78,16.642,23430.7,8356.0,67.29,129.0,169.65,108.626,0.9905
5201,2019-12-10,97.413,111.744,135.0,1433.3101,101.03,1.831,1.567,58.16,40.72,15.68,59.24,168.32,3136.0,3667.0,158.88,16.702,23410.19,8363.75,67.09,128.94,169.49,108.582,0.9878
5202,2019-12-11,97.078,112.0189,134.37,1416.52,104.82,1.79,1.572,58.35,40.78,14.99,58.76,169.12,3143.0,3689.0,159.69,16.849,23391.86,8405.5,61.3,129.3,169.89,108.764,0.9845
5203,2019-12-12,97.397,111.3167,132.68,1396.16,101.3,1.899,1.572,58.14,40.89,13.94,58.76,168.81,3168.0,3709.0,157.56,16.949,23424.81,8465.25,61.63,128.44,169.01,108.549,0.9824
5204,2019-12-13,97.172,111.8626,144.51,1395.12,96.61,1.819,1.564,58.45,40.93,12.63,60.07,169.83,3175.25,3727.0,159.03,17.012,24023.1,8521.0,56.44,129.09,169.3,109.413,0.985
5205,2019-12-16,97.019,111.4485,143.85,1402.64,94.21,1.889,1.566,58.39,41.06,12.14,60.21,169.75,3198.5,3772.0,157.66,17.113,23952.35,8606.0,56.13,128.53,169.18,109.4,0.984
5206,2019-12-17,97.222,111.4496,137.48,1390.1899,98.56,1.889,1.572,58.33,41.17,12.29,60.94,169.76,3195.5,3745.0,157.62,17.072,24066.12,8605.25,55.38,128.58,169.38,109.576,0.9832
5207,2019-12-18,97.4,111.2488,144.56,1398.53,99.2,1.924,1.559,58.26,41.24,12.58,60.85,169.54,3199.25,3742.0,156.84,17.049,23934.43,8620.75,53.41,128.33,168.74,109.516,0.9797
5208,2019-12-19,97.379,111.3436,150.14,1406.84,97.25,1.908,1.574,58.16,41.03,12.5,61.18,170.19,3211.75,3733.0,156.81,17.154,23864.85,8673.5,53.7,128.55,168.55,109.551,0.98
5209,2019-12-20,97.69,111.3112,147.17,1411.3101,99.29,1.917,1.579,58.18,40.975,12.51,60.44,169.79,3225.75,3770.0,156.25,17.224,23816.63,8710.75,54.19,128.25,168.4,109.383,0.9782
5210,2019-12-23,97.658,111.2016,143.91,1405.85,99.82,1.935,1.571,58.15,41.0,12.61,60.52,170.69,3227.25,3766.0,155.88,17.499,23821.11,8726.5,55.31,128.09,168.7,109.493,0.9823
5211,2019-12-24,97.654,111.376,143.87,1409.83,98.83,1.903,1.577,58.25,41.03,12.67,61.11,172.53,3225.75,,156.38,17.853,23830.58,8729.5,58.32,128.31,,109.382,0.9815
5212,2019-12-25,97.654,,,,,,,,,,,,,,156.39,17.832,23782.87,,58.32,128.35,,109.383,0.9803
5213,2019-12-26,97.534,111.4228,143.07,1416.65,97.46,1.905,1.577,58.33,41.09,12.65,61.68,173.63,3244.5,,156.47,17.99,23924.92,8804.25,56.42,128.38,,109.369,0.9795
5214,2019-12-27,96.919,111.6605,140.29,1423.5699,99.63,1.873,1.564,58.43,41.1,13.43,61.72,174.06,3237.5,3770.0,156.91,17.943,23837.72,8783.25,55.3,128.66,168.88,109.542,0.9815
5215,2019-12-30,96.74,111.5526,133.56,1422.72,100.02,1.896,1.541,58.46,41.07,14.82,61.68,174.11,3223.5,3729.0,156.25,18.001,23656.62,8733.75,59.63,128.53,167.75,109.428,0.9737
5216,2019-12-31,96.389,111.4236,139.52,1430.4,94.1,1.919,1.556,58.3,41.1,13.78,61.06,174.63,3231.0,,155.91,17.921,,8752.25,58.28,128.42,,108.868,0.9686
5217,2020-01-01,96.389,,,,,,,,,,,,,,155.52,17.938,,,58.28,128.29,,108.681,0.9672
5218,2020-01-02,96.846,111.6219,137.7,1412.53,89.67,1.882,1.536,58.43,41.26,12.47,61.18,175.2,3259.0,3782.0,156.59,18.046,,8891.75,57.2,128.62,168.53,108.713,0.9675
5219,2020-01-03,96.838,112.2253,133.46,1423.95,93.79,1.788,1.518,58.55,41.22,14.02,63.05,177.99,3235.5,3754.0,158.28,18.151,,8810.0,60.12,129.39,169.38,108.543,0.9712
5220,2020-01-06,96.671,112.0537,132.51,1424.42,92.66,1.811,1.541,58.49,41.2,13.85,63.27,179.87,3243.5,3739.0,157.84,18.179,23204.86,8847.5,62.79,129.25,169.5,107.964,0.9715
5221,2020-01-07,97.005,111.94,129.78,1412.48,91.07,1.826,1.551,58.4,41.16,13.79,62.7,180.5,3235.25,3750.0,157.41,18.393,23575.72,8853.0,62.63,129.16,169.39,108.406,0.9685
5222,2020-01-08,97.299,111.5993,136.42,1411.87,90.21,1.874,1.544,58.32,41.21,13.45,59.61,178.88,3260.25,3761.0,156.38,18.167,23204.76,8944.5,60.49,128.77,169.05,108.016,0.9688
5223,2020-01-09,97.45,111.7458,133.47,1410.14,87.81,1.858,1.541,58.49,41.33,12.54,59.56,178.21,3276.0,3782.0,156.81,17.936,23739.87,9009.0,57.66,128.89,168.42,109.049,0.9732
5224,2020-01-10,97.356,111.986,128.15,1418.26,88.33,1.827,1.538,58.64,41.33,12.56,59.04,178.87,3264.75,3780.0,157.62,18.105,23850.57,8978.25,53.32,129.08,168.28,109.507,0.9731
5225,2020-01-13,97.345,111.8729,131.27,1430.04,88.48,1.848,1.551,58.53,41.35,12.32,58.08,177.79,3289.75,3764.0,157.25,17.996,,9088.25,53.27,128.92,168.04,109.566,0.9731
5226,2020-01-14,97.372,112.0746,130.82,1426.46,86.87,1.818,1.572,58.57,41.32,12.39,58.23,177.1,3288.0,3762.0,157.91,17.742,24025.17,9062.5,52.35,129.14,168.29,109.992,0.9707
5227,2020-01-15,97.229,112.2859,130.82,1436.84,91.15,1.788,1.569,58.69,41.35,12.42,57.81,178.15,3293.75,3756.0,158.5,17.988,23916.58,9060.0,50.54,129.34,168.74,109.854,0.9671
5228,2020-01-16,97.32,112.1643,133.13,1451.38,90.38,1.807,1.559,58.75,41.385,12.32,58.52,177.74,3316.5,3762.0,158.09,17.939,23933.13,9133.5,50.37,129.16,169.0,109.883,0.9637
5229,2020-01-17,97.637,111.9507,134.62,1453.54,91.75,1.835,1.561,58.71,41.38,12.1,58.58,178.88,3325.0,3795.0,157.28,18.073,24041.26,9174.5,49.67,129.05,168.9,110.175,0.9649
5230,2020-01-20,97.606,,,,,,1.5612,,,,,,,3790.0,157.48,18.073,24083.51,,49.67,129.16,168.96,110.18,0.9682
5231,2020-01-21,97.531,112.4155,132.7,1461.84,92.98,1.769,1.543,58.92,41.315,12.85,58.38,178.6,3319.5,3778.0,158.59,17.808,23864.56,9169.75,53.42,129.58,169.43,110.173,0.9684
5232,2020-01-22,97.527,112.4844,129.93,1454.55,91.11,1.769,1.554,59.05,41.36,12.91,56.74,178.47,3319.75,3759.0,158.81,17.828,24031.35,9195.75,51.31,129.55,169.61,109.908,0.9688
5233,2020-01-23,97.693,112.7141,131.76,1464.4,92.54,1.739,1.556,59.09,41.29,12.98,55.59,179.46,3326.0,3727.0,159.56,17.829,23795.44,9248.25,55.34,129.78,170.31,109.728,0.9674
5234,2020-01-24,97.853,113.0986,127.02,1462.12,98.43,1.68,1.531,59.17,41.09,14.56,54.19,180.21,3293.5,3767.0,160.62,18.113,23827.18,9144.5,59.94,130.28,170.56,109.552,0.9695
5235,2020-01-27,97.956,113.6214,127.21,1451.9,107.39,1.605,1.548,59.33,40.91,18.23,53.14,180.84,3239.5,3671.0,162.03,18.056,23343.51,8954.5,66.73,130.89,171.5,108.814,0.9699
5236,2020-01-28,98.018,113.3607,125.61,1453.59,102.11,1.642,1.572,59.28,41.17,16.28,53.48,179.94,3278.25,3709.0,161.31,17.458,23215.71,9105.25,65.6,130.61,170.95,108.92,0.9699
5237,2020-01-29,97.991,113.6982,125.15,1451.08,99.07,1.594,1.562,59.47,41.14,16.39,53.33,179.96,3272.5,3730.0,162.25,17.487,23379.4,9098.5,66.17,131.02,171.33,109.132,0.973
5238,2020-01-30,97.867,113.9327,129.95,1448.85,96.49,1.555,1.569,59.44,41.23,15.49,52.14,181.47,3289.75,3679.0,162.91,17.992,22977.75,9216.25,71.07,131.31,171.84,108.987,0.9732
5239,2020-01-31,97.39,114.1642,135.73,1435.3,105.6,1.519,1.554,59.6,41.04,18.84,51.56,181.32,3224.0,3639.0,163.53,18.012,23205.18,8997.75,72.98,131.66,172.29,108.877,0.9694
5240,2020-02-03,97.8,114.1861,127.7,1434.84,102.95,1.52,1.561,59.44,40.89,17.97,50.11,180.69,3245.5,3654.0,163.78,17.67,22971.94,9114.25,72.81,131.58,172.13,108.372,0.9634
5241,2020-02-04,97.961,113.5861,128.65,1447.88,96.18,1.601,1.574,59.26,41.1,16.05,49.61,177.62,3299.5,3722.0,162.09,17.561,23084.59,9355.0,68.17,130.89,171.79,108.612,0.9657
5242,2020-02-05,98.301,113.2727,129.78,1447.7,92.82,1.649,1.562,59.21,41.28,15.15,50.75,178.46,3335.0,3770.0,161.12,17.602,23319.56,9381.5,64.07,130.55,171.18,109.447,0.9693
5243,2020-02-06,98.496,113.3477,134.48,1451.8199,93.61,1.644,1.572,59.22,41.25,14.96,50.95,179.28,3345.25,3799.0,161.38,17.818,23873.59,9455.5,61.24,130.56,171.08,109.814,0.9733
5244,2020-02-07,98.684,113.8345,132.21,1449.55,96.01,1.577,1.564,59.42,41.21,15.47,50.32,179.67,3325.5,3793.0,162.59,17.692,23827.98,9409.5,65.59,131.08,171.44,109.968,0.9745
5245,2020-02-10,98.832,114.0405,133.29,1463.25,96.81,1.549,1.561,59.53,41.24,15.04,49.57,180.36,3353.0,3789.0,163.16,17.785,23685.98,9527.5,68.13,131.36,171.83,109.645,0.9767
5246,2020-02-11,98.721,113.7824,132.95,1465.33,96.96,1.59,1.579,59.44,41.31,15.18,49.94,179.29,3357.5,3825.0,162.47,17.597,,9527.25,64.89,131.0,171.51,109.766,0.9771
5247,2020-02-12,99.049,113.5153,133.2,1471.92,96.65,1.63,1.577,59.44,41.45,13.74,51.17,179.46,3380.5,3847.0,161.69,17.497,23861.21,9625.75,63.52,130.69,171.27,109.843,0.9756
5248,2020-02-13,99.067,113.6039,133.04,1479.6,99.17,1.617,1.587,59.43,41.41,14.15,51.42,180.28,3377.5,3836.0,161.88,17.619,23827.73,9613.0,63.51,130.77,171.52,109.846,0.9776
5249,2020-02-14,99.124,113.8203,132.67,1495.72,98.17,1.588,1.577,59.54,41.47,13.68,52.05,181.15,3381.0,3837.0,162.41,17.734,23687.59,9632.25,62.38,130.98,171.73,109.758,0.9789
5250,2020-02-17,99.003,,,,,,1.5791,,,,,,,3849.0,162.7,17.788,23523.24,,,131.05,171.7,109.791,0.9817
5251,2020-02-18,99.44,114.0684,137.66,1495.37,101.02,1.556,1.577,59.61,41.34,14.83,52.29,183.11,3369.25,3829.0,163.16,18.15,23193.8,9636.0,67.66,131.2,171.78,109.83,0.9804
5252,2020-02-19,99.705,113.981,141.81,1476.96,95.92,1.57,1.579,59.61,41.37,14.38,53.49,184.05,3387.25,3859.0,162.97,18.311,23400.7,9733.5,68.04,131.08,171.91,109.919,0.9829
5253,2020-02-20,99.865,114.2964,137.12,1489.29,99.48,1.525,1.579,59.73,41.42,15.56,53.88,185.04,3369.25,3835.0,163.94,18.319,23479.15,9624.25,69.6,131.44,172.21,111.21,0.9835
5254,2020-02-21,99.262,114.6924,135.14,1492.9301,104.86,1.471,1.559,59.87,41.4,17.08,53.38,188.28,3339.25,3794.0,164.97,18.53,23386.74,9458.0,74.54,131.86,172.17,111.954,0.9838
5255,2020-02-24,99.359,115.3762,130.48,1472.64,112.72,1.377,1.548,59.94,40.97,25.03,51.43,191.45,3226.25,3645.0,166.72,18.876,,9091.0,86.92,132.66,172.82,111.557,0.9788
5256,2020-02-25,98.968,115.7262,130.79,1435.98,121.01,1.33,1.531,59.96,40.63,27.85,49.9,188.41,3132.5,3571.0,167.69,18.191,22605.41,8854.25,87.38,133.12,173.25,110.857,0.9798
5257,2020-02-26,98.996,115.8617,130.65,1420.22,113.44,1.31,1.518,59.83,40.75,27.56,48.73,187.63,3110.25,3574.0,168.09,17.834,22426.19,8850.25,87.0,133.33,173.06,110.286,0.9759
5258,2020-02-27,98.508,115.994,130.65,1357.24,118.0,1.299,1.454,59.61,40.2,39.16,47.09,187.56,2957.0,3457.0,168.5,17.658,21948.23,8382.75,92.59,133.44,173.82,110.363,0.9764
5259,2020-02-28,98.132,117.1854,130.82,1319.21,125.73,1.126,1.285,60.02,40.41,40.11,47.03,178.9,2951.0,3314.0,171.38,16.387,21142.96,8454.0,109.67,134.84,174.69,109.658,0.9688
5260,2020-03-02,97.36,117.4451,126.84,1359.01,114.69,1.088,1.193,59.84,40.44,33.42,46.75,182.11,3065.0,3339.0,172.22,16.679,21344.08,8791.25,104.89,135.27,175.03,107.697,0.964
5261,2020-03-03,97.153,117.8026,123.06,1362.25,116.72,1.013,0.953,60.42,40.33,36.82,47.18,187.77,2997.0,3354.0,173.31,17.129,21082.73,8582.5,102.97,136.0,174.92,108.447,0.9581
5262,2020-03-04,97.336,117.9949,127.38,1406.27,113.97,0.992,0.706,60.41,40.785,31.99,46.78,187.61,3114.75,3411.0,173.41,17.187,21100.06,8896.5,89.59,136.25,175.08,107.048,0.9556
5263,2020-03-05,96.82,118.5016,123.61,1384.3199,119.66,0.926,0.625,60.49,40.29,39.62,45.9,190.47,3015.5,3367.0,174.94,17.342,21329.12,8648.75,96.96,136.77,175.75,107.653,0.9566
5264,2020-03-06,95.951,120.5039,126.08,1360.5,127.16,0.707,0.475,60.79,39.9,41.94,41.28,190.97,2964.0,3233.0,180.97,17.214,20749.75,8503.25,125.21,138.05,176.52,106.248,0.9458
5265,2020-03-09,94.895,122.3158,121.57,1266.64,137.19,0.498,0.383,59.63,38.13,54.46,31.13,191.33,2747.75,2975.0,186.94,17.001,19698.76,7951.5,163.7,139.3,178.23,103.938,0.9275
5266,2020-03-10,96.414,120.0126,121.38,1298.08,138.82,0.749,0.426,58.26,38.65,47.3,34.36,189.58,2865.75,2914.0,180.94,16.906,19867.12,8331.5,123.72,137.55,177.59,103.112,0.9284
5267,2020-03-11,96.507,119.6377,121.72,1231.85,146.93,0.822,0.434,56.84,37.74,53.9,32.98,187.53,2740.25,2894.0,181.72,16.729,19416.06,8003.5,127.84,137.14,176.77,105.026,0.9368
5268,2020-03-12,97.468,119.26,115.79,1111.99,155.05,0.849,0.327,54.39,36.36,75.47,31.5,181.58,2469.0,2567.0,180.25,15.961,18559.63,7215.25,152.62,136.89,176.5,104.55,0.939
5269,2020-03-13,98.749,118.3917,132.37,1168.54,171.28,0.954,0.276,56.07,37.42,57.83,,173.18,2684.0,2551.0,177.94,14.456,17431.05,7900.75,138.4,135.8,174.17,104.691,0.9446
5270,2020-03-16,98.069,120.3041,114.66,984.53,207.59,0.724,0.223,55.21,35.42,82.69,28.7,169.66,2405.25,2419.0,182.19,12.772,17002.04,7040.5,124.53,138.06,172.17,106.688,0.9463
5271,2020-03-17,99.575,118.4763,116.67,1018.55,194.43,0.997,0.208,53.49,35.54,75.91,26.95,174.16,2485.5,2518.0,175.0,12.469,17011.53,7392.25,109.85,136.06,171.93,106.175,0.9475
5272,2020-03-18,101.16,116.1907,113.54,924.04,181.33,1.261,0.02,51.3,34.1,76.45,20.37,168.75,2401.5,2389.0,171.0,11.735,16726.55,7205.5,124.14,134.48,168.79,107.377,0.9596
5273,2020-03-19,102.755,117.495,115.44,909.06,181.76,1.124,0.063,49.31,33.35,72.0,25.91,168.94,2389.0,2454.0,169.28,12.097,16552.83,7273.5,141.13,135.31,167.94,108.36,0.9666
5274,2020-03-20,102.817,118.7958,118.12,886.73,187.18,0.937,0.038,50.07,32.26,66.04,22.63,169.6,2288.5,2585.0,178.0,12.349,,6969.0,133.37,136.45,170.42,111.291,0.9886
5275,2020-03-23,102.487,120.4413,117.05,850.7,167.93,0.767,0.03,52.66,32.02,61.59,23.36,179.25,2220.5,2402.0,179.66,13.225,16887.78,6984.5,135.38,138.2,171.12,110.462,0.9851
5276,2020-03-24,102.039,120.0731,117.75,927.47,171.91,0.816,0.028,53.32,33.2,61.67,24.01,189.57,2438.0,2636.0,178.84,14.229,18092.35,7554.75,111.09,137.45,170.27,110.827,0.9817
5277,2020-03-25,101.05,119.9355,116.6,974.03,171.89,0.856,-0.0051,55.67,33.91,63.95,24.49,186.27,2467.0,2724.0,177.75,14.837,19546.63,7467.75,87.14,137.34,169.62,111.12,0.98
5278,2020-03-26,99.352,120.3107,118.97,1023.97,169.58,0.81,-0.0475,55.45,35.2,61.0,22.6,189.23,2608.0,2772.0,178.13,14.64,18664.6,7844.0,88.48,137.73,171.07,110.876,0.9762
5279,2020-03-27,98.365,120.7348,117.41,1031.02,168.71,0.744,0.015,55.47,35.75,65.54,21.51,188.52,2524.0,2654.0,179.06,14.498,19389.43,7568.5,88.33,138.27,172.56,109.109,0.9617
5280,2020-03-30,99.181,121.1739,122.18,1037.1801,157.66,0.67,0.053,55.92,36.05,57.08,20.09,187.28,2611.25,2714.0,180.72,14.158,19084.97,7854.75,90.7,138.83,173.6,108.035,0.96
5281,2020-03-31,99.048,120.8965,125.49,1026.55,152.92,0.699,0.132,56.02,35.5,53.54,20.48,181.97,2569.75,2747.0,179.06,14.135,18917.01,7786.25,83.87,138.69,172.51,107.508,0.9615
5282,2020-04-01,99.673,121.223,115.48,964.66,156.99,0.633,0.074,55.15,34.39,57.06,20.31,181.38,2448.0,2631.0,181.13,14.088,18065.41,7438.75,83.13,138.98,172.57,107.257,0.9662
5283,2020-04-02,100.18,121.3094,118.43,955.18,147.33,0.627,0.096,55.35,34.83,50.91,25.32,186.66,2516.5,2645.0,181.53,14.617,17818.72,7627.25,71.99,138.89,171.92,108.001,0.9742
5284,2020-04-03,100.576,121.6128,120.57,937.42,143.52,0.589,0.099,55.07,34.17,46.8,28.34,187.57,2482.75,2633.0,182.56,14.525,17820.19,7522.75,65.01,139.14,172.06,108.465,0.9779
5285,2020-04-06,100.685,121.0174,121.01,1004.65,143.3,0.678,0.101,56.17,34.92,45.24,26.08,193.06,2644.5,2769.0,180.56,15.64,18576.3,8029.75,66.28,138.41,171.82,109.115,0.978
5286,2020-04-07,99.9,120.6841,118.48,1028.78,134.45,0.734,0.15,56.18,34.89,46.7,23.63,191.9,2642.0,2823.0,179.22,15.277,18950.18,8012.0,72.21,137.91,170.49,108.651,0.9692
5287,2020-04-08,100.119,120.5172,119.3,1079.9301,141.37,0.764,0.198,56.77,35.69,43.35,25.09,191.97,2735.0,2810.0,178.28,15.242,19353.24,8189.75,75.71,137.84,170.46,108.922,0.9718
5288,2020-04-09,99.517,120.821,120.85,1138.73,137.75,0.729,0.243,58.38,37.85,41.67,22.76,199.77,2779.75,2855.0,178.84,15.918,19345.77,8227.5,74.39,138.25,170.9,108.561,0.9669
5289,2020-04-10,99.517,,,,,,,,,,,,,,178.44,15.915,19498.5,,,138.17,,108.475,0.9663
5290,2020-04-13,99.348,120.5709,119.6,1098.95,138.68,0.749,0.233,58.22,37.38,41.17,22.41,200.75,2759.25,,178.13,15.73,19043.4,8327.25,75.85,138.08,,107.623,0.9664
5291,2020-04-14,98.887,120.5167,122.33,1122.47,131.78,0.752,0.208,58.15,37.67,37.76,20.11,201.61,2843.0,2885.0,177.69,15.967,19638.81,8692.5,69.52,138.22,171.54,107.104,0.9599
5292,2020-04-15,99.461,121.4478,122.42,1078.01,135.93,0.639,0.157,58.47,37.28,40.84,19.87,198.34,2775.0,2769.0,180.56,15.613,19550.09,8594.0,70.5,139.16,172.68,107.609,0.9651
5293,2020-04-16,100.025,121.7297,122.33,1062.58,129.55,0.611,0.147,58.34,37.24,40.11,19.87,197.37,2787.5,2786.0,181.41,15.738,19290.2,8734.25,69.93,139.23,172.67,107.943,0.9692
5294,2020-04-17,99.782,121.2704,126.43,1098.3199,127.15,0.656,0.124,58.47,37.47,38.15,25.03,193.62,2870.0,2843.0,179.88,15.348,19897.26,8809.0,69.84,138.89,172.85,107.525,0.9673
5295,2020-04-20,99.955,121.5028,125.34,1058.9301,132.04,0.626,0.101,58.17,36.93,43.83,20.43,195.03,2806.5,2867.0,180.75,15.488,19669.12,8692.0,70.6,139.11,172.41,107.669,0.9679
5296,2020-04-21,100.258,121.9501,123.71,1037.13,132.22,0.572,0.109,58.14,36.31,45.41,11.57,192.37,2732.0,2756.0,182.25,14.977,19280.78,8431.75,73.83,139.39,172.91,107.721,0.9698
5297,2020-04-22,100.388,121.5576,126.19,1048.05,124.1,0.619,0.104,58.13,36.57,41.98,13.78,198.12,2788.5,2800.0,180.97,15.283,19137.95,8638.0,72.29,139.05,172.0,107.813,0.9727
5298,2020-04-23,100.433,121.6358,125.22,1042.53,121.86,0.611,0.114,58.41,36.51,41.38,16.5,198.93,2780.75,2824.0,181.41,15.357,19429.44,8598.75,67.25,139.02,172.1,107.667,0.9763
5299,2020-04-24,100.38,121.7439,126.51,1045.3199,119.88,0.596,0.122,58.32,36.3,35.93,16.94,197.81,2829.5,2773.0,182.0,15.355,19262.0,8769.0,66.09,139.11,172.76,107.515,0.9732
5300,2020-04-27,100.041,121.2327,129.29,1080.97,120.56,0.656,0.114,58.03,36.37,33.29,12.78,196.47,2869.0,2842.0,180.56,15.341,19783.22,8824.25,62.7,138.66,172.45,107.283,0.9758
5301,2020-04-28,99.865,121.5766,129.23,1093.0,117.79,0.61,0.106,58.15,36.4,33.57,12.34,196.29,2867.25,2893.0,181.84,15.328,19771.19,8719.75,58.89,139.02,172.75,106.741,0.9737
5302,2020-04-29,99.565,121.4475,132.6,1116.08,115.98,0.627,0.101,58.48,36.95,31.23,15.06,195.28,2941.0,2966.0,181.38,15.315,,9036.5,57.15,138.97,173.06,106.61,0.9739
5303,2020-04-30,99.016,121.3647,130.38,1102.86,118.53,0.623,0.106,58.2,37.03,34.15,18.84,193.1,2902.5,2887.0,181.03,14.973,20193.69,8988.5,53.59,139.06,174.43,107.285,0.9665
5304,2020-05-01,99.079,121.2658,129.97,1071.29,122.15,0.64,0.109,57.87,36.27,37.19,19.78,193.86,2821.75,,180.66,14.938,19619.35,8718.0,48.11,138.88,,106.945,0.9614
5305,2020-05-04,99.484,121.2684,131.29,1060.96,121.25,0.635,0.104,57.98,36.29,35.97,20.39,195.27,2825.25,2786.0,180.72,14.796,,8795.5,49.25,138.97,174.04,106.697,0.9654
5306,2020-05-05,99.709,121.0892,128.26,1066.36,118.87,0.657,0.122,57.94,36.48,33.61,24.56,194.96,2858.25,2852.0,180.28,15.11,,8924.25,49.65,138.86,174.41,106.431,0.9726
5307,2020-05-06,100.091,120.6125,128.59,1046.74,119.16,0.711,0.119,57.41,36.33,34.12,23.99,192.45,2833.5,2820.0,178.72,15.015,,8952.0,51.31,138.55,173.3,106.191,0.9752
5308,2020-05-07,99.889,121.3475,130.67,1061.33,115.83,0.631,0.106,57.56,36.47,31.44,23.55,196.7,2880.0,2861.0,181.13,15.59,19674.77,9107.75,54.93,139.3,173.89,106.359,0.9729
5309,2020-05-08,99.734,120.9028,132.21,1083.9301,115.65,0.68,0.117,57.4,36.8,27.98,24.74,195.41,2928.5,2891.0,179.69,15.778,20179.09,9218.25,57.4,138.95,173.77,106.665,0.9708
5310,2020-05-11,100.236,120.5286,129.1,1069.01,118.71,0.726,0.119,57.12,36.68,27.57,24.14,193.63,2922.75,2867.0,178.5,15.68,20390.66,9279.0,61.6,138.63,173.53,107.566,0.9729
5311,2020-05-12,99.933,120.9339,125.97,1021.87,130.75,0.679,0.134,57.49,36.63,33.04,26.33,194.43,2852.5,2872.0,179.81,15.709,20366.48,9078.25,61.26,138.95,173.37,107.138,0.9698
5312,2020-05-13,100.242,121.2311,123.43,997.97,142.75,0.651,0.122,57.6,36.41,35.28,25.68,195.52,2813.0,2791.0,180.66,15.671,20267.05,8992.25,57.56,139.22,173.63,106.933,0.9718
5313,2020-05-14,100.466,121.5663,124.35,999.15,137.05,0.619,0.122,57.87,36.46,32.61,27.88,198.38,2847.0,2736.0,181.63,16.156,19914.78,9079.5,59.05,139.42,173.65,107.365,0.9731
5314,2020-05-15,100.402,121.4049,124.47,993.64,133.02,0.64,0.124,58.01,36.39,31.89,29.52,200.18,2846.5,2753.0,180.94,17.07,20037.47,9096.5,56.53,139.33,173.74,107.035,0.9716
5315,2020-05-18,99.665,120.5488,129.23,1046.09,125.9,0.742,0.122,58.22,36.93,29.3,31.65,197.76,2948.0,2904.0,178.16,17.468,20133.73,9325.5,58.7,138.59,173.16,107.381,0.9717
5316,2020-05-19,99.371,120.7306,127.48,1039.23,125.6,0.711,0.129,58.26,37.0,30.53,31.96,199.03,2918.75,2895.0,178.63,17.901,20433.45,9300.75,60.09,138.86,172.7,107.81,0.9711
5317,2020-05-20,99.124,120.9781,125.95,1047.35,120.04,0.68,0.124,58.61,37.42,27.99,33.49,199.9,2968.5,2935.0,179.63,18.031,20595.15,9485.5,58.85,139.08,172.72,107.591,0.9648
5318,2020-05-21,99.37,120.995,124.53,1045.24,122.08,0.677,0.122,58.68,37.4,29.53,33.92,196.65,2937.0,2892.0,179.72,17.364,20552.31,9355.75,55.62,139.06,173.15,107.631,0.9707
5319,2020-05-22,99.863,121.1271,125.78,1046.9399,118.38,0.657,0.124,58.74,37.53,28.16,33.25,198.53,2953.0,2897.0,180.25,17.693,20388.16,9406.25,51.67,139.16,173.12,107.625,0.9711
5320,2020-05-25,99.863,,,,,,,,,,,,,2957.0,180.33,17.642,20741.65,,51.67,139.2,173.06,107.687,0.9715
5321,2020-05-26,98.908,120.7665,129.11,1092.99,113.59,0.698,0.129,58.74,37.86,28.01,34.35,195.67,2994.5,2994.0,178.97,17.595,21271.17,9406.5,52.22,138.95,172.16,107.491,0.9653
5322,2020-05-27,99.062,120.8355,129.96,1108.65,109.82,0.679,0.142,58.93,37.97,27.62,32.81,195.51,3035.5,3038.0,179.47,17.757,21419.23,9432.5,52.98,139.13,172.07,107.798,0.968
5323,2020-05-28,98.383,120.5962,130.78,1111.79,108.99,0.705,0.15,59.04,37.98,28.59,33.71,195.68,3038.0,3092.0,178.66,17.967,21916.31,9460.25,50.57,138.95,172.05,107.643,0.964
5324,2020-05-29,98.344,121.0311,131.72,1100.37,105.6,0.646,0.142,59.315,38.16,27.51,35.49,198.33,3042.0,3046.0,180.0,18.499,21877.89,9560.25,51.55,139.38,172.46,107.785,0.9614
5325,2020-06-01,97.83,120.8211,132.09,1125.05,106.47,0.662,0.139,59.14,38.22,28.23,35.44,198.17,3054.0,3097.0,179.38,18.827,22062.39,9595.0,55.07,139.33,171.65,107.548,0.9611
5326,2020-06-02,97.673,120.661,132.61,1140.41,104.83,0.68,0.152,59.29,38.59,26.84,36.81,196.33,3077.0,3145.0,178.97,18.26,22325.61,9647.75,55.35,139.19,171.86,108.809,0.9616
5327,2020-06-03,97.276,120.1165,131.5,1178.03,106.85,0.762,0.155,59.33,38.9,25.66,37.29,193.02,3117.75,3261.0,177.13,17.958,22613.76,9684.75,61.24,138.56,170.97,108.999,0.9614
5328,2020-06-04,96.677,119.6911,130.77,1169.09,109.88,0.818,0.152,59.17,38.84,25.81,37.41,195.58,3110.5,3253.0,175.63,18.061,22695.74,9626.25,61.18,138.2,170.54,109.15,0.9556
5329,2020-06-05,96.937,119.1975,129.87,1215.13,107.59,0.905,0.157,59.39,39.2,24.52,39.55,190.55,3186.75,3381.0,174.13,17.479,22863.73,9808.5,61.97,137.55,169.86,109.59,0.9626
5330,2020-06-08,96.618,119.3705,129.11,1244.97,110.05,0.884,0.165,59.53,39.35,25.81,38.19,193.05,3227.5,3366.0,174.5,17.893,23178.1,9884.75,62.77,137.73,170.22,108.369,0.9575
5331,2020-06-09,96.324,119.8591,124.93,1224.1899,111.0,0.829,0.172,59.59,39.3,27.57,38.94,194.96,3205.5,3319.0,175.94,17.794,23091.03,9951.0,62.94,138.16,173.46,107.797,0.9511
5332,2020-06-10,95.959,120.3826,127.74,1193.25,116.53,0.748,0.172,59.95,39.05,27.57,39.6,194.82,3186.0,3298.0,177.53,17.796,23124.95,10087.25,60.02,138.88,173.81,106.981,0.9437
5333,2020-06-11,96.733,121.0908,131.29,1122.42,146.84,0.653,0.165,59.34,38.21,40.79,36.34,196.98,3010.25,3152.0,179.88,17.889,22472.91,9616.75,56.47,139.42,175.24,106.803,0.9441
5334,2020-06-12,97.319,120.7582,133.54,1154.84,151.6,0.699,0.167,59.51,38.45,36.09,36.26,196.7,3023.75,3139.0,178.78,17.482,22305.48,9632.25,55.81,139.11,175.57,107.355,0.9524
5335,2020-06-15,96.706,120.7545,137.33,1157.77,141.83,0.702,0.167,60.28,38.83,34.4,37.12,195.56,3062.0,3135.0,178.91,17.399,21530.95,9788.5,58.09,139.11,175.52,107.464,0.9489
5336,2020-06-16,96.958,120.2724,133.85,1185.37,143.24,0.756,0.172,59.97,38.95,33.67,38.38,196.61,3118.25,3239.0,177.28,17.652,22582.21,9961.5,60.49,138.8,175.4,107.41,0.9511
5337,2020-06-17,97.158,120.397,135.49,1170.27,139.94,0.733,0.178,60.0,38.87,33.47,37.96,196.51,3107.0,3263.0,177.78,17.775,22455.76,9983.0,58.16,138.97,175.4,106.894,0.9487
5338,2020-06-18,97.421,120.742,134.9,1158.67,135.29,0.694,0.157,60.105,38.825,32.94,38.84,196.0,3098.0,3247.0,178.94,17.508,22355.46,9983.0,55.15,139.2,175.59,107.006,0.9517
5339,2020-06-19,97.623,120.6997,125.38,1128.96,138.35,0.697,0.155,60.18,38.81,35.12,39.75,198.48,3059.5,3290.0,179.13,17.847,22478.79,9923.5,53.45,139.14,175.68,106.885,0.9524
5340,2020-06-22,97.039,120.7092,135.54,1132.78,133.98,0.704,0.152,60.06,38.76,31.77,40.46,199.99,3110.75,3215.0,177.28,17.902,22437.27,10124.75,53.93,138.7,176.11,106.903,0.9469
5341,2020-06-23,96.646,120.6169,135.2,1128.53,130.73,0.709,0.152,60.06,38.74,31.37,40.37,201.76,3118.5,3282.0,176.94,18.063,22549.05,10196.0,54.04,138.75,175.61,106.432,0.9446
5342,2020-06-24,97.148,120.874,134.05,1103.8101,136.89,0.684,0.152,60.01,38.39,33.84,38.01,200.98,3049.0,3178.0,177.88,17.67,22534.32,10010.75,54.89,138.88,176.01,107.044,0.9482
5343,2020-06-25,97.429,121.0144,131.92,1114.71,127.2,0.674,0.142,60.06,38.45,32.22,38.72,200.47,3070.75,3208.0,178.22,17.895,22259.79,10088.25,51.57,138.91,176.55,107.155,0.9481
5344,2020-06-26,97.433,121.3087,137.47,1098.9399,128.63,0.638,0.145,60.13,38.13,34.73,38.49,201.57,3007.0,3182.0,179.09,18.035,22512.08,9865.5,51.21,139.22,176.7,107.225,0.9481
5345,2020-06-29,97.536,121.2897,135.75,1109.3199,121.32,0.636,0.137,60.2,37.78,31.78,39.7,201.67,3047.75,3222.0,179.03,18.064,21995.04,9973.75,52.96,139.33,176.66,107.59,0.951
5346,2020-06-30,97.391,121.1572,148.27,1117.95,120.76,0.653,0.147,60.42,38.22,30.43,39.27,203.85,3090.25,3223.0,178.56,18.637,22288.14,10147.25,54.13,139.17,176.52,107.989,0.9468
5347,2020-07-01,97.196,120.9841,142.44,1143.74,120.83,0.682,0.142,60.44,38.18,28.62,39.82,201.52,3103.0,3205.0,178.13,18.218,22121.73,10268.75,53.28,138.95,175.29,107.366,0.9458
5348,2020-07-02,97.317,121.0356,146.34,1145.8101,115.47,0.669,0.147,60.54,38.36,27.68,40.65,202.67,3129.0,3301.0,178.28,18.322,22145.96,10355.75,50.96,139.09,176.01,107.497,0.9455
5349,2020-07-03,97.172,,,,,,0.1425,,,,,,,3271.0,178.61,18.315,22306.48,,,139.18,176.02,107.51,0.9459
5350,2020-07-06,96.725,120.959,140.98,1143.8199,116.57,0.684,0.145,60.65,38.58,27.94,40.63,203.06,3172.0,3339.0,177.97,18.582,22714.44,10598.5,52.03,138.98,175.96,107.359,0.9418
5351,2020-07-07,96.881,121.2704,138.34,1119.3,118.12,0.648,0.147,60.71,38.44,29.43,40.62,204.92,3136.5,3312.0,179.0,18.699,22614.69,10532.25,50.98,139.2,175.88,107.578,0.9423
5352,2020-07-08,96.428,121.2766,144.46,1115.74,113.34,0.653,0.147,60.67,38.51,28.08,40.9,206.13,3163.5,3274.0,178.94,19.161,22438.65,10662.25,49.8,139.19,176.13,107.283,0.9381
5353,2020-07-09,96.7,121.7527,138.84,1107.04,115.11,0.605,0.134,61.04,38.47,29.26,39.62,204.23,3141.0,3250.0,180.38,18.962,22529.29,10727.5,50.07,139.5,176.52,107.236,0.9404
5354,2020-07-10,96.652,121.565,135.68,1111.2,109.71,0.633,0.132,60.875,38.54,27.29,40.55,204.0,3178.5,3285.0,179.81,19.053,22290.81,10837.25,49.19,139.22,176.63,106.905,0.941
5355,2020-07-13,96.464,121.5272,128.52,1106.14,123.3,0.64,0.137,60.78,38.32,32.19,40.1,205.38,3148.25,3343.0,179.63,19.788,22784.74,10600.0,49.55,139.22,175.63,107.276,0.9418
5356,2020-07-14,96.259,121.7562,131.1,1110.0601,112.75,0.614,0.145,61.08,38.68,29.52,40.29,205.17,3183.5,3304.0,180.28,19.53,22587.01,10646.25,50.81,139.42,176.2,107.245,0.9394
5357,2020-07-15,96.081,121.6083,146.53,1121.63,113.71,0.63,0.137,61.14,38.91,27.76,41.2,205.18,3219.5,3375.0,179.72,19.761,22945.5,10683.25,47.08,139.34,176.12,106.917,0.944
5358,2020-07-16,96.346,121.7866,142.44,1104.6,115.62,0.612,0.114,61.305,38.93,28.0,40.75,203.5,3194.5,3358.0,180.22,19.573,22770.36,10511.75,46.43,139.48,176.62,107.278,0.9453
5359,2020-07-17,95.942,121.6348,140.81,1116.71,117.97,0.628,0.117,61.48,39.1,25.68,40.75,204.3,3214.0,3359.0,179.72,19.764,22696.42,10622.5,45.68,139.36,176.27,107.005,0.9387
5360,2020-07-20,95.832,121.694,145.9,1101.79,112.51,0.62,0.117,61.54,39.32,24.46,40.92,205.01,3245.25,3384.0,180.0,20.192,22717.48,10951.0,46.82,139.39,176.37,107.196,0.9388
5361,2020-07-21,95.117,121.7763,134.84,1109.16,115.46,0.607,0.124,61.63,39.43,24.84,41.92,208.3,3251.25,3398.0,180.28,21.557,22884.22,10851.0,46.45,139.52,176.37,106.832,0.9325
5362,2020-07-22,94.978,121.8955,140.39,1125.4,112.84,0.595,0.122,61.81,39.58,24.32,41.9,210.86,3265.5,3362.0,180.63,23.144,22751.61,10804.25,45.32,139.56,176.93,107.175,0.9294
5363,2020-07-23,94.793,122.0935,140.74,1120.95,116.7,0.582,0.117,61.88,39.55,26.08,41.07,213.63,3227.5,3366.0,181.09,22.988,,10548.25,43.93,139.63,176.72,106.836,0.9253
5364,2020-07-24,94.345,122.116,139.4,1114.53,117.22,0.59,0.109,61.83,39.6,25.84,41.29,214.5,3204.0,3302.0,181.09,22.85,,10459.0,42.48,139.58,176.09,106.135,0.9208
5365,2020-07-27,93.668,122.0219,139.61,1120.88,112.71,0.609,0.104,61.69,39.72,24.74,41.6,217.86,3232.25,3299.0,180.66,24.501,22715.85,10675.25,42.61,139.47,176.8,105.261,0.9195
5366,2020-07-28,93.696,122.2492,139.64,1141.6899,113.88,0.581,0.109,61.69,39.54,25.44,41.04,218.81,3213.0,3301.0,181.44,24.3,22657.38,10540.0,41.27,139.7,177.13,105.107,0.9178
5367,2020-07-29,93.453,122.1921,140.86,1161.6801,110.95,0.579,0.101,61.96,39.82,24.1,41.27,220.23,3252.5,3298.0,181.28,24.321,22397.11,10674.25,41.63,139.75,176.95,105.032,0.9124
5368,2020-07-30,93.021,122.5093,138.99,1159.13,112.16,0.541,0.096,61.92,39.97,24.76,39.92,219.13,3248.75,3192.0,182.31,23.362,22339.23,10794.0,40.66,140.02,177.69,104.683,0.9085
5369,2020-07-31,93.349,122.5349,141.56,1159.55,112.04,0.536,0.094,62.0,40.03,24.46,40.27,221.26,3263.5,3168.0,182.28,24.216,21710.0,10890.5,41.98,140.08,177.52,105.895,0.9129
5370,2020-08-03,93.349,122.2886,141.77,1146.25,111.02,0.563,0.089,61.94,39.84,24.28,41.01,221.3,3288.5,3248.0,181.59,24.417,22195.38,11044.25,43.13,139.94,177.31,106.03,0.9176
5371,2020-08-04,93.382,122.6717,141.64,1162.17,109.0,0.515,0.099,62.06,39.87,23.76,41.7,225.17,3300.0,3246.0,182.78,26.028,22573.66,11086.0,44.11,140.33,177.81,105.614,0.9126
5372,2020-08-05,92.868,122.4719,139.59,1161.38,105.67,0.543,0.101,62.04,39.94,22.99,42.19,228.32,3316.0,3261.0,182.09,26.89,22514.85,11091.75,41.75,140.08,177.1,105.553,0.908
5373,2020-08-06,92.788,122.5758,141.75,1161.29,105.84,0.536,0.099,62.21,40.02,22.65,41.95,230.56,3344.25,3237.0,182.25,28.4,22418.15,11261.25,42.6,140.16,177.6,105.581,0.91
5374,2020-08-07,93.435,122.3484,139.75,1172.05,108.18,0.562,0.096,62.09,39.95,22.21,41.22,225.95,3344.75,3242.0,181.59,27.54,22329.94,11122.75,,139.95,177.17,105.925,0.9125
5375,2020-08-10,93.582,122.25,137.5,1178.16,111.13,0.574,0.099,61.98,39.97,22.13,41.94,227.25,3352.75,3253.0,181.28,29.261,,11072.0,42.21,139.88,177.5,105.992,0.9155
5376,2020-08-11,93.628,121.5392,136.39,1165.34,118.34,0.658,0.112,61.7,39.71,24.03,41.61,216.85,3330.0,3326.0,179.13,26.049,22750.24,10878.5,45.26,139.25,176.66,106.521,0.9172
5377,2020-08-12,93.443,121.44,137.01,1172.88,115.73,0.671,0.106,61.61,39.76,22.28,42.67,217.15,3370.0,3362.0,178.78,25.979,22843.96,11126.0,44.23,139.19,176.24,106.822,0.9118
5378,2020-08-13,93.335,121.0896,136.11,1158.47,115.18,0.716,0.099,61.18,39.57,22.13,42.24,219.53,3367.75,3344.0,177.81,27.718,23249.61,11175.25,45.08,138.97,175.56,106.986,0.9097
5379,2020-08-14,93.096,121.1037,136.82,1158.14,114.35,0.709,0.099,60.98,39.54,22.05,42.01,217.24,3361.5,3304.0,177.84,26.089,23289.36,11133.75,43.09,139.13,175.76,106.605,0.9091
5380,2020-08-17,92.851,121.2461,137.45,1166.41,110.35,0.683,0.096,61.1,39.76,21.35,42.89,222.68,3379.75,3306.0,178.34,27.667,23096.75,11286.75,45.81,139.33,176.21,105.986,0.9062
5381,2020-08-18,92.271,121.3916,138.08,1160.88,112.59,0.669,0.106,61.27,39.79,21.51,42.89,224.29,3387.0,3277.0,178.81,28.075,23051.08,11409.25,46.06,139.39,176.43,105.224,0.9027
5382,2020-08-19,92.887,121.3158,138.2,1140.21,114.72,0.675,0.101,61.15,39.63,22.54,43.11,219.52,3372.75,3312.0,178.44,27.34,23110.61,11332.0,44.6,139.38,176.57,106.079,0.9147
5383,2020-08-20,92.793,121.5622,144.05,1154.4,112.99,0.644,0.094,61.31,39.72,22.72,42.82,216.87,3380.75,3271.0,179.34,27.147,22880.62,11477.25,44.58,139.56,176.95,105.665,0.9067
5384,2020-08-21,93.247,121.6427,146.73,1156.38,111.25,0.64,0.096,61.38,39.76,22.54,42.34,216.92,3392.5,3250.0,179.59,26.732,22920.3,11562.0,45.14,139.56,177.1,105.795,0.9116
5385,2020-08-24,93.298,121.6466,147.23,1165.28,108.25,0.646,0.094,61.32,39.94,22.37,42.62,216.05,3427.5,3328.0,179.44,26.607,22985.51,11636.25,46.33,139.52,177.02,105.993,0.9119
5386,2020-08-25,93.019,121.3945,146.53,1167.88,103.88,0.68,0.101,61.08,40.02,22.03,43.35,214.26,3443.0,3329.0,178.53,26.426,23296.77,11726.25,47.89,139.31,175.89,106.405,0.908
5387,2020-08-26,93.006,121.2885,142.09,1159.0699,105.8,0.687,0.099,61.09,40.03,23.27,43.39,217.54,3480.25,3352.0,178.16,27.604,23290.86,11991.25,47.99,139.31,175.66,105.856,0.9074
5388,2020-08-27,93.001,120.7771,145.07,1172.84,114.74,0.746,0.101,60.71,39.98,24.47,43.04,215.32,3485.25,3324.0,176.41,27.198,23208.86,11952.75,49.29,138.97,175.44,106.637,0.909
5389,2020-08-28,92.371,120.8559,145.73,1180.6,111.56,0.728,0.101,60.89,40.02,22.96,42.97,220.03,3504.5,3313.0,176.44,27.79,22882.65,11991.75,48.19,139.25,175.68,105.355,0.904
5390,2020-08-31,92.144,121.1709,144.67,1172.33,119.01,0.693,0.106,61.09,40.0,26.41,42.61,220.44,3499.0,3265.0,177.38,28.594,23139.76,12114.0,47.02,139.41,175.56,106.004,0.9039
5391,2020-09-01,92.338,121.3897,142.28,1166.3,120.1,0.672,0.106,61.27,39.99,26.12,42.76,220.48,3527.0,3271.0,178.0,28.645,23138.07,12312.5,44.3,139.58,175.72,105.896,0.9094
5392,2020-09-02,92.847,121.6425,141.1,1186.38,122.01,0.651,0.106,61.47,40.045,26.57,41.51,216.67,3579.25,3328.0,178.88,27.395,23247.15,12411.5,44.86,139.7,176.67,106.208,0.9112
5393,2020-09-03,92.739,121.8843,144.66,1177.52,132.91,0.622,0.106,61.35,39.8,33.6,41.37,215.9,3461.5,3293.0,179.53,26.875,23465.53,11800.5,45.76,139.92,177.07,106.091,0.91
5394,2020-09-04,92.719,120.9999,133.28,1171.83,122.14,0.723,0.112,60.9,39.77,30.75,39.77,215.51,3417.5,3247.0,177.03,26.712,23205.43,11548.75,47.04,139.2,176.78,106.245,0.9134
5395,2020-09-07,93.073,,,,,,,,,,,,,3309.0,175.33,27.065,23089.95,,,139.09,176.52,106.305,0.9164
5396,2020-09-08,93.445,121.3582,132.51,1155.85,123.56,0.684,0.119,60.96,39.5,31.46,36.76,216.5,3335.5,3268.0,177.94,26.991,23274.13,11060.5,50.68,139.56,176.93,105.968,0.9178
5397,2020-09-09,93.255,121.1687,133.2,1162.55,121.54,0.703,0.112,60.92,39.78,28.81,38.05,217.8,3400.25,3329.0,177.38,27.083,23032.54,11392.75,48.82,139.47,173.68,106.231,0.9121
5398,2020-09-10,93.336,121.3407,130.16,1148.8101,120.58,0.684,0.114,60.98,39.63,29.71,37.3,218.85,3340.5,3315.0,177.91,27.291,23235.47,11178.25,45.21,139.59,173.11,106.143,0.9103
5399,2020-09-11,93.333,121.4714,125.42,1141.24,113.95,0.669,0.112,61.04,39.7,26.87,37.33,217.02,3323.25,3321.0,178.25,26.857,23406.49,11048.25,43.12,139.77,173.96,106.155,0.9088
5400,2020-09-14,93.052,121.507,130.95,1167.9,111.27,0.669,0.109,61.11,39.69,25.85,37.26,218.78,3372.25,3319.0,178.34,27.355,23559.3,11266.5,44.21,139.73,174.0,105.715,0.9083
5401,2020-09-15,93.05,121.4077,132.95,1175.99,108.97,0.679,0.112,61.18,39.76,25.59,38.28,219.06,3395.0,3335.0,178.16,27.464,23454.89,11450.25,43.06,139.67,174.0,105.381,0.9085
5402,2020-09-16,93.214,121.3046,136.06,1184.03,103.48,0.687,0.112,61.17,39.78,26.04,40.16,219.54,3379.5,3334.0,177.94,27.476,23475.53,11255.0,42.43,139.64,173.92,105.062,0.9106
5403,2020-09-17,92.97,121.417,139.41,1168.99,100.37,0.682,0.094,61.21,39.74,26.46,40.97,217.25,3351.0,3321.0,178.13,27.1,23319.37,11075.25,38.45,139.64,174.26,104.698,0.9083
5404,2020-09-18,92.926,121.268,132.09,1144.79,101.19,0.694,0.094,61.08,39.65,25.83,41.11,218.61,3316.25,3318.0,177.66,27.129,23360.3,10927.0,37.24,139.61,174.07,104.565,0.9117
5405,2020-09-21,93.656,121.441,130.64,1110.0,108.74,0.671,0.086,61.13,39.34,27.78,39.54,212.87,3275.0,3141.0,178.28,24.387,,10989.0,38.63,139.77,174.65,104.69,0.9151
5406,2020-09-22,93.988,121.519,130.08,1119.23,104.69,0.664,0.099,61.1,39.45,26.86,39.8,212.53,3299.25,3163.0,176.69,24.523,,11149.5,39.35,139.63,174.37,105.034,0.9199
5407,2020-09-23,94.389,121.4423,129.84,1090.26,107.35,0.676,0.099,60.73,39.14,28.58,39.93,208.17,3231.25,3170.0,176.47,23.105,23346.49,10829.0,38.63,139.5,174.21,105.304,0.924
5408,2020-09-24,94.354,121.5853,129.17,1092.63,102.26,0.664,0.099,60.63,39.15,28.51,40.31,209.11,3238.0,3147.0,176.97,23.196,23087.82,10891.75,37.22,139.58,174.44,105.435,0.9267
5409,2020-09-25,94.642,121.5746,129.26,1110.66,99.64,0.659,0.101,60.67,39.07,26.38,40.25,207.93,3287.25,3119.0,177.03,23.093,23204.62,11136.5,36.97,139.64,174.67,105.615,0.9286
5410,2020-09-28,94.278,121.5105,126.69,1137.4301,101.85,0.663,0.094,60.88,39.3,26.19,40.6,209.72,3346.0,3218.0,176.84,23.604,23511.62,11394.75,37.4,139.63,174.62,105.433,0.9237
5411,2020-09-29,93.891,121.6573,123.93,1123.6899,96.93,0.645,0.096,60.83,39.32,26.27,39.29,212.04,3333.75,3203.0,177.22,24.445,23539.1,11337.75,36.62,139.78,174.87,105.664,0.9194
5412,2020-09-30,93.886,121.3696,120.94,1125.65,101.58,0.677,0.096,60.78,39.47,26.37,40.22,211.19,3352.0,3194.0,176.28,23.494,23185.12,11407.25,39.21,139.53,174.52,105.451,0.9207
5413,2020-10-01,93.711,121.3538,117.78,1149.0601,101.0,0.677,0.094,60.74,39.41,26.7,38.72,213.5,3367.75,3178.0,176.34,24.254,23185.12,11574.75,38.65,139.55,174.66,105.543,0.919
5414,2020-10-02,93.844,121.1854,119.12,1166.85,102.72,0.694,0.091,60.72,39.38,27.63,37.05,212.53,3339.25,3178.0,175.91,24.029,23029.9,11233.25,39.97,139.44,174.66,105.345,0.9214
5415,2020-10-05,93.513,120.6441,119.53,1176.1,103.22,0.762,0.096,60.57,39.6,27.96,39.22,213.93,3393.0,3214.0,174.22,24.56,23312.14,11469.25,39.81,138.92,174.42,105.707,0.9151
5416,2020-10-06,93.686,120.8247,120.05,1173.99,106.14,0.74,0.099,60.51,39.5,29.48,40.67,212.67,3353.25,3227.0,174.69,23.921,23433.73,11273.75,57.75,139.05,174.27,105.64,0.9176
5417,2020-10-07,93.63,120.4725,120.6,1174.45,104.19,0.785,0.099,60.51,39.66,28.06,39.95,210.66,3406.75,3223.0,173.66,23.896,23422.82,11470.0,56.98,138.72,174.13,105.965,0.9168
5418,2020-10-08,93.605,120.6638,121.81,1192.6,104.8,0.767,0.096,60.65,39.79,26.36,41.19,211.14,3437.5,3252.0,174.19,23.876,23647.07,11539.0,57.31,138.92,174.48,106.018,0.9167
5419,2020-10-09,93.057,120.5815,121.93,1188.3,109.22,0.775,0.109,60.78,39.87,25.0,40.6,214.61,3473.25,3263.0,174.03,25.108,23619.69,11724.75,57.52,138.83,174.68,105.605,0.9103
5420,2020-10-12,93.065,120.5815,123.94,1193.08,109.68,,,61.1,40.09,25.07,39.43,214.91,3532.75,3294.0,174.38,25.271,23558.69,12098.25,,138.91,174.81,105.339,0.909
5421,2020-10-13,93.531,121.0109,122.54,1175.04,110.97,0.727,0.0975,61.06,39.91,26.07,40.2,211.09,3504.75,3267.0,175.19,24.129,23601.78,12094.0,55.59,139.2,175.06,105.47,0.9152
5422,2020-10-14,93.382,121.0788,122.6,1162.5699,116.93,0.722,0.1141,61.08,39.87,26.4,41.04,212.5,3481.0,3267.0,175.38,24.395,23626.73,11974.25,53.5,139.22,175.35,105.139,0.9133
5423,2020-10-15,93.856,121.004,123.47,1165.14,117.59,0.732,0.104,61.01,39.84,26.97,40.96,212.68,3475.5,3181.0,175.25,24.224,23507.23,11874.0,55.62,139.13,175.9,105.36,0.9143
5424,2020-10-16,93.682,120.8801,123.7,1152.65,115.92,0.744,0.1065,60.98,39.75,27.41,41.12,212.4,3462.25,3241.0,174.91,24.405,23410.63,11798.0,57.25,139.06,176.07,105.42,0.9148
5425,2020-10-19,93.427,120.7733,124.75,1138.99,119.76,0.762,0.0963,60.81,39.66,29.18,41.06,212.99,3422.75,3236.0,174.5,24.698,23671.13,11650.25,61.16,138.92,176.11,105.47,0.9106
5426,2020-10-20,93.067,120.4598,125.31,1145.4,119.59,0.797,0.1,60.78,39.82,29.35,41.7,213.4,3432.25,3226.0,173.5,24.98,23567.04,11660.75,60.42,138.7,175.81,105.475,0.9067
5427,2020-10-21,92.611,120.3264,124.38,1144.2,117.47,0.816,0.0925,60.69,39.76,28.65,40.03,214.97,3432.5,3171.0,173.09,25.241,23639.46,11691.25,59.07,138.58,175.71,104.676,0.9058
5428,2020-10-22,92.951,120.1059,124.94,1148.74,118.6,0.848,0.0913,60.56,39.89,28.11,40.64,212.2,3449.25,3162.0,172.34,24.709,23474.27,11649.75,59.73,138.33,175.19,104.907,0.9076
5429,2020-10-23,92.768,120.1705,126.7,1154.22,118.94,0.841,0.0938,60.7,39.94,27.55,39.85,212.27,3451.75,3184.0,172.59,24.675,23516.59,11663.5,58.46,138.36,175.26,104.705,0.9044
5430,2020-10-26,93.045,120.4943,126.05,1137.25,133.08,0.803,0.089,60.77,39.61,32.46,38.56,212.32,3393.5,3097.0,173.59,24.42,23494.34,11492.25,58.95,138.64,175.3,104.683,0.9046
5431,2020-10-27,92.94,120.679,127.58,1117.92,135.32,0.778,0.095,60.96,39.66,33.35,39.57,213.01,3383.0,3068.0,174.09,24.57,23485.8,11588.0,57.88,138.84,175.94,104.83,0.9079
5432,2020-10-28,93.405,120.6702,129.3,1090.1899,152.01,0.781,0.0966,60.73,39.32,40.28,37.39,209.37,3263.5,2946.0,174.03,23.359,23418.51,11132.75,57.13,138.8,176.07,104.542,0.9089
5433,2020-10-29,93.955,120.3223,128.05,1098.36,147.84,0.836,0.094,60.65,39.4,37.59,36.17,208.12,3302.25,2949.0,172.84,23.36,23331.94,11342.75,61.3,138.41,176.31,104.315,0.9106
5434,2020-10-30,94.038,120.2182,129.01,1093.3,145.24,0.859,0.094,60.43,39.52,38.02,35.79,209.45,3264.75,2959.0,172.47,23.646,22977.13,11046.25,61.91,138.22,176.15,104.554,0.9153
5435,2020-11-02,94.129,120.3192,133.86,1117.35,142.65,0.848,0.091,60.43,39.41,37.13,36.81,210.85,3300.5,3013.0,172.75,24.033,23295.48,11063.25,63.56,138.3,176.24,104.612,0.9172
5436,2020-11-03,93.553,120.0897,136.44,1143.8101,136.28,0.881,0.0963,60.4,39.715,35.55,37.66,212.85,3361.5,3095.0,172.03,24.334,,11265.75,64.37,138.09,176.02,104.725,0.9188
5437,2020-11-04,93.407,120.8671,133.32,1145.3199,122.12,0.768,0.094,61.12,40.02,29.57,39.15,211.26,3435.0,3154.0,174.44,23.893,23695.23,11763.0,47.74,138.98,176.4,104.546,0.9106
5438,2020-11-05,92.525,120.8554,127.65,1153.8,117.68,0.778,0.091,61.27,40.16,27.58,38.79,216.9,3504.75,3211.0,174.34,25.191,24105.28,12076.5,43.76,138.88,176.33,104.438,0.9114
5439,2020-11-06,92.229,120.504,124.56,1144.54,112.92,0.82,0.094,61.13,40.08,24.86,37.14,217.45,3500.75,3198.0,173.31,25.662,24325.23,12075.0,39.88,138.55,176.03,103.603,0.9042
5440,2020-11-09,92.725,119.5094,127.41,1194.52,116.78,0.958,0.096,60.75,40.37,25.75,40.29,206.59,3544.0,3406.0,170.19,23.701,24839.84,11820.5,44.94,137.58,174.36,103.253,0.8993
5441,2020-11-10,92.749,119.4199,126.3,1221.5601,116.05,0.972,0.1,60.65,40.36,24.8,41.36,209.05,3541.0,3451.0,170.0,24.462,24905.59,11618.25,46.19,137.44,174.02,105.137,0.9127
5442,2020-11-11,93.043,119.4199,129.47,1226.41,118.32,0.96,0.096,60.72,40.33,23.45,41.45,207.4,3568.0,3468.0,170.66,24.267,25349.6,11886.0,,137.61,174.3,105.26,0.915
5443,2020-11-12,92.963,120.1532,131.42,1209.3101,121.57,0.885,0.091,60.96,40.1,25.35,41.12,208.74,3532.5,3432.0,172.28,24.306,25520.88,11820.0,44.17,138.16,174.74,105.415,0.9166
5444,2020-11-13,92.755,120.1468,129.33,1234.1801,114.39,0.893,0.091,61.07,40.23,23.1,40.13,210.16,3582.0,3438.0,172.19,24.775,25385.87,11933.5,42.95,138.11,174.94,105.09,0.9148
5445,2020-11-16,92.642,120.0774,129.56,1255.3199,115.0,0.908,0.0925,61.22,40.46,22.45,41.34,210.28,3623.0,3470.0,171.91,24.802,25906.93,12005.0,42.49,138.03,174.93,104.676,0.9121
5446,2020-11-17,92.416,120.3163,128.91,1258.66,116.25,0.872,0.085,61.36,40.5,22.71,41.43,209.97,3606.75,3467.0,172.56,24.651,26014.62,11975.0,43.08,138.3,175.18,104.541,0.9124
5447,2020-11-18,92.316,120.2755,133.59,1232.98,117.9,0.88,0.085,61.44,40.42,23.84,42.01,208.63,3565.0,3480.0,172.53,24.448,25728.14,11897.0,43.62,138.19,175.12,104.153,0.911
5448,2020-11-19,92.294,120.5215,133.55,1233.16,114.15,0.855,0.0659,61.77,40.58,23.11,41.9,207.26,3580.0,3449.0,173.25,24.048,25634.34,11987.25,43.53,138.36,175.33,103.894,0.9119
5449,2020-11-20,92.392,120.7625,133.54,1231.25,113.99,0.829,0.068,61.73,40.52,23.7,42.42,208.52,3554.25,3463.0,174.06,24.363,25527.37,11905.75,42.31,138.5,175.53,103.825,0.9109
5450,2020-11-23,92.505,120.5776,134.26,1231.3199,109.85,0.857,0.0915,61.8,40.63,22.66,43.06,204.73,3576.0,3470.0,173.47,23.633,,11905.25,43.04,138.31,175.41,103.817,0.9105
5451,2020-11-24,92.226,120.3737,134.19,1241.5,104.56,0.882,0.09,61.66,40.69,21.64,44.91,201.04,3632.75,3505.0,172.91,23.3,26165.59,12076.0,42.38,138.25,175.26,104.525,0.9124
5452,2020-11-25,91.994,120.3131,133.9,1239.99,103.46,0.878,0.09,61.71,40.68,21.25,45.71,201.08,3627.25,3512.0,172.88,23.362,26296.86,12152.25,39.62,138.27,175.33,104.513,0.9108
5453,2020-11-26,91.994,,,,,0.882,0.091,,,,,,,3513.0,173.45,23.215,26537.31,,,138.45,175.51,104.392,0.9082
5454,2020-11-27,91.79,120.6058,132.43,1232.77,106.12,0.842,0.084,61.89,40.76,20.84,45.53,198.51,3636.5,3532.0,173.88,22.639,26644.71,12257.5,39.64,138.55,175.5,104.242,0.9064
5455,2020-11-30,91.869,120.6473,133.95,1217.62,106.12,0.842,0.081,62.05,40.71,20.57,45.34,197.71,3623.25,3505.0,173.78,22.593,26433.62,12277.0,40.84,138.53,175.25,104.082,0.9042
5456,2020-12-01,91.313,119.9143,132.6,1234.71,108.43,0.934,0.0862,61.71,40.7,20.77,44.55,201.93,3660.5,3528.0,171.69,24.09,26787.54,12452.25,41.53,137.84,174.56,104.299,0.9083
5457,2020-12-02,91.118,119.7942,134.61,1227.34,107.52,0.946,0.081,61.58,40.79,21.17,45.28,203.19,3667.25,3517.0,171.22,24.08,26800.98,12454.25,43.92,137.84,174.48,104.309,0.8995
5458,2020-12-03,90.714,120.0383,132.46,1239.6899,107.89,0.919,0.081,61.74,40.78,21.28,45.64,204.4,3664.5,3516.0,171.91,24.137,26809.37,12462.25,42.53,138.08,174.94,104.458,0.8946
5459,2020-12-04,90.701,119.6667,133.08,1259.28,103.72,0.969,0.0837,61.54,40.94,20.79,46.26,204.27,3698.0,3533.0,170.75,24.253,26751.24,12526.0,43.89,137.81,174.82,103.823,0.8908
5460,2020-12-07,90.792,119.9986,132.44,1247.73,104.42,0.928,0.09,61.62,40.94,21.3,45.76,207.16,3690.75,3526.0,171.56,24.794,26547.44,12596.0,49.67,138.14,175.41,104.198,0.8917
5461,2020-12-08,90.965,120.1477,134.9,1244.05,102.82,0.913,0.0775,61.56,40.95,20.68,45.6,208.15,3702.0,3526.0,172.09,24.736,26467.08,12637.5,49.1,138.22,175.43,103.998,0.8906
5462,2020-12-09,91.087,119.9602,135.75,1236.59,113.93,0.941,0.0725,61.4,40.9,22.27,45.52,204.11,3672.5,3532.0,171.5,23.99,26817.94,12367.0,48.48,138.05,178.19,104.135,0.8885
5463,2020-12-10,90.824,120.2834,135.71,1230.42,114.66,0.908,0.0761,61.63,40.98,22.52,46.78,203.99,3668.5,3523.0,172.47,24.094,26756.24,12402.0,47.15,138.3,178.08,104.272,0.8894
5464,2020-12-11,90.976,120.4075,139.92,1228.78,120.77,0.893,0.0761,61.69,40.95,23.31,46.57,204.67,3653.5,3485.0,172.63,24.092,26652.52,12368.25,47.52,138.5,178.68,104.168,0.8859
5465,2020-12-14,90.711,120.4127,139.29,1224.98,127.68,0.891,0.071,61.68,40.94,24.72,46.99,203.4,3640.0,3507.0,172.59,24.047,26732.44,12462.5,49.22,138.5,178.42,103.939,0.8885
5466,2020-12-15,90.473,120.195,138.95,1243.48,119.11,0.921,0.0786,61.77,41.08,22.89,47.62,205.97,3687.0,3525.0,171.97,24.644,26687.84,12596.0,48.14,138.3,178.27,104.01,0.8866
5467,2020-12-16,90.45,120.1876,144.79,1244.11,111.85,0.92,0.08,61.67,41.02,22.5,47.82,206.39,3693.75,3542.0,171.97,25.052,26757.4,12670.75,46.96,138.33,177.55,103.634,0.8854
5468,2020-12-17,89.822,120.113,147.07,1257.22,110.21,0.93,0.0875,61.64,40.93,21.93,48.36,209.87,3712.75,3563.0,171.72,26.181,26806.67,12751.0,44.15,138.3,177.69,103.475,0.8854
5469,2020-12-18,90.016,119.9793,147.02,1228.76,110.3,0.948,0.0811,61.6,40.93,21.57,49.24,209.7,3706.25,3573.0,171.31,26.033,26763.39,12712.5,44.64,138.2,177.66,103.131,0.8847
5470,2020-12-21,90.043,120.0741,146.53,1219.25,121.61,0.941,0.0887,61.56,40.81,25.16,47.97,209.03,3685.75,3431.0,171.53,26.379,26714.42,12683.5,46.66,138.41,177.86,103.457,0.8855
5471,2020-12-22,90.654,120.2752,146.27,1226.35,120.57,0.918,0.0887,61.65,40.87,24.23,47.02,207.64,3677.25,3481.0,173.03,25.535,26436.39,12710.0,43.57,137.98,177.93,103.34,0.8855
5472,2020-12-23,90.413,119.9959,147.39,1223.13,118.31,0.955,0.086,61.67,41.02,23.31,48.12,208.5,3681.5,3527.0,172.06,25.921,26524.79,12651.25,42.74,137.77,177.07,103.534,0.8879
5473,2020-12-24,90.323,120.1732,148.27,1233.4301,115.26,0.926,0.0913,61.85,41.14,21.53,48.23,209.07,3695.0,3521.0,172.75,25.908,26668.35,12704.5,42.11,137.88,177.36,103.552,0.8879
5474,2020-12-25,90.223,,,,,,0.09,,,,,,,,,,26656.61,,,,,103.653,0.8909
5475,2020-12-28,90.337,120.2018,145.3,1241.85,114.4,0.933,0.0938,61.84,41.14,21.7,47.62,208.76,3727.5,3563.0,172.75,26.539,26854.03,12832.75,45.26,137.92,177.39,103.533,0.8894
5476,2020-12-29,89.994,120.1761,142.74,1237.3101,116.27,0.935,0.095,61.88,41.13,23.08,48.0,209.04,3720.0,3567.0,172.66,26.217,27568.15,12841.0,46.1,137.92,177.7,103.689,0.8883
5477,2020-12-30,89.68,120.2427,143.03,1241.95,112.04,0.926,0.081,61.96,41.2,22.77,48.4,210.2,3724.25,3550.0,172.84,26.573,27444.17,12841.5,47.19,137.97,177.64,103.559,0.8841
5478,2020-12-31,89.931,120.357,147.83,1248.23,111.86,0.916,0.0786,61.97,41.26,22.75,48.52,210.39,3748.75,3541.0,173.19,26.412,,12885.5,48.98,138.08,177.84,103.121,0.8816
5479,2021-01-01,89.937,,,,,,0.0786,,,,,,,,172.97,26.525,,,,138.03,,103.226,0.8981
5480,2021-01-04,89.869,120.356,143.84,1212.64,124.65,0.917,0.0925,61.79,41.16,26.97,48.52,216.11,3692.25,3551.0,173.03,27.364,27258.38,12685.5,49.59,138.13,178.12,103.239,0.8831
5481,2021-01-05,89.436,120.027,145.5,1214.58,120.07,0.955,0.0837,61.61,41.2,25.34,49.93,216.97,3718.25,3527.0,172.0,27.64,27158.63,12793.5,48.95,137.84,177.9,103.125,0.8812
5482,2021-01-06,89.53,119.294,147.06,1220.0601,119.9,1.042,0.089,61.24,41.1,25.07,50.63,211.89,3740.5,3606.0,169.72,27.042,27055.94,12616.75,44.64,137.2,177.37,102.678,0.8782
5483,2021-01-07,89.826,119.116,145.92,1214.75,109.38,1.071,0.0913,61.2,41.21,22.37,50.83,212.45,3795.5,3615.0,169.22,27.261,27490.13,12928.0,45.2,136.95,177.25,103.024,0.8781
5484,2021-01-08,90.098,118.946,139.25,1221.0699,111.0,1.107,0.0825,61.16,41.29,21.56,52.24,203.76,3817.5,3622.0,168.75,24.637,28139.03,13097.25,44.81,136.66,177.3,103.79,0.8852
5485,2021-01-11,90.465,118.816,134.7,1204.11,118.8,1.134,0.086,60.95,41.09,24.08,52.25,205.47,3792.0,3608.0,168.34,25.284,,12897.0,47.77,136.42,176.93,104.091,0.8876
5486,2021-01-12,90.093,118.765,139.99,1209.5,115.79,1.138,0.0913,61.08,41.14,23.33,53.21,204.73,3794.5,3600.0,168.19,25.435,28164.34,12890.25,50.12,136.39,176.44,104.128,0.8896
5487,2021-01-13,90.355,118.765,139.93,1223.91,117.76,1.088,0.0887,61.43,41.26,22.21,52.91,205.91,3803.75,3606.0,169.38,25.572,28456.59,12972.25,45.6,136.77,177.36,103.752,0.8859
5488,2021-01-14,90.239,118.855,138.06,1234.66,122.78,1.129,0.08,61.25,41.25,23.25,53.57,205.53,3791.25,3629.0,168.22,25.802,28698.26,12901.0,46.23,136.56,177.84,103.837,0.8869
5489,2021-01-15,90.772,118.855,136.7,1242.96,124.25,1.097,0.0913,61.31,41.19,24.34,52.36,203.13,3762.25,3585.0,168.81,24.866,28519.18,12802.25,45.14,136.86,177.66,103.828,0.8882
5490,2021-01-18,90.765,,,,,,,,,,,,,3591.0,168.73,25.045,28242.21,,,136.84,177.37,103.908,0.8922
5491,2021-01-19,90.498,119.074,141.32,1238.39,120.71,1.092,0.0875,61.4,41.28,23.24,52.98,204.27,3790.5,3587.0,168.97,25.32,28633.46,12985.5,45.23,136.94,177.4,103.703,0.8909
5492,2021-01-20,90.475,119.142,146.66,1258.48,114.17,1.09,0.0811,61.39,41.41,21.58,53.31,207.17,3845.0,3612.0,169.0,25.766,28523.26,13294.25,42.53,136.97,177.45,103.897,0.888
5493,2021-01-21,90.131,119.142,144.2,1250.5,112.59,1.107,0.081,61.29,41.4,21.32,53.13,207.07,3846.0,3617.0,168.44,25.854,28756.86,13395.5,43.01,136.89,176.8,103.555,0.8893
5494,2021-01-22,90.238,119.001,145.55,1252.34,111.79,1.091,0.0837,61.22,41.3,21.91,52.27,206.03,3834.25,3588.0,168.88,25.556,28631.45,13361.5,43.09,137.03,177.16,103.506,0.8854
5495,2021-01-25,90.391,119.106,145.56,1255.13,116.63,1.04,0.076,61.45,41.3,23.19,52.77,205.93,3848.5,3540.0,169.97,25.484,28822.29,13475.5,43.08,137.38,177.83,103.777,0.8853
5496,2021-01-26,90.17,119.452,143.31,1266.66,115.31,1.04,0.0725,61.45,41.29,23.02,52.61,205.47,3842.5,3589.0,169.88,25.538,28546.18,13485.5,43.14,137.38,177.52,103.76,0.888
5497,2021-01-27,90.647,119.62,137.93,1253.62,157.69,1.014,0.0761,61.38,41.18,37.21,52.85,204.81,3744.25,3532.0,170.44,25.389,28635.21,13105.5,44.16,137.53,177.79,103.603,0.8867
5498,2021-01-28,90.455,119.325,145.84,1258.77,133.22,1.055,0.0625,61.29,41.26,30.21,52.34,203.96,3779.25,3548.0,169.56,25.922,28197.42,13186.0,45.53,137.25,177.77,104.143,0.8889
5499,2021-01-29,90.584,119.325,134.3,1247.97,137.33,1.094,0.058,61.21,41.17,33.09,52.2,204.97,3705.25,3478.0,168.72,26.914,27663.39,12911.25,47.41,137.03,177.25,104.291,0.8886
5500,2021-02-01,90.98,119.104,141.63,1265.02,129.44,1.077,0.056,61.19,41.08,30.24,53.55,206.47,3765.75,3525.0,169.0,29.418,28091.05,13236.5,46.28,137.19,177.22,104.686,0.8914
5501,2021-02-02,91.197,119.224,141.15,1267.34,119.1,1.105,0.0608,61.05,41.2,25.56,54.76,203.1,3818.25,3581.0,168.44,26.402,28362.17,13449.0,45.91,136.94,176.75,104.881,0.8965
5502,2021-02-03,91.171,118.813,136.59,1267.49,111.03,1.131,0.046,60.96,41.24,22.91,55.69,203.28,3823.5,3597.0,167.84,26.889,28646.5,13394.25,46.93,136.8,176.47,105.028,0.8975
5503,2021-02-04,91.529,118.713,136.01,1271.6801,108.47,1.139,0.038,61.02,41.32,21.77,56.23,198.42,3864.5,3633.0,167.47,26.234,28341.95,13547.5,47.25,136.8,176.32,104.995,0.8983
5504,2021-02-05,91.042,118.498,135.09,1277.4,107.64,1.17,0.0304,60.89,41.41,20.87,56.85,200.84,3880.25,3647.0,166.72,27.019,28779.19,13598.0,47.2,136.69,176.17,105.572,0.904
5505,2021-02-08,90.934,118.615,136.65,1282.64,106.61,1.16,0.03,61.07,41.53,21.24,57.97,203.18,3908.0,3668.0,167.13,27.576,29388.5,13683.0,48.45,136.69,176.12,105.4,0.899
5506,2021-02-09,90.439,118.596,140.06,1288.09,108.14,1.157,0.04,61.0,41.44,21.63,58.36,203.55,3905.5,3654.0,167.13,27.402,29505.93,13680.25,46.75,136.72,176.21,105.21,0.8986
5507,2021-02-10,90.371,118.769,139.33,1297.28,114.93,1.133,0.0456,61.13,41.44,21.99,58.68,204.13,3903.0,3641.0,167.53,27.078,29562.93,13643.5,46.27,136.92,176.1,104.575,0.8924
5508,2021-02-11,90.417,118.67,137.6,1297.6899,116.22,1.158,0.0425,61.02,41.5,21.25,58.24,202.36,3912.0,3662.0,167.25,27.047,,13729.0,45.95,136.86,176.43,104.615,0.8902
5509,2021-02-12,90.48,118.326,137.66,1298.13,118.59,1.2,0.045,60.85,41.58,19.97,59.47,201.97,3931.0,3689.0,166.16,27.328,29520.07,13804.75,47.01,136.55,175.97,104.741,0.8901
5510,2021-02-15,90.48,,,,,,0.0431,,,,,,,3732.0,165.17,27.672,30084.15,,,136.18,175.23,105.059,0.8918
5511,2021-02-16,90.509,117.707,140.17,1293.36,124.66,1.301,0.0456,60.53,41.48,21.46,60.05,199.28,3927.75,3720.0,164.09,27.325,30467.75,13767.75,56.78,135.78,174.8,105.387,0.8898
5512,2021-02-17,90.951,117.707,144.45,1289.45,122.83,1.301,0.038,60.74,41.5,21.5,61.14,196.38,3928.0,3697.0,164.41,27.315,30292.19,13699.75,55.97,135.75,175.04,106.103,0.8932
5513,2021-02-18,90.592,117.781,142.55,1282.04,121.05,1.287,0.038,60.65,41.43,22.49,60.53,196.63,3909.5,3675.0,164.5,27.078,30236.09,13633.0,56.12,135.86,174.68,105.861,0.8984
5514,2021-02-19,90.364,117.781,141.53,1286.1801,117.45,1.345,0.033,60.32,41.41,22.05,59.26,196.89,3903.0,3714.0,163.09,27.254,30017.92,13576.0,60.43,135.45,174.18,105.652,0.8958
5515,2021-02-22,90.01,117.173,138.82,1296.84,117.06,1.37,0.03,60.02,41.33,23.45,61.7,200.33,3873.5,3700.0,162.38,28.085,30156.03,13224.25,62.42,135.33,174.72,105.514,0.8967
5516,2021-02-23,90.169,117.131,136.64,1311.83,112.78,1.362,0.0325,60.07,41.45,23.11,61.67,200.05,3878.0,3680.0,162.16,27.742,,13192.0,61.73,135.42,174.35,104.984,0.8957
5517,2021-02-24,90.176,116.875,138.52,1322.0699,109.6,1.389,0.033,60.11,41.46,21.34,63.22,199.16,3922.5,3702.0,161.53,27.928,29671.7,13302.0,61.92,135.16,174.04,105.283,0.9051
5518,2021-02-25,90.134,116.875,142.07,1301.76,127.83,1.518,0.043,59.31,41.09,28.89,63.53,196.67,3828.0,3688.0,159.69,27.685,30168.27,12831.75,74.16,133.67,173.06,105.944,0.9066
5519,2021-02-26,90.879,116.048,136.23,1280.1801,124.96,1.46,0.041,59.95,41.04,27.95,61.5,191.51,3809.25,3627.0,160.75,26.44,28966.01,12911.0,75.66,133.8,173.4,106.379,0.9056
5520,2021-03-01,91.039,116.527,141.33,1289.23,114.94,1.446,0.035,59.9,41.26,23.35,60.64,190.87,3898.75,3701.0,160.72,26.678,29663.5,13279.75,68.73,134.28,174.56,106.503,0.9074
5521,2021-03-02,90.785,116.612,141.68,1282.95,114.92,1.415,0.038,59.83,41.17,24.1,59.75,192.04,3867.5,3705.0,161.0,26.879,29408.17,13055.25,57.7,134.64,174.67,106.851,0.9149
5522,2021-03-03,90.947,116.763,140.53,1280.05,121.23,1.47,0.0456,59.48,41.01,26.67,61.28,190.07,3816.75,3710.0,160.06,26.387,29559.1,12681.75,65.83,134.14,173.95,106.758,0.915
5523,2021-03-04,91.631,116.025,137.19,1270.9399,124.62,1.55,0.0456,59.09,40.89,28.57,63.83,188.4,3765.5,3703.0,158.63,25.461,28930.11,12455.0,68.13,133.5,174.27,107.058,0.9197
5524,2021-03-05,91.977,116.081,135.9,1280.04,116.21,1.554,0.038,59.06,40.98,24.66,66.09,188.15,3839.0,3666.0,158.75,25.287,28864.32,12663.75,69.37,133.45,174.0,107.955,0.9293
5525,2021-03-08,92.313,115.844,137.01,1294.52,114.62,1.594,0.041,58.58,40.7,25.47,65.05,185.87,3819.25,3765.0,158.28,25.269,28743.25,12297.25,71.65,132.98,174.0,108.419,0.9302
5526,2021-03-09,91.958,115.844,134.45,1299.21,108.71,1.545,0.0456,58.94,40.77,24.03,64.01,190.18,3873.25,3790.0,159.31,26.183,29027.94,12788.75,67.44,133.41,171.23,108.939,0.9358
5527,2021-03-10,91.823,116.282,138.57,1309.52,114.68,1.52,0.04,59.16,40.88,22.56,64.44,190.72,3896.5,3818.0,159.69,26.13,29036.56,12749.25,63.19,133.63,171.32,108.577,0.9281
5528,2021-03-11,91.42,116.18,139.61,1317.74,112.87,1.527,0.0375,59.19,40.99,21.91,66.02,190.8,3936.75,3844.0,159.44,26.193,29211.64,13048.25,63.9,133.72,171.64,108.432,0.9297
5529,2021-03-12,91.679,116.18,140.29,1337.46,111.73,1.635,0.035,58.65,40.93,20.69,65.61,190.49,3932.75,3832.0,157.13,25.911,29717.83,12924.25,70.83,132.91,171.12,108.555,0.9247
5530,2021-03-15,91.833,115.43,141.26,1351.09,110.49,1.607,0.025,58.79,40.92,20.03,65.39,191.53,3958.25,3829.0,157.63,26.288,29766.97,13069.25,70.79,133.08,171.78,109.117,0.9293
5531,2021-03-16,91.865,115.531,142.56,1350.03,113.73,1.623,0.0177,58.76,40.83,19.79,64.8,191.68,3952.5,3850.0,157.38,26.003,29921.09,13141.25,70.81,133.08,171.78,109.134,0.9276
5532,2021-03-17,91.442,115.531,143.19,1348.12,109.9,1.641,0.0152,58.8,40.88,19.23,64.6,191.24,3963.5,3852.0,156.69,26.058,29914.33,13189.0,66.75,133.17,171.08,109.029,0.9248
5533,2021-03-18,91.862,115.434,148.11,1337.5,117.8,1.729,0.015,58.48,40.55,21.58,60.06,191.84,3906.0,3871.0,155.53,26.351,30216.75,12779.75,70.48,132.44,170.72,108.891,0.9222
5534,2021-03-19,91.919,115.008,141.47,1318.54,115.95,1.732,0.0152,58.57,40.72,20.95,61.44,192.86,3899.75,3857.0,155.59,26.321,29792.05,12844.5,68.8,132.36,171.22,108.931,0.9273
5535,2021-03-22,91.742,115.077,146.14,1323.09,108.63,1.682,0.01,58.76,40.86,18.88,61.56,192.48,3930.0,3773.0,156.72,25.769,29174.15,13071.75,67.62,132.75,171.49,108.871,0.93
5536,2021-03-23,92.336,115.455,143.44,1320.6899,111.69,1.638,0.0127,58.91,40.88,20.3,57.76,191.05,3899.75,3773.0,156.16,25.227,28995.92,13006.25,60.77,131.92,171.92,108.776,0.9232
5537,2021-03-24,92.528,115.909,143.7,1318.3101,110.67,1.614,0.02,59.07,40.94,21.2,61.18,191.94,3880.75,3772.0,156.75,25.231,28405.52,12794.0,60.71,132.09,172.17,108.52,0.9345
5538,2021-03-25,92.528,115.909,140.86,1326.35,104.75,1.614,0.0203,59.0,40.98,19.81,58.56,191.03,3900.5,3770.0,156.69,25.047,28729.88,12770.5,59.54,132.14,172.58,108.79,0.936
5539,2021-03-26,92.766,115.879,145.46,1248.78,103.26,1.66,0.0225,58.96,41.12,18.86,60.97,191.85,3964.75,3809.0,155.97,25.114,29176.7,12966.75,61.49,131.77,172.12,109.179,0.9395
5540,2021-03-29,92.944,115.628,143.67,1340.23,105.84,1.721,0.025,58.87,41.16,20.74,61.56,189.62,3959.0,3830.0,154.78,24.771,29384.52,12944.5,65.96,131.36,171.62,109.836,0.9389
5541,2021-03-30,93.297,115.285,142.2,1342.8,101.9,1.726,0.0225,58.98,41.06,19.61,60.55,186.46,3947.75,3872.0,155.03,24.137,29432.7,12878.25,67.44,131.19,171.0,110.305,0.9417
5542,2021-03-31,93.232,115.332,140.93,1329.24,100.04,1.746,0.015,59.04,41.19,19.4,59.16,189.73,3967.5,3866.0,154.59,24.532,29178.8,13089.75,71.27,130.94,171.28,110.75,0.9439
5543,2021-04-01,92.929,115.14,136.29,1351.12,98.97,1.679,0.0152,59.24,41.1,17.33,61.45,191.15,4010.0,3893.0,156.22,24.948,29388.87,13316.0,64.99,131.42,171.83,110.613,0.9421
5544,2021-04-02,93.01,,,,,1.714,0.0177,,,,,,4038.0,3910.0,155.69,,29854.0,13325.5,63.71,130.95,171.73,110.725,0.9423
5545,2021-04-05,92.595,115.608,139.63,1353.85,99.24,1.72,0.0203,59.01,41.15,17.91,58.65,191.19,4067.75,,155.59,24.78,30089.25,13585.5,61.79,131.11,,110.193,0.936
5546,2021-04-06,92.335,115.801,142.44,1359.7,99.06,1.656,0.0228,59.33,41.23,18.12,59.33,192.76,4064.0,3920.0,156.53,25.227,29696.63,13570.0,60.29,131.69,171.68,109.793,0.9314
5547,2021-04-07,92.455,115.792,140.6,1363.74,97.09,1.653,0.0177,59.2,41.22,17.16,59.77,192.61,4070.0,3909.0,156.38,25.247,29730.79,13604.75,62.54,131.83,171.67,109.852,0.9293
5548,2021-04-08,92.059,115.792,139.04,1361.78,100.72,1.632,0.0177,59.42,41.25,16.95,59.6,194.45,4089.0,3925.0,156.78,25.585,29708.98,13747.75,60.08,132.0,171.89,109.33,0.9242
5549,2021-04-09,92.163,115.907,132.88,1362.05,102.06,1.666,0.015,59.34,41.21,16.69,59.32,192.96,4119.5,3926.0,156.5,25.325,29768.06,13829.5,61.21,131.73,171.37,109.665,0.925
5550,2021-04-12,92.138,115.774,134.29,1364.51,102.08,1.675,0.018,59.33,41.17,16.91,59.7,191.63,4120.25,3915.0,156.28,24.867,29538.73,13808.75,63.5,131.63,171.3,109.374,0.9221
5551,2021-04-13,91.852,116.004,134.72,1375.47,100.44,1.623,0.0279,59.555,41.21,16.65,60.18,193.27,4132.75,3917.0,157.16,25.426,29751.61,13975.75,61.2,132.08,171.26,108.924,0.9201
5552,2021-04-14,91.69,116.004,137.67,1369.97,107.47,1.638,0.015,59.48,41.21,16.99,63.15,192.02,4118.0,3928.0,156.88,25.524,29620.99,13798.75,60.08,131.92,170.87,108.894,0.9227
5553,2021-04-15,91.69,116.586,139.29,1389.11,108.66,1.53,0.0228,59.78,41.36,16.57,63.46,195.4,4162.5,3942.0,159.0,25.964,29642.69,14014.0,59.05,132.66,171.33,108.689,0.9219
5554,2021-04-16,91.556,116.291,138.33,1392.5,107.8,1.573,0.0253,59.47,41.29,16.25,63.19,196.88,4176.25,3983.0,158.0,26.105,29683.37,14029.5,62.57,132.38,170.91,108.785,0.9202
5555,2021-04-19,91.069,116.135,137.15,1398.2,111.9,1.599,0.02,59.38,41.22,17.29,63.43,195.82,4155.5,3977.0,157.5,25.837,29685.37,13897.25,63.96,132.23,170.48,108.098,0.9147
5556,2021-04-20,91.241,116.375,134.87,1406.8101,116.37,1.562,0.02,59.49,41.18,18.68,62.67,196.68,4126.5,3893.0,158.16,25.84,29100.38,13794.25,64.35,132.56,170.74,108.133,0.9159
5557,2021-04-21,91.155,116.358,139.43,1411.95,112.9,1.564,0.0279,59.62,41.27,17.5,61.35,198.31,4164.75,3931.0,158.13,26.57,28508.55,13919.25,62.27,132.53,170.88,108.039,0.9167
5558,2021-04-22,91.333,116.453,138.09,1405.89,116.05,1.556,0.025,59.66,41.23,18.71,61.43,197.08,4127.75,3968.0,158.44,26.18,29188.17,13750.25,59.62,132.55,170.94,107.978,0.917
5559,2021-04-23,90.859,116.372,140.09,1409.54,108.36,1.567,0.0177,59.7,41.33,17.33,62.14,196.61,4171.5,3967.0,158.28,26.075,29020.63,13927.0,59.98,132.44,170.83,107.925,0.9136
5560,2021-04-26,90.807,116.369,139.09,1415.4,104.01,1.57,0.015,59.68,41.27,17.64,61.91,196.87,4179.5,3976.0,158.44,26.209,29126.23,14011.5,60.98,132.38,170.83,108.202,0.9146
5561,2021-04-27,90.909,116.059,139.13,1416.26,103.39,1.622,0.015,59.47,41.3,17.56,62.94,196.72,4179.0,3960.0,157.44,26.41,28991.89,13953.0,60.15,132.03,170.76,108.75,0.914
5562,2021-04-28,90.609,116.072,139.37,1414.47,104.78,1.62,0.0101,59.51,41.36,17.28,63.86,196.18,4176.25,3973.0,157.5,26.085,29053.97,13892.25,60.31,132.09,170.48,108.505,0.9087
5563,2021-04-29,90.614,116.009,139.3,1422.08,105.46,1.64,0.0152,59.45,41.39,17.61,65.01,195.56,4203.5,3956.0,157.19,26.053,,13953.5,,131.98,169.88,108.904,0.909
5564,2021-04-30,91.28,116.06,146.32,1424.8101,109.22,1.631,0.015,59.55,41.39,18.61,63.58,195.5,4174.5,3940.0,157.31,25.915,28812.63,13850.0,,132.1,170.0,109.285,0.9135
5565,2021-05-03,90.945,116.06,143.75,1422.9399,108.32,1.606,0.0203,59.52,41.22,18.31,64.49,198.16,4185.75,3961.0,157.63,26.96,,13790.0,57.33,132.33,170.16,109.087,0.9115
5566,2021-05-04,91.288,116.352,139.23,1418.11,111.22,1.592,0.0177,59.56,41.22,19.48,65.69,196.41,4158.25,3885.0,158.0,26.558,,13536.0,58.51,132.42,170.66,109.329,0.9134
5567,2021-05-05,91.308,116.422,142.12,1396.37,109.51,1.584,0.02,59.61,41.28,19.15,65.63,197.33,4160.0,3969.0,158.13,26.522,,13491.0,56.93,132.55,170.47,109.219,0.9131
5568,2021-05-06,90.951,116.55,144.47,1411.0699,108.39,1.561,0.02,59.71,41.25,18.39,64.71,200.8,4194.25,3969.0,158.63,27.477,29331.37,13597.75,57.75,132.67,170.59,109.05,0.9076
5569,2021-05-07,90.233,116.435,145.76,1426.9399,107.03,1.577,0.0177,59.71,41.31,16.69,64.9,202.53,4225.25,4010.0,157.97,27.477,29357.82,13709.75,54.13,132.75,170.47,108.615,0.9012
5570,2021-05-10,90.212,116.24,142.72,1430.6899,114.1,1.602,0.01,59.49,41.26,19.66,64.92,203.23,4183.5,4011.0,157.53,27.492,29518.34,13356.75,55.48,132.61,170.29,108.844,0.9004
5571,2021-05-11,90.141,116.036,140.12,1413.6801,122.47,1.624,0.0125,59.33,41.2,21.84,65.28,203.05,4146.25,3922.0,156.94,27.667,28608.59,13346.0,58.01,132.45,169.45,108.715,0.9038
5572,2021-05-12,90.713,115.57,142.6,1381.61,146.28,1.695,0.0125,59.06,41.0,27.59,66.08,201.58,4058.75,3936.0,155.59,27.244,28147.51,12998.5,58.47,131.92,168.94,109.664,0.9086
5573,2021-05-13,90.752,115.753,139.26,1393.66,130.01,1.668,0.0127,59.25,41.14,23.13,63.82,201.72,4107.0,3940.0,156.19,27.059,27448.01,13100.25,56.59,132.19,168.89,109.516,0.9059
5574,2021-05-14,90.321,115.936,139.05,1408.28,117.56,1.635,0.0177,59.46,41.24,18.81,65.37,203.26,4169.0,4006.0,156.81,27.365,28084.47,13387.0,54.99,132.41,168.98,109.355,0.9013
5575,2021-05-17,90.164,115.753,138.35,1408.49,120.7,1.64,0.01,59.41,41.13,19.72,66.27,206.53,4157.75,4000.0,156.78,28.274,27824.83,13303.5,58.59,132.34,168.86,109.242,0.9033
5576,2021-05-18,89.75,115.923,139.46,1414.4301,123.93,1.642,0.015,59.26,41.08,21.34,65.49,206.58,4123.0,4005.0,156.69,28.333,28406.84,13212.0,57.18,132.39,168.82,108.868,0.8974
5577,2021-05-19,90.191,115.902,143.75,1407.22,130.17,1.683,0.0101,59.17,40.95,22.18,63.35,208.05,4111.5,3930.0,156.06,28.025,28044.45,13233.5,57.31,132.03,168.9,109.273,0.9041
5578,2021-05-20,89.808,115.674,142.96,1421.27,126.34,1.634,0.0101,59.48,41.13,20.67,61.94,208.11,4154.25,3985.0,157.0,28.067,28098.25,13486.5,55.04,132.48,168.84,108.86,0.8973
5579,2021-05-21,90.017,116.039,144.51,1418.39,124.22,1.632,0.0051,59.52,41.18,20.15,63.58,207.56,4151.75,4017.0,157.25,27.486,28317.83,13405.0,54.59,132.44,169.14,108.955,0.8978
5580,2021-05-24,89.844,116.027,144.64,1433.9399,116.12,1.608,0.0177,59.63,41.25,18.4,66.05,208.42,4193.75,4043.0,157.69,27.905,28364.61,13635.25,54.94,132.63,169.32,108.851,0.897
5581,2021-05-25,89.639,116.241,144.6,1434.5601,113.55,1.564,0.0152,59.84,41.28,18.84,66.07,209.94,4185.5,4036.0,158.59,28.056,28553.98,13656.25,53.72,132.97,169.69,108.802,0.8956
5582,2021-05-26,90.042,116.507,149.82,1438.4399,106.29,1.574,0.0177,59.8,41.31,17.36,66.21,210.31,4193.0,4028.0,158.53,27.877,28642.19,13700.25,52.82,132.91,170.29,109.17,0.8977
5583,2021-05-27,89.971,116.507,149.35,1434.25,103.88,1.61,0.0127,59.67,41.26,16.74,66.85,209.72,4199.0,4038.0,157.78,27.94,28549.01,13665.5,53.47,132.69,169.79,109.809,0.8971
5584,2021-05-28,90.031,116.304,155.31,1445.38,105.41,1.581,0.0127,59.67,41.24,16.76,66.32,210.47,4202.5,4066.0,158.13,28.014,29149.41,13686.5,52.04,132.86,169.94,109.825,0.8999
5585,2021-05-31,90.031,,,,,,,,,,67.0,,,4035.0,156.23,28.192,28860.08,,,131.8,169.94,109.493,0.8984
5586,2021-06-01,89.831,116.419,149.04,1468.77,113.04,1.615,0.0177,59.58,41.17,17.9,67.72,210.44,4198.5,4070.0,157.72,28.102,28814.34,13648.75,54.99,132.73,169.83,109.493,0.897
5587,2021-06-02,89.909,116.281,148.59,1486.53,112.57,1.591,0.0203,59.69,41.2,17.48,68.83,210.98,4206.25,4084.0,158.09,28.204,28946.14,13673.75,55.21,132.86,170.15,109.595,0.8982
5588,2021-06-03,90.512,116.205,145.21,1481.8,114.31,1.625,0.0228,59.5,41.19,18.04,68.81,206.94,4191.25,4086.0,157.66,27.477,29058.11,13529.25,53.96,132.53,169.94,110.266,0.9035
5589,2021-06-04,90.136,116.205,147.76,1482.34,108.16,1.559,0.0228,59.83,41.28,16.42,69.62,209.0,4228.25,4089.0,159.06,27.896,28941.52,13766.75,49.78,133.13,170.33,109.505,0.8994
5590,2021-06-07,89.95,116.205,151.29,1501.8101,108.03,1.569,0.025,59.8,41.32,16.42,69.23,209.75,4225.5,4099.0,158.81,28.018,29019.24,13804.25,49.55,133.03,170.12,109.274,0.8975
5591,2021-06-08,90.076,116.847,150.7,1515.1899,109.62,1.528,0.0225,59.93,41.34,17.07,70.05,209.27,4225.75,4099.0,159.59,27.731,28963.56,13811.5,49.93,133.36,170.23,109.469,0.8968
5592,2021-06-09,90.12,117.105,150.71,1517.61,120.97,1.489,0.0304,60.14,41.39,17.89,69.96,209.39,4218.5,4100.0,160.38,28.002,28860.8,13814.25,52.84,133.64,172.56,109.61,0.8956
5593,2021-06-10,90.075,117.105,154.81,1530.1,116.76,1.459,0.0279,60.35,41.46,16.1,70.29,209.49,4238.0,4097.0,160.91,28.031,28958.56,13959.75,48.26,133.8,172.53,109.409,0.8946
5594,2021-06-11,90.555,117.232,159.28,1523.65,116.12,1.462,0.0275,60.36,41.48,15.65,70.91,207.63,4236.5,4127.0,160.81,28.146,28948.73,13985.75,50.85,133.7,172.88,109.665,0.8981
5595,2021-06-14,90.522,117.232,160.64,1528.59,119.8,1.501,0.025,60.17,41.46,16.39,70.88,206.12,4245.75,4137.0,160.19,28.039,29161.8,14117.25,54.03,133.42,172.64,110.041,0.8991
5596,2021-06-15,90.536,116.926,161.35,1511.38,122.9,1.499,0.0275,60.22,41.46,17.02,72.12,205.07,4236.5,4145.0,160.13,27.693,29441.3,14021.75,52.92,133.44,172.32,110.084,0.8985
5597,2021-06-16,91.129,116.541,155.97,1500.37,121.57,1.569,0.035,60.04,41.4,18.15,72.15,205.62,4213.0,4153.0,159.41,27.812,29291.01,13972.75,54.28,132.7,172.53,110.77,0.9085
5598,2021-06-17,91.889,117.043,161.01,1492.87,120.63,1.511,0.035,60.32,41.42,17.75,71.04,196.06,4212.25,4158.0,161.31,25.856,29018.33,14156.25,54.91,132.91,172.44,110.325,0.9176
5599,2021-06-18,92.225,117.344,150.78,1473.09,128.83,1.45,0.045,60.59,41.41,20.7,71.64,195.42,4153.5,4157.0,162.53,25.969,28964.08,14035.0,60.45,133.16,172.6,110.195,0.9226
5600,2021-06-21,91.899,117.043,158.36,1500.35,121.25,1.484,0.041,60.31,41.49,17.89,73.12,196.95,4213.75,4094.0,161.75,26.025,28010.93,14130.0,61.86,133.06,172.16,110.374,0.9186
5601,2021-06-22,91.756,117.018,160.51,1497.9399,114.01,1.472,0.04,60.4,41.51,16.66,72.85,196.34,4236.25,4112.0,159.94,25.857,28884.13,14258.25,58.64,132.36,171.95,110.685,0.9186
5602,2021-06-23,91.802,117.009,154.85,1496.08,110.48,1.487,0.0475,60.31,41.49,16.32,73.08,197.01,4231.5,4067.0,159.78,26.111,28874.89,14263.0,55.6,132.19,172.17,111.012,0.9181
5603,2021-06-24,91.814,117.059,161.04,1490.25,107.87,1.487,0.0475,60.41,41.57,15.97,73.3,196.27,4256.0,4113.0,159.94,26.089,28875.23,14354.25,54.83,132.17,172.33,110.921,0.9181
5604,2021-06-25,91.851,117.059,170.55,1498.59,105.91,1.536,0.0475,60.28,41.63,15.62,74.05,196.39,4271.25,4109.0,158.75,26.126,29066.18,14339.0,55.58,131.86,171.77,110.79,0.9177
5605,2021-06-28,91.887,117.09,162.09,1488.52,106.32,1.478,0.045,60.48,41.67,15.76,72.91,196.71,4280.5,4085.0,160.06,26.254,29048.02,14512.5,56.33,132.27,172.26,110.603,0.9196
5606,2021-06-29,92.073,117.09,163.84,1481.24,107.01,1.48,0.0482,60.51,41.71,16.02,72.98,194.82,4282.0,4093.0,160.09,25.901,28812.61,14563.0,56.8,132.27,172.07,110.535,0.9209
5607,2021-06-30,92.436,117.104,161.85,1472.6,106.73,1.444,0.05,60.59,41.72,15.83,73.47,195.7,4288.5,4063.0,160.75,26.194,28791.53,14549.0,57.27,132.5,172.61,111.124,0.925
5608,2021-07-01,92.597,117.313,155.65,1476.2,108.72,1.48,0.0507,60.44,41.63,15.48,75.23,196.28,4310.75,4076.0,160.19,26.1,28707.04,14547.0,57.52,132.27,172.54,111.572,0.9259
5609,2021-07-02,92.226,117.451,157.94,1485.64,106.11,1.431,0.0425,60.59,41.67,15.07,75.16,197.0,4342.75,4075.0,160.91,26.501,28783.28,14713.75,52.41,132.67,173.09,111.055,0.9208
5610,2021-07-05,92.212,,,,,,,,,,76.3,,,4076.0,160.77,26.538,28598.19,,,132.66,172.7,110.912,0.9221
5611,2021-07-06,92.546,117.466,153.75,1498.66,112.24,1.37,0.0456,60.79,41.69,16.44,73.37,198.2,4334.0,4037.0,162.09,26.174,28643.21,14775.5,56.55,133.22,173.6,110.602,0.9247
5612,2021-07-07,92.644,117.851,152.15,1499.53,112.7,1.321,0.05,60.93,41.72,16.2,72.2,199.07,4349.75,4074.0,163.28,26.129,28366.95,14802.25,60.65,133.55,174.02,110.622,0.9254
5613,2021-07-08,92.417,118.51,152.82,1495.24,120.03,1.288,0.0525,61.01,41.65,19.0,72.94,198.86,4313.0,3985.0,163.94,25.987,28118.03,14712.25,61.68,133.89,174.34,109.801,0.9147
5614,2021-07-09,92.13,118.51,155.7,1520.99,112.62,1.356,0.05,60.77,41.71,16.18,74.56,200.01,4360.0,4058.0,162.63,26.234,27940.42,14810.5,59.92,133.42,173.9,110.155,0.914
5615,2021-07-12,92.261,118.51,157.93,1535.91,111.59,1.363,0.053,60.74,41.7,16.17,74.1,199.49,4376.5,4089.0,162.5,26.239,28569.02,14869.25,60.78,133.41,174.05,110.325,0.915
5616,2021-07-13,92.752,117.582,154.4,1514.59,116.4,1.415,0.0507,60.55,41.58,17.12,75.25,199.94,4361.25,4084.0,161.44,26.14,28718.24,14865.0,60.8,132.98,174.12,110.595,0.9188
5617,2021-07-14,92.41,117.582,154.31,1525.1899,117.66,1.356,0.0525,60.82,41.64,16.33,73.13,201.61,4367.75,4082.0,162.59,26.271,28608.49,14891.75,57.31,133.45,174.34,109.984,0.9147
5618,2021-07-15,92.624,117.961,154.15,1524.73,121.03,1.297,0.0482,60.93,41.63,17.01,71.65,202.05,4352.0,4046.0,163.91,26.394,28279.09,14787.5,56.98,133.8,174.58,109.778,0.9178
5619,2021-07-16,92.687,118.327,151.94,1526.8101,128.89,1.3,0.0482,60.84,41.55,18.45,71.81,200.5,4318.5,4014.0,163.81,25.795,28003.08,14670.5,58.24,133.78,174.87,110.095,0.9196
5620,2021-07-19,92.891,118.394,155.74,1494.3,139.54,1.181,0.046,61.22,41.33,22.5,66.35,199.85,4251.25,3922.0,166.16,25.144,27652.74,14540.75,67.58,134.69,175.52,109.534,0.9185
5621,2021-07-20,92.973,119.163,154.5,1525.24,131.3,1.209,0.0532,61.16,41.49,19.73,67.2,200.07,4315.5,3961.0,165.41,24.995,27388.16,14722.75,69.31,134.67,175.85,109.92,0.9212
5622,2021-07-21,92.754,118.484,155.34,1529.11,122.53,1.28,0.0525,60.94,41.59,17.91,70.3,199.21,4350.5,4036.0,164.03,25.255,27548.0,14827.75,65.28,134.11,175.53,110.255,0.9176
5623,2021-07-22,92.822,118.484,152.63,1520.49,118.82,1.267,0.0532,61.15,41.6,17.69,71.91,199.41,4359.5,4058.0,164.5,25.381,,14928.5,64.96,134.25,175.94,110.14,0.9191
5624,2021-07-23,92.912,118.54,159.44,1530.54,114.92,1.286,0.05,61.11,41.69,17.2,72.07,199.05,4403.0,4100.0,164.03,25.233,,15098.0,65.28,134.14,175.81,110.555,0.9192
5625,2021-07-26,92.649,118.679,153.2,1530.9301,114.86,1.276,0.046,61.02,41.62,17.58,71.91,198.77,4414.25,4099.0,164.13,25.318,27833.29,15117.75,69.03,134.2,175.83,110.302,0.9155
5626,2021-07-27,92.432,118.569,151.04,1539.52,121.11,1.234,0.05,61.22,41.59,19.36,71.65,198.84,4394.5,4069.0,165.0,24.649,27970.22,14947.75,70.07,134.47,176.26,109.806,0.9144
5627,2021-07-28,92.322,118.823,152.23,1537.55,117.08,1.261,0.0532,61.3,41.64,18.31,72.39,198.9,4393.75,4087.0,164.38,24.877,27581.66,15011.5,62.4,134.27,176.41,109.889,0.9095
5628,2021-07-29,91.864,118.636,149.96,1535.87,114.04,1.269,0.0475,61.18,41.68,17.7,73.62,202.34,4411.75,4106.0,164.16,25.782,27782.42,15037.75,62.08,134.22,176.44,109.409,0.9057
5629,2021-07-30,92.174,118.626,153.71,1537.21,116.18,1.239,0.0525,61.25,41.65,18.24,73.95,200.29,4389.5,4087.0,164.72,25.547,27283.59,14955.75,61.19,134.45,176.57,109.715,0.9056
5630,2021-08-02,92.048,118.825,153.3,1536.14,122.85,1.172,0.0507,61.27,41.41,19.46,71.26,200.84,4379.75,4097.0,166.0,25.575,27781.02,14952.75,64.29,135.0,176.82,109.269,0.9053
5631,2021-08-03,92.081,119.228,152.56,1536.36,117.55,1.174,0.0558,61.32,41.45,18.04,70.56,199.95,4415.0,4122.0,166.0,25.582,27641.83,15046.25,65.42,135.0,176.97,108.991,0.9038
5632,2021-08-04,92.27,119.237,151.4,1528.6801,116.21,1.184,0.0532,61.33,41.36,17.97,68.15,200.0,4394.75,4134.0,166.19,25.461,27584.08,15073.5,62.67,134.83,176.94,109.529,0.9064
5633,2021-08-05,92.244,118.992,148.27,1549.48,113.35,1.217,0.0456,61.13,41.38,17.28,69.09,199.38,4421.5,4153.0,165.69,25.292,27728.12,15167.75,63.57,134.5,177.29,109.752,0.9065
5634,2021-08-06,92.8,118.992,148.27,1544.86,112.0,1.288,0.055,60.76,41.39,16.15,68.28,194.33,4429.5,4174.0,164.19,24.326,27820.04,15095.5,62.64,134.0,176.5,110.265,0.9146
5635,2021-08-09,92.945,118.992,148.27,1536.5601,115.09,1.317,0.051,60.55,41.3,16.72,66.48,190.3,4425.75,4178.0,163.69,23.269,,15125.25,65.72,133.78,176.52,110.306,0.9206
5636,2021-08-10,93.055,118.077,148.27,1523.08,114.15,1.342,0.0558,60.46,41.23,16.79,68.29,190.87,4430.0,4190.0,163.22,23.392,27888.15,15044.5,66.55,133.55,176.59,110.598,0.923
5637,2021-08-11,92.922,118.077,154.32,1529.5699,118.05,1.339,0.0583,60.53,41.31,16.06,69.25,193.25,4440.5,4210.0,163.03,23.488,28070.51,15019.5,60.66,133.58,176.57,110.374,0.9215
5638,2021-08-12,93.035,118.035,157.18,1529.49,117.72,1.367,0.0525,60.59,41.33,15.59,69.09,193.09,4454.5,4226.0,162.91,23.116,28015.02,15078.5,57.39,133.45,176.58,110.403,0.9231
5639,2021-08-13,92.518,117.942,159.66,1542.8,117.81,1.297,0.055,60.9,41.39,15.45,68.44,195.99,4462.5,4229.0,164.41,23.779,27977.15,15125.75,55.45,133.95,176.64,109.585,0.9156
5640,2021-08-16,92.628,117.942,152.54,1538.51,117.69,1.257,0.063,60.93,41.43,16.12,67.29,197.27,4474.0,4213.0,165.13,23.791,27523.19,15134.0,59.4,134.33,176.8,109.297,0.9125
5641,2021-08-17,93.13,118.704,149.05,1531.86,120.53,1.258,0.0634,60.86,41.37,17.91,66.59,197.05,4443.5,4189.0,165.13,23.659,27424.47,14997.5,60.28,134.27,176.8,109.537,0.9147
5642,2021-08-18,93.136,118.687,148.54,1523.42,128.41,1.273,0.0684,60.81,41.26,21.57,65.21,196.68,4394.5,4167.0,165.06,23.422,27585.91,14849.25,58.05,134.14,176.92,109.842,0.9176
5643,2021-08-19,93.568,118.883,151.19,1522.41,130.41,1.242,0.0525,60.94,41.26,21.67,63.5,196.54,4401.5,4134.0,165.81,23.23,27281.17,14928.0,59.38,134.33,177.04,109.768,0.9189
5644,2021-08-20,93.496,118.883,153.51,1529.5,120.51,1.26,0.0532,60.97,41.3,18.56,62.14,196.63,4437.0,4151.0,165.75,23.112,27013.25,15086.75,59.95,134.13,177.15,109.815,0.9172
5645,2021-08-23,92.958,118.883,159.02,1527.14,113.33,1.255,0.051,60.99,41.43,17.15,65.64,199.09,4475.5,4178.0,165.81,23.656,27494.24,15304.5,62.23,134.22,176.89,109.678,0.9123
5646,2021-08-24,92.893,118.878,157.13,1522.79,111.09,1.29,0.055,60.86,41.51,17.22,67.54,199.33,4482.5,4174.0,165.03,23.937,27732.1,15355.5,63.03,133.98,176.83,109.73,0.9131
5647,2021-08-25,92.825,118.654,159.51,1521.86,108.84,1.344,0.05,60.74,41.58,16.79,68.36,197.41,4493.0,4176.0,163.94,23.822,27724.8,15364.25,64.51,133.63,175.98,109.976,0.9136
5648,2021-08-26,93.062,118.299,157.25,1523.37,116.6,1.342,0.0532,60.73,41.55,18.84,67.42,197.87,4466.5,4160.0,164.06,23.596,27742.29,15274.75,63.41,133.59,175.93,110.048,0.9179
5649,2021-08-27,92.686,118.359,162.43,1540.59,109.62,1.312,0.0525,61.0,41.63,16.39,68.74,200.55,4505.5,4193.0,164.5,24.11,27641.14,15426.5,57.98,133.89,175.99,109.835,0.9113
5650,2021-08-30,92.653,118.359,157.99,1552.45,107.9,1.284,0.046,61.08,41.69,16.19,69.21,199.74,4525.25,4196.0,165.03,24.006,27789.29,15597.5,60.14,134.13,176.28,109.944,0.9172
5651,2021-08-31,92.626,118.777,155.91,1561.97,105.81,1.304,0.0431,61.0,41.74,16.48,68.5,200.39,4520.5,4193.0,164.53,24.006,28089.54,15582.5,59.54,134.05,175.45,110.056,0.9153
5652,2021-09-01,92.449,118.635,154.75,1582.97,105.2,1.302,0.0431,60.9,41.6,16.11,68.59,200.16,4521.25,4223.0,164.78,24.221,28451.02,15609.25,58.09,134.05,175.23,110.096,0.9155
5653,2021-09-02,92.225,118.666,156.98,1587.37,105.7,1.294,0.0482,61.0,41.57,16.41,69.99,199.67,4535.25,4225.0,164.97,23.918,28543.51,15601.0,55.8,134.13,175.47,109.945,0.9145
5654,2021-09-03,92.035,118.734,162.27,1586.5,105.48,1.322,0.0456,60.85,41.65,16.41,69.29,202.11,4534.5,4197.0,164.47,24.802,29128.11,15651.5,53.26,134.0,175.17,109.745,0.9137
5655,2021-09-06,92.222,,,,,,,,,,68.78,,,4243.0,162.66,24.742,29659.89,,,133.28,175.25,109.82,0.9149
5656,2021-09-07,92.512,118.556,154.76,1569.91,111.01,1.37,0.0482,60.61,41.57,18.14,68.35,198.23,4519.25,4213.0,163.47,24.373,29916.14,15674.75,57.05,133.63,174.49,110.296,0.9194
5657,2021-09-08,92.653,118.237,153.39,1571.88,115.06,1.334,0.0431,60.77,41.62,17.96,69.3,197.68,4512.5,4177.0,164.16,24.056,30181.21,15620.0,57.02,133.86,174.6,110.218,0.9218
5658,2021-09-09,92.479,118.453,149.97,1545.72,117.03,1.299,0.0475,61.09,41.64,18.8,68.14,198.4,4492.25,4165.0,165.13,24.177,30008.19,15558.75,52.61,134.09,172.28,109.781,0.9165
5659,2021-09-10,92.582,118.506,151.16,1527.55,124.98,1.341,0.0475,60.93,41.61,20.95,69.72,197.53,4449.0,4125.0,164.28,23.9,30381.84,15434.0,51.73,133.77,171.88,109.935,0.9178
5660,2021-09-13,92.675,118.773,148.5,1536.2,118.01,1.324,0.045,61.05,41.73,19.37,70.45,197.78,4459.5,4166.0,164.72,23.796,30447.37,15430.0,53.1,133.92,171.8,109.994,0.922
5661,2021-09-14,92.623,118.692,146.73,1542.6899,120.37,1.279,0.0375,61.21,41.71,19.46,70.46,199.18,4434.75,4158.0,165.88,23.885,30670.1,15379.75,51.73,134.2,171.91,109.717,0.9201
5662,2021-09-15,92.548,119.037,154.33,1544.55,112.48,1.304,0.045,61.15,41.79,18.18,72.61,197.82,4472.0,4143.0,165.41,23.801,30511.71,15496.5,53.93,134.0,171.57,109.383,0.9197
5663,2021-09-16,92.932,118.879,152.88,1546.08,112.11,1.333,0.0375,61.08,41.8,18.69,72.61,193.63,4464.25,4164.0,164.97,22.794,30323.34,15509.5,53.7,133.7,171.43,109.699,0.9274
5664,2021-09-17,93.195,118.721,149.52,1530.98,118.9,1.37,0.04,60.97,41.74,20.81,71.97,193.04,4421.75,4097.0,164.16,22.337,30500.05,15326.0,56.06,133.41,171.0,109.975,0.9325
5665,2021-09-20,93.276,118.721,141.57,1521.87,138.93,1.309,0.03,61.14,41.63,25.71,70.14,194.41,4348.25,4008.0,165.44,22.204,,15009.5,59.58,133.84,171.55,109.437,0.9277
5666,2021-09-21,93.204,118.918,139.98,1524.72,130.76,1.324,0.025,61.11,41.64,24.36,70.49,195.99,4343.25,4062.0,165.38,22.611,29839.71,15024.0,59.2,133.86,171.74,109.149,0.9235
5667,2021-09-22,93.462,118.855,144.12,1536.14,117.62,1.333,0.0304,61.24,41.72,20.87,72.23,196.06,4384.0,4127.0,163.75,22.907,29639.4,15163.5,55.92,132.98,171.74,109.822,0.9263
5668,2021-09-23,93.462,118.783,146.87,1537.1899,108.31,1.41,0.0355,60.87,41.72,18.63,73.3,192.86,4438.0,4178.0,162.16,22.679,,15303.5,56.79,132.38,170.7,110.326,0.9245
5669,2021-09-24,93.327,118.22,145.67,1519.64,103.07,1.459,0.035,60.76,41.68,17.75,73.98,193.07,4445.75,4143.0,160.97,22.425,30248.81,15318.75,58.46,132.02,170.3,110.735,0.9241
5670,2021-09-27,93.383,118.22,144.66,1506.3101,107.73,1.484,0.03,60.71,41.65,18.76,75.45,193.11,4433.0,4150.0,160.69,22.694,30240.06,15194.75,60.5,131.8,170.17,110.964,0.9256
5671,2021-09-28,93.766,117.706,140.08,1497.27,121.06,1.536,0.04,60.2,41.48,23.25,75.29,191.51,4343.5,4048.0,159.31,22.467,30183.96,14764.75,62.71,131.47,169.86,111.528,0.9292
5672,2021-09-29,94.338,117.275,137.99,1501.3,119.04,1.539,0.0325,60.2,41.52,22.56,74.83,189.9,4349.75,4060.0,159.09,21.485,29544.29,14739.75,61.21,131.47,170.15,111.936,0.9342
5673,2021-09-30,94.23,117.229,135.55,1481.65,118.01,1.529,0.0425,60.1,41.5,23.14,75.03,193.66,4297.75,4022.0,159.22,22.047,29452.66,14682.5,61.07,131.61,169.82,111.461,0.9325
5674,2021-10-01,94.035,117.26,135.05,1496.34,113.14,1.467,0.0375,60.34,41.37,21.15,75.88,193.81,4343.75,4040.0,160.34,22.536,28771.07,14761.75,57.38,132.17,170.22,111.07,0.9311
5675,2021-10-04,93.776,117.26,130.87,1499.46,117.17,1.481,0.038,60.25,41.27,22.96,77.62,194.83,4291.25,3994.0,160.13,22.644,28444.89,14462.25,60.61,132.08,170.11,110.968,0.925
5676,2021-10-05,93.975,117.627,131.68,1487.03,110.75,1.531,0.04,60.1,41.26,21.3,78.93,194.09,4334.0,4043.0,159.16,22.608,27822.12,14655.25,62.83,131.73,169.66,111.487,0.9284
5677,2021-10-06,94.266,117.363,131.51,1496.34,110.92,1.524,0.045,60.11,41.24,21.0,77.43,194.19,4354.0,4025.0,159.47,22.532,27528.87,14759.0,60.65,131.72,169.65,111.413,0.9277
5678,2021-10-07,94.217,117.363,133.32,1504.62,107.43,1.571,0.05,59.85,41.24,19.54,78.3,193.9,4390.0,4076.0,158.44,22.658,27678.21,14881.25,60.91,131.39,169.71,111.662,0.9284
5679,2021-10-08,94.067,116.771,134.46,1495.54,107.27,1.605,0.05,59.66,41.12,18.77,79.35,193.7,4382.25,4054.0,157.75,22.705,28048.94,14808.25,59.65,131.14,169.22,112.235,0.9273
5680,2021-10-11,94.316,116.999,134.7,1498.3,110.29,,,59.56,41.01,20.0,80.52,193.51,4351.0,4036.0,157.47,22.665,28498.2,14700.5,,130.84,168.78,113.388,0.9276
5681,2021-10-12,94.516,116.785,134.1,1515.1899,109.12,1.58,0.0507,59.84,41.08,19.85,80.64,193.91,4340.75,4037.0,158.56,22.514,28230.61,14653.25,62.95,131.14,168.41,113.519,0.9305
5682,2021-10-13,94.08,116.97,135.77,1530.4,108.72,1.549,0.0475,60.09,41.17,18.64,80.44,197.81,4355.0,4080.0,159.66,23.17,28140.28,14764.25,60.84,131.22,168.94,113.301,0.9238
5683,2021-10-14,94.08,117.239,143.78,1547.41,107.97,1.519,0.0507,60.26,41.42,16.86,81.31,198.17,4429.0,4144.0,160.09,23.477,28550.93,15037.25,59.35,131.5,169.65,113.834,0.9244
5684,2021-10-15,93.956,117.434,147.27,1550.78,106.76,1.576,0.05,60.13,41.34,16.3,82.28,194.9,4462.5,4175.0,159.38,23.349,29068.63,15134.5,62.7,130.97,169.56,114.215,0.9228
5685,2021-10-18,93.953,117.434,143.77,1554.85,104.37,1.584,0.053,60.06,41.3,16.31,81.69,194.62,4477.5,4142.0,159.56,23.264,29025.46,15290.5,70.77,130.77,169.11,114.285,0.9233
5686,2021-10-19,93.734,117.108,141.01,1554.3,103.06,1.634,0.055,59.79,41.35,15.7,82.44,195.15,4511.25,4156.0,158.28,23.883,29215.52,15398.5,68.25,130.56,168.54,114.543,0.923
5687,2021-10-20,93.558,116.77,141.23,1575.1801,101.84,1.637,0.0532,59.71,41.34,15.49,83.42,196.73,4528.0,4159.0,158.13,24.445,29255.55,15377.5,65.47,130.64,168.71,114.389,0.9188
5688,2021-10-21,93.77,116.706,140.94,1574.65,102.14,1.675,0.055,59.62,41.28,15.01,82.5,196.4,4541.75,4158.0,157.75,24.17,28708.58,15478.75,69.42,130.19,168.25,113.85,0.9181
5689,2021-10-22,93.642,116.417,139.34,1579.29,106.08,1.655,0.06,59.78,41.2,15.43,83.76,197.99,4536.5,4186.0,158.28,24.449,28804.85,15341.0,72.04,130.34,168.28,113.475,0.916
5690,2021-10-25,93.813,116.417,140.94,1581.84,102.36,1.635,0.056,59.81,41.26,15.24,83.76,199.15,4558.0,4179.0,158.53,24.592,28600.41,15495.75,68.96,130.56,168.65,113.765,0.9199
5691,2021-10-26,93.949,116.733,141.3,1584.92,103.25,1.618,0.0575,60.01,41.28,15.98,84.65,197.67,4565.25,4204.0,158.97,24.088,29106.01,15545.0,66.7,130.61,168.69,114.188,0.9196
5692,2021-10-27,93.802,116.872,140.6,1578.63,109.61,1.529,0.0575,60.3,41.26,16.98,82.66,198.27,4544.5,4200.0,160.97,24.191,29098.24,15587.25,70.06,131.17,169.54,113.776,0.918
5693,2021-10-28,93.345,117.507,144.73,1598.25,106.28,1.568,0.0575,60.23,41.33,16.53,82.81,198.68,4587.5,4223.0,160.5,24.12,28820.09,15764.75,71.96,130.75,169.06,113.616,0.9115
5694,2021-10-29,94.123,117.256,148.09,1581.67,105.17,1.557,0.0575,60.23,41.3,16.26,83.57,196.62,4597.0,4237.0,160.84,23.949,28892.69,15838.5,75.45,130.7,168.12,114.015,0.9158
5695,2021-11-01,93.879,117.258,145.81,1588.46,106.66,1.575,0.051,60.04,41.07,16.41,84.05,197.93,4605.75,4276.0,160.38,24.073,29647.08,15894.25,78.34,130.66,168.15,114.236,0.9161
5696,2021-11-02,94.09,117.122,146.68,1599.14,105.44,1.547,0.0532,60.22,41.16,16.03,83.91,197.23,4623.5,4289.0,160.78,23.507,29520.9,15961.25,71.04,130.97,169.33,114.094,0.9093
5697,2021-11-03,93.864,117.376,149.77,1610.89,102.25,1.577,0.0525,60.08,41.24,15.1,80.86,194.42,4652.25,4301.0,160.47,23.231,,16129.75,71.22,130.77,169.34,113.962,0.9146
5698,2021-11-04,94.347,117.161,151.67,1597.03,104.46,1.524,0.0575,60.34,41.33,15.44,78.81,197.68,4673.25,4324.0,161.16,23.911,29794.37,16330.75,64.61,131.31,170.21,114.07,0.9113
5699,2021-11-05,94.32,117.52,148.83,1607.66,110.21,1.453,0.046,60.7,41.49,16.48,81.27,200.25,4690.25,4350.0,162.88,24.157,29611.57,16351.75,66.9,131.83,171.07,113.837,0.9127
5700,2021-11-08,94.049,117.833,149.24,1605.12,111.49,1.497,0.041,60.55,41.45,17.22,81.93,201.48,4694.0,4348.0,162.28,24.542,29507.05,16327.75,70.97,131.3,170.69,113.475,0.912
5701,2021-11-09,93.955,117.833,144.09,1607.34,110.55,1.432,0.0475,60.73,41.48,17.78,84.15,201.79,4678.25,4335.0,163.72,24.318,29285.46,16212.75,73.02,131.84,171.25,113.253,0.9133
5702,2021-11-10,94.85,118.333,144.89,1603.3199,117.19,1.56,0.0507,60.23,41.3,18.73,81.34,203.73,4642.0,4341.0,162.13,24.772,29106.78,15980.5,78.31,130.73,170.69,112.912,0.9107
5703,2021-11-11,95.178,117.431,144.03,1604.13,114.66,1.57,0.048,60.08,41.22,17.66,81.59,205.46,4643.0,4349.0,161.78,25.301,29277.86,16022.75,,130.33,170.42,113.905,0.9178
5704,2021-11-12,95.128,117.436,144.37,1605.1,112.11,1.584,0.0525,60.04,41.23,16.29,80.79,205.95,4678.25,4366.0,161.38,25.346,29609.97,16192.75,78.61,130.53,170.85,114.043,0.9212
5705,2021-11-15,95.407,117.436,142.38,1619.45,110.66,1.623,0.048,59.68,41.17,16.49,80.88,205.77,4679.0,4373.0,160.25,25.105,29776.8,16187.75,81.59,130.3,170.75,113.981,0.9211
5706,2021-11-16,95.915,116.78,139.56,1610.03,109.58,1.634,0.0425,59.61,41.17,16.37,80.76,204.4,4696.0,4396.0,160.0,24.944,29808.12,16300.75,81.58,130.17,170.77,114.132,0.9254
5707,2021-11-17,95.828,116.78,141.96,1615.11,111.53,1.604,0.0431,59.78,41.12,17.11,78.36,206.17,4686.25,4396.0,160.44,25.167,29688.33,16311.5,81.58,130.45,170.77,114.904,0.9303
5708,2021-11-18,95.544,117.132,144.8,1621.12,112.15,1.587,0.045,59.89,41.06,17.59,78.41,205.2,4701.5,4378.0,160.94,24.9,29598.66,16481.25,74.51,130.58,171.24,114.19,0.9285
5709,2021-11-19,96.031,117.488,148.44,1609.47,113.74,1.536,0.051,60.07,41.05,17.91,75.94,204.13,4694.5,4355.0,161.81,24.781,29745.87,16575.0,73.39,130.88,172.32,114.282,0.9256
5710,2021-11-22,96.548,116.816,147.44,1601.6899,118.62,1.625,0.0525,59.64,40.9,19.17,76.75,199.16,4679.75,4342.0,160.31,24.297,29774.11,16382.0,79.21,130.0,171.77,114.138,0.9293
5711,2021-11-23,96.491,116.549,146.99,1612.0699,115.03,1.667,0.05,59.32,40.84,19.38,78.5,196.65,4688.5,4289.0,159.38,23.435,,16312.0,80.57,129.78,170.81,114.79,0.9323
5712,2021-11-24,96.875,116.549,148.15,1629.04,110.48,1.646,0.055,59.55,40.83,18.58,78.39,196.71,4699.0,4277.0,160.0,23.496,29302.66,16366.0,83.15,129.83,170.54,115.141,0.9334
5713,2021-11-25,96.774,,,,,1.643,0.0625,,,18.58,77.99,,,4289.0,160.84,23.582,29499.28,,,130.25,170.98,115.408,0.9338
5714,2021-11-26,96.089,117.902,148.27,1584.91,149.74,1.482,0.0583,59.95,40.53,28.62,68.15,196.85,4595.75,4084.0,162.88,23.107,28751.62,16051.0,89.45,131.17,172.34,115.069,0.9353
5715,2021-11-29,96.341,116.736,149.93,1595.77,131.24,1.529,0.048,59.95,40.82,22.96,69.95,196.53,4651.0,4106.0,162.0,22.799,28283.92,16390.75,89.41,131.05,172.02,113.719,0.9243
5716,2021-11-30,95.994,117.664,150.55,1568.51,142.55,1.443,0.055,60.06,40.61,27.19,66.18,195.57,4566.25,4077.0,163.69,22.765,27821.76,16150.5,84.04,131.55,172.37,113.804,0.9229
5717,2021-12-01,96.028,118.24,155.21,1549.96,155.02,1.434,0.0558,59.93,40.46,31.12,65.57,196.43,4508.5,4177.0,163.94,22.299,27935.62,15869.75,82.97,131.64,172.07,113.299,0.9195
5718,2021-12-02,96.156,118.236,151.38,1583.24,147.31,1.448,0.0456,60.04,40.75,27.95,66.5,194.05,4575.75,4112.0,163.91,22.28,27753.37,15988.5,82.55,131.31,172.75,112.882,0.9206
5719,2021-12-03,96.117,118.101,149.64,1576.2,156.1,1.341,0.0558,60.4,40.74,30.67,66.26,196.38,4537.5,4068.0,165.72,22.445,28029.57,15717.75,79.14,132.12,172.77,113.022,0.9198
5720,2021-12-06,96.328,118.101,151.64,1601.96,138.88,1.434,0.053,60.15,40.85,27.18,69.49,195.9,4590.0,4144.0,164.09,22.228,27927.37,15842.75,87.89,131.34,172.91,113.042,0.9185
5721,2021-12-07,96.369,118.149,151.66,1619.29,117.92,1.48,0.0684,60.14,41.13,21.89,72.05,196.47,4685.0,4273.0,163.47,22.487,28455.6,16318.0,88.14,131.03,172.53,113.458,0.9255
5722,2021-12-08,95.894,117.817,151.2,1632.38,114.29,1.509,0.06,59.86,41.14,19.9,72.36,196.56,4699.0,4234.0,162.38,22.39,28860.62,16392.25,80.29,130.92,172.86,113.525,0.9244
5723,2021-12-09,96.271,117.456,149.66,1612.92,121.79,1.487,0.06,59.84,40.95,21.58,70.94,195.59,4667.0,4207.0,162.84,21.974,28725.47,16148.75,79.54,131.08,174.19,113.684,0.92
5724,2021-12-10,96.097,117.547,147.34,1614.3101,113.85,1.487,0.06,59.89,41.05,18.69,71.67,196.48,4703.5,4200.0,162.88,22.16,28437.77,16331.5,74.36,131.09,174.24,113.448,0.9238
5725,2021-12-13,96.317,117.547,146.07,1625.05,121.07,1.424,0.058,60.12,41.05,20.31,71.29,196.87,4659.5,4181.0,164.03,22.26,28640.49,16081.5,76.41,131.52,174.68,113.501,0.9211
5726,2021-12-14,96.571,117.888,137.76,1607.63,126.57,1.439,0.0532,59.91,40.97,21.89,70.73,195.11,4628.0,4152.0,163.78,21.887,28432.64,15922.25,78.98,131.3,174.46,113.577,0.9224
5727,2021-12-15,96.511,117.651,141.75,1627.6899,118.61,1.462,0.0507,59.95,41.15,19.29,70.87,194.25,4700.5,4162.0,163.31,21.508,28459.72,16286.25,74.06,131.16,174.32,113.743,0.924
5728,2021-12-16,96.042,117.9,140.29,1624.87,128.97,1.422,0.0456,59.85,40.91,20.57,72.38,197.96,4659.25,4210.0,163.69,22.4,29066.32,15866.75,69.1,131.75,174.05,114.136,0.9244
5729,2021-12-17,96.565,118.082,134.94,1623.61,136.06,1.402,0.0507,59.98,40.86,21.57,70.72,198.7,4610.0,4160.0,164.12,22.485,28545.68,15788.0,72.46,131.83,174.43,113.663,0.9188
5730,2021-12-20,96.551,117.9,131.71,1619.77,138.67,1.419,0.0475,59.77,40.81,22.87,68.61,197.56,4558.5,4090.0,163.53,22.29,27937.81,15621.25,77.02,131.83,174.42,113.518,0.9233
5731,2021-12-21,96.491,117.541,136.33,1636.91,131.41,1.487,0.071,59.82,40.99,21.01,71.12,196.91,4640.75,4155.0,161.94,22.502,28517.59,15980.0,79.52,131.22,173.31,113.662,0.9217
5732,2021-12-22,96.076,117.541,142.04,1651.5601,122.7,1.458,0.07,59.9,41.15,18.63,72.76,198.4,4686.0,4192.0,161.38,22.705,28562.21,16169.75,76.85,130.73,173.14,114.001,0.923
5733,2021-12-23,96.062,117.468,150.26,1650.4,120.46,1.493,0.08,59.83,41.23,17.96,73.79,199.44,4715.75,4249.0,160.47,22.94,28798.37,16299.0,77.29,130.55,172.43,114.121,0.9194
5734,2021-12-24,96.019,,,,,,0.075,,,,,,,4248.0,,22.91,28782.59,,,,172.54,114.458,0.9186
5735,2021-12-27,96.093,117.468,151.87,1660.8199,115.92,1.481,0.071,59.94,41.24,17.68,75.57,199.13,4782.25,4278.0,160.75,22.68,28676.46,16560.0,80.12,130.56,172.41,114.333,0.9188
5736,2021-12-28,96.202,117.546,153.21,1665.78,114.83,1.481,0.0558,59.87,41.24,17.54,75.98,199.36,4778.5,4301.0,160.66,23.111,29069.16,16488.0,77.52,130.61,172.36,114.792,0.9172
5737,2021-12-29,95.929,117.15,156.24,1679.35,109.5,1.543,0.0482,59.64,41.19,16.95,76.56,198.79,4784.5,4266.0,159.38,22.848,28906.88,16490.5,78.0,130.22,171.51,114.773,0.9169
5738,2021-12-30,95.968,117.15,155.27,1683.42,110.84,1.515,0.045,59.83,41.16,17.33,76.99,199.71,4772.25,4288.0,159.88,23.091,28791.71,16430.25,77.62,130.41,171.37,114.948,0.9136
5739,2021-12-31,95.968,117.349,154.38,1685.01,109.67,1.512,0.05,59.74,41.19,17.22,75.21,201.3,,,160.44,23.381,,16320.75,77.1,130.47,,115.063,0.9137
5740,2022-01-03,96.213,117.349,151.49,1675.11,108.45,1.63,0.0684,59.26,41.16,16.6,76.08,198.17,4786.0,4325.0,157.91,22.84,,16485.5,84.08,129.44,170.74,115.142,0.912
5741,2022-01-04,96.262,116.622,150.36,1680.53,109.31,1.668,0.0913,59.32,41.05,16.91,76.99,199.76,4784.25,4347.0,156.81,23.086,29301.79,16275.75,83.11,129.28,170.81,115.328,0.9183
5742,2022-01-05,96.171,116.326,143.41,1649.02,119.31,1.705,0.0925,59.01,40.74,19.73,77.85,200.92,4692.5,4380.0,156.38,23.202,29332.16,15766.5,78.68,128.84,170.75,116.174,0.9162
5743,2022-01-06,96.32,115.905,140.77,1644.4399,117.82,1.733,0.1014,58.94,40.75,19.61,79.46,196.97,4687.5,4310.0,155.94,22.221,28487.87,15759.0,77.73,128.53,170.34,116.128,0.9174
5744,2022-01-07,95.719,115.694,139.14,1634.01,113.86,1.769,0.1,58.73,40.67,18.76,78.9,197.87,4667.75,4288.0,155.12,22.443,28478.56,15581.0,74.69,128.3,170.0,115.865,0.9214
5745,2022-01-10,95.991,115.905,139.24,1627.09,113.02,1.78,0.1014,58.73,40.68,19.4,78.23,198.02,4662.25,4240.0,155.34,22.497,,15608.0,78.12,128.14,169.96,115.618,0.9188
5746,2022-01-11,95.624,115.625,138.09,1628.59,111.61,1.746,0.1192,58.83,40.87,18.41,81.22,200.19,4705.0,4270.0,155.94,22.848,28222.48,15831.0,77.85,128.39,169.79,115.278,0.9272
5747,2022-01-12,94.915,115.915,135.73,1633.21,113.94,1.725,0.12,58.79,40.91,17.62,82.64,201.16,4716.25,4303.0,156.03,23.243,28765.66,15887.25,74.55,128.58,170.22,115.331,0.9235
5748,2022-01-13,94.79,115.915,133.13,1635.84,123.44,1.709,0.1217,58.94,40.82,20.31,82.12,200.51,4652.0,4303.0,156.53,23.199,28489.13,15490.25,72.57,128.72,170.71,114.675,0.9141
5749,2022-01-14,95.165,116.046,133.85,1622.85,117.57,1.772,0.1268,58.54,40.8,19.19,83.82,199.97,4654.75,4257.0,155.34,22.954,28124.28,15595.75,76.59,128.19,170.08,114.118,0.911
5750,2022-01-17,95.258,,,,,,0.1268,,,,84.26,,,4293.0,154.69,23.043,28333.52,15577.75,,127.88,169.65,114.306,0.9145
5751,2022-01-18,95.732,115.562,129.72,1611.92,127.95,1.868,0.175,58.06,40.55,22.79,84.83,199.52,4571.25,4253.0,153.69,23.528,28257.25,15206.0,84.63,127.38,169.57,114.571,0.9139
5752,2022-01-19,95.51,114.909,134.73,1593.8,129.85,1.827,0.1775,58.14,40.52,23.85,85.8,202.89,4524.25,4249.0,154.56,24.267,27467.23,15033.5,80.14,127.67,169.38,114.554,0.9171
5753,2022-01-20,95.735,115.248,127.58,1575.48,135.6,1.834,0.175,58.14,40.44,25.59,85.55,202.82,4474.75,4287.0,154.47,24.752,27772.93,14841.0,80.96,127.7,169.74,114.347,0.9156
5754,2022-01-21,95.642,115.206,136.18,1569.87,149.5,1.747,0.1775,58.46,40.4,28.85,85.14,201.63,4390.0,4214.0,155.94,24.357,27522.26,14426.5,81.03,128.31,170.29,113.993,0.9168
5755,2022-01-24,95.918,115.206,136.06,1562.64,154.38,1.735,0.175,58.3,40.39,29.9,83.31,202.74,4403.75,4057.0,155.91,23.837,27588.37,14501.0,83.77,128.52,170.87,113.785,0.9126
5756,2022-01-25,95.948,115.83,133.9,1557.9,150.8,1.785,0.19,58.17,40.28,31.16,85.6,203.93,4349.0,4074.0,155.25,23.934,27131.34,14140.75,84.57,128.12,170.66,114.011,0.9141
5757,2022-01-26,95.948,115.481,133.38,1543.0,148.55,1.848,0.1953,57.81,40.13,31.96,87.35,201.4,4341.5,4154.0,154.34,23.846,27011.33,14158.5,85.75,127.52,170.35,113.875,0.9177
5758,2022-01-27,97.255,115.053,132.22,1520.71,141.14,1.808,0.2029,57.96,39.96,30.49,86.61,197.33,4317.75,4163.0,155.41,22.714,26170.3,13986.75,85.62,127.66,170.16,114.721,0.9239
5759,2022-01-28,97.27,115.293,132.96,1557.49,132.44,1.78,0.1978,57.99,40.07,27.66,86.82,196.41,4423.25,4127.0,155.75,22.34,26717.34,14433.0,85.29,127.95,170.02,115.352,0.9309
5760,2022-01-31,96.54,115.293,131.44,1574.8101,125.06,1.782,0.2257,58.0,40.01,24.83,88.15,197.49,4504.25,4143.0,155.62,22.432,27001.98,14905.0,85.14,127.97,169.11,115.262,0.9311
5761,2022-02-01,96.385,115.412,133.0,1567.8,117.99,1.798,0.2003,57.94,40.05,21.96,88.2,198.05,4535.0,4205.0,155.31,22.635,27078.48,14994.75,85.22,127.88,168.76,115.121,0.9271
5762,2022-02-02,95.936,115.501,132.05,1589.34,119.61,1.766,0.1978,57.94,40.08,22.09,88.26,199.02,4577.25,4218.0,156.0,22.748,27533.6,15114.5,84.85,128.12,168.66,114.736,0.9209
5763,2022-02-03,95.379,115.077,132.75,1575.09,125.11,1.827,0.2054,57.6,39.77,24.35,90.27,198.33,4469.0,4132.0,154.91,22.417,27241.31,14492.25,85.74,127.64,166.9,114.382,0.919
5764,2022-02-04,95.485,115.077,129.29,1557.29,124.89,1.932,0.2333,57.14,39.59,23.22,92.31,198.74,4492.5,4072.0,153.25,22.517,27439.99,14685.5,87.68,126.77,166.02,114.957,0.9204
5765,2022-02-07,95.399,114.401,126.25,1556.1899,124.13,1.916,0.2257,57.22,39.58,22.86,91.32,200.28,4475.75,4116.0,153.5,23.119,27248.87,14559.75,87.44,126.91,165.6,115.224,0.9251
5766,2022-02-08,95.643,114.116,127.72,1546.63,118.86,1.956,0.27,57.04,39.54,21.44,89.36,200.95,4512.5,4118.0,152.78,23.243,27284.52,14734.5,82.72,126.58,165.18,115.066,0.923
5767,2022-02-09,95.494,114.116,129.78,1582.6801,119.32,1.929,0.279,57.16,39.75,19.96,89.66,201.91,4577.75,4189.0,153.28,23.386,27579.87,15038.25,81.76,126.75,165.86,115.531,0.925
5768,2022-02-10,95.553,113.36,128.11,1556.01,129.1,2.029,0.4085,56.53,39.21,23.91,89.88,201.99,4497.5,4189.0,151.66,23.569,27696.08,14701.0,88.52,125.8,164.94,115.602,0.9242
5769,2022-02-11,96.082,113.797,126.81,1541.0699,141.17,1.953,0.3628,56.89,39.1,27.36,93.1,202.51,4409.5,4145.0,152.66,23.42,,14240.5,94.03,126.39,164.95,116.047,0.9257
5770,2022-02-14,96.374,113.41,128.12,1525.8199,140.59,1.996,0.41,56.48,39.05,28.33,95.46,205.51,4394.0,4052.0,151.75,23.897,27079.59,14253.0,102.28,125.98,165.23,115.584,0.9247
5771,2022-02-15,95.989,113.108,129.76,1537.14,129.05,2.045,0.4125,56.26,39.11,25.7,92.07,204.06,4464.5,4125.0,150.75,23.39,26865.19,14609.5,94.0,125.73,164.54,115.536,0.9245
5772,2022-02-16,95.701,113.108,132.75,1550.42,122.58,2.045,0.3933,56.32,39.31,24.29,93.66,205.74,4470.0,4134.0,150.84,23.654,27460.4,14600.0,92.74,125.81,165.23,115.635,0.9254
5773,2022-02-17,95.8,113.607,131.31,1542.78,134.49,1.974,0.3653,56.38,39.09,28.11,91.76,209.1,4374.5,4104.0,151.97,23.922,27232.87,14164.75,96.17,126.42,165.84,115.387,0.9216
5774,2022-02-18,96.043,113.945,128.36,1532.6801,133.64,1.93,0.3501,56.47,39.17,27.75,90.21,208.85,4343.5,4068.0,153.03,24.038,27122.07,13996.0,94.36,126.67,166.34,114.866,0.9196
5775,2022-02-21,96.078,,,,,,0.345,,,,93.14,,,3976.0,153.97,24.038,26910.87,13648.25,,127.14,166.26,114.961,0.9209
5776,2022-02-22,96.025,113.959,128.33,1523.36,130.69,1.948,0.3525,56.4,39.06,28.81,91.91,209.69,4300.0,3974.0,152.97,24.356,26449.61,13862.75,95.54,126.47,165.7,114.609,0.9157
5777,2022-02-23,96.19,113.806,126.88,1506.29,131.24,1.977,0.355,56.01,39.01,31.02,92.1,210.02,4222.0,3965.0,152.56,24.598,,13507.5,95.15,126.28,165.99,115.096,0.9216
5778,2022-02-24,97.137,113.62,130.48,1513.02,128.5,1.97,0.3196,56.2,39.25,30.32,92.81,211.77,4284.0,3824.0,152.44,24.71,25970.82,13966.5,100.75,126.47,166.93,114.898,0.9174
5779,2022-02-25,96.615,113.627,132.51,1554.67,117.76,1.986,0.3196,56.31,39.49,27.59,91.59,207.51,4380.0,3962.0,152.25,24.017,26476.5,14180.5,93.34,126.25,166.15,115.571,0.9258
5780,2022-02-28,96.707,113.627,137.36,1533.11,123.64,1.839,0.6816,56.83,39.56,30.15,95.72,208.95,4368.0,3927.0,154.59,24.366,26526.82,14228.0,100.4,127.45,167.04,115.585,0.9266
